Feature	Gain	Cover	Frequency
rf_004_022	0.130241583124256	0.00615494224974973	0.00666161998485995
rf_009_015	0.0883132891945128	0.00613976773281147	0.00635881907645723
rf_018_027	0.0860749342043702	0.00409911960683341	0.00378501135503407
rf_008_022	0.0587021290424718	0.00260968848964753	0.00393641180923543
ctrx_quarter_normalizado	0.03179249451084	0.00162690527002032	0.00105980317940954
mcaja_ahorro_rank	0.0283465043454798	0.00143363929784223	0.00151400454201363
mcaja_ahorro_rank_lag2	0.0252842761699289	0.00206223829998932	0.00181680545041635
rf_013_026	0.0238346672786186	0.0053175126715226	0.00287660862982589
mtarjeta_visa_consumo_rank	0.0186294821883514	0.00155840680349842	0.00136260408781226
mprestamos_personales_rank	0.0143586305960295	0.0152512648727307	0.00696442089326268
mpayroll_rank	0.0143040817132333	0.0016094264249357	0.000757002271006813
mpasivos_margen_rank	0.0114066978559645	0.00324212401719014	0.00302800908402725
vm_status01_delta1	0.0112329150573455	0.000500234921495729	0.000302800908402725
vm_status04_tend6	0.0108064881871706	0.0011288687767736	0.000454201362604088
mpayroll_sobre_edad_rank	0.0104957498661633	0.0039967680262869	0.00211960635881908
cdescubierto_preacordado	0.0101887925865575	0.0141970675881416	0.00681302043906132
rf_017_021	0.00984301348611316	0.00199822784430747	0.00105980317940954
rf_007_015	0.00930040770500369	0.00115011712200224	0.00181680545041635
rf_003_018	0.00920696553463366	0.00283580755909794	0.00317940953822861
rf_006_019	0.00873134727651222	0.00319101458191586	0.00499621498864497
vm_status06_tend6	0.00813256397643274	0.000393420799704737	0.000151400454201363
foto_mes	0.00807319074245612	0.0106311914986597	0.00968962906888721
rf_003_019	0.00773563344141061	0.000719634039231352	0.000454201362604088
cdescubierto_preacordado_tend6	0.00744122427134866	0.00157368319881895	0.00060560181680545
Master_status	0.00717616743671013	0.000748751148985401	0.000757002271006813
Visa_msaldototal_rank	0.00661919217738285	0.00166330802461177	0.00272520817562453
mcomisiones_mantenimiento_rank_tend6	0.00656615614047752	0.00356224198034588	0.00302800908402725
rf_016_022	0.00643642884390877	0.0010853760910791	0.00060560181680545
rf_003_028	0.0060592598977431	0.00019393220317794	0.000302800908402725
mcuentas_saldo_rank	0.00593997770669828	0.00509814840691775	0.00333080999242998
mcuenta_corriente_rank_tend6	0.00577611652003812	0.00474776318069232	0.00348221044663134
mcuentas_saldo_rank_delta2	0.00577280134420571	0.00452637073197726	0.00590461771385314
mcuenta_corriente_rank_lag1	0.00548627839698879	0.00353900968767301	0.00302800908402725
vm_status05_delta2	0.00503009303061732	0.00153898288561544	0.00060560181680545
cproductos_delta1	0.0049062652869316	0.00196710399852369	0.000757002271006813
Visa_status	0.00477144455797187	0.000524087867997435	0.00060560181680545
mpasivos_margen_rank_lag1	0.0045203785704524	0.00132228354501	0.00181680545041635
mprestamos_personales_rank_lag1	0.00431127110504012	0.00277729585504866	0.00166540499621499
mcuenta_corriente_rank	0.00427230642346953	0.00973216973582465	0.00635881907645723
mprestamos_personales_rank_tend6	0.00391368553213607	0.00339653947259221	0.00166540499621499
cliente_vip_delta1	0.00377589417074334	0.00510612977386566	0.00257380772142316
mactivos_margen_rank	0.00375285450740821	0.00896416759410512	0.00666161998485995
Master_status_delta2	0.0037216642823347	0.000252921127017861	0.000454201362604088
mcuentas_saldo_rank_tend6	0.00354494737137385	0.00393598014469687	0.00454201362604088
ctrx_quarter_delta1	0.00348776385551325	0.00184892909660445	0.00136260408781226
ctrx_quarter_delta2	0.00346738873047082	0.00260184787572775	0.0036336109008327
rf_001_022	0.00305509428255215	0.000943735648611797	0.00181680545041635
ctarjeta_visa_transacciones_delta2	0.00299409000043334	0.00199379613467868	0.000908402725208176
mcomisiones_rank_lag2	0.00297431186205254	0.00351156820920631	0.00711582134746404
ctarjeta_visa_transacciones_tend6	0.00293632579177295	0.0026941027723892	0.00211960635881908
vm_status04_delta2	0.0029039234229827	0.00150959097233027	0.00060560181680545
ctrx_quarter_normalizado_delta2	0.00283211505944208	0.0017055996177995	0.0024224072672218
thomebanking	0.0028274446790434	0.00390639251767734	0.00651021953065859
Visa_mconsumospesos_rank_tend6	0.00279012589730859	0.00208011125355273	0.0036336109008327
mcomisiones_otras_rank_tend6	0.0027631390801276	0.00194736238094863	0.00287660862982589
Visa_delinquency	0.00260807007057027	0.00493077026787673	0.00393641180923543
rf_010_019	0.00257932339970338	0.00150129860821542	0.00211960635881908
tcallcenter	0.00255839464890405	0.00314960370053277	0.00181680545041635
rf_010_015	0.00255040018563846	0.00123818159994029	0.0012112036336109
Visa_msaldopesos_rank	0.00246737872008555	0.0016419149048399	0.0024224072672218
Visa_mpagospesos_rank	0.00245581212282409	0.00122854873079556	0.0024224072672218
vm_status06_delta2	0.0023211343966264	0.000358286162871551	0.000151400454201363
rf_017_018	0.002257517396023	0.00100965766446626	0.00136260408781226
mprestamos_personales_rank_lag2	0.00223198492374396	0.00331672312210303	0.00227100681302044
mcaja_ahorro_rank_delta2	0.0022085487387104	0.00177580990924455	0.00227100681302044
cpayroll_trx	0.0021362832284111	0.00118026239911421	0.000454201362604088
mttarjeta_visa_debitos_automaticos_rank_tend6	0.00207406975995232	0.00402914926578871	0.00211960635881908
Visa_mpagominimo_rank	0.00207162557350569	0.00344366492691768	0.00469341408024224
cproductos_delta2	0.00206267757061373	0.000393420799704737	0.000151400454201363
mrentabilidad_annual_rank_lag2	0.0020578846025312	0.00524522861879631	0.00757002271006813
ccaja_ahorro	0.00203286677431009	0.00904867839320895	0.00348221044663134
mrentabilidad_annual_rank_delta1	0.00195833254347209	0.00337605923674569	0.00545041635124905
mcuenta_corriente_rank_delta1	0.00195062057152413	0.001336818641049	0.000908402725208176
mcuenta_debitos_automaticos_rank	0.00194113280010084	0.00475992558282843	0.00302800908402725
Master_Fvencimiento_tend6	0.00188088912675966	0.00147591346446456	0.00181680545041635
mtransferencias_recibidas_rank	0.00179366489917118	0.00461783204966103	0.00287660862982589
mcomisiones_mantenimiento_rank	0.00176559360128639	0.00167412321919286	0.00227100681302044
mcuentas_saldo_rank_delta1	0.00175777000484804	0.00313671876618555	0.00302800908402725
rf_009_026	0.00173658586217886	0.00144419979646764	0.000757002271006813
rf_014_025	0.00170725506428373	0.00249103502743262	0.00287660862982589
ccaja_seguridad_lag1	0.00169079020719144	0.000786841599409474	0.000302800908402725
ctrx_quarter_normalizado_delta1	0.00165278853402387	0.00110939660070954	0.000757002271006813
ctrx_quarter_tend6	0.00163763838797306	0.00264330031276677	0.00181680545041635
ccaja_seguridad_lag2	0.00163669224045276	0.00708157439468527	0.00272520817562453
mcomisiones_otras_rank_lag2	0.00163064509604744	0.0028208220533689	0.00545041635124905
vmr_mpagominimo_delta1	0.00161700530900639	0.00164674742547262	0.000757002271006813
mcomisiones_rank_lag1	0.00157108400924438	0.00302323965338599	0.00529901589704769
vmr_mpagominimo	0.00153584903706409	0.00203193886479892	0.00317940953822861
vm_status04_delta1	0.001495969539275	0.000393420799704737	0.000151400454201363
vm_mpagominimo_rank	0.00148347902286612	0.00116743376597825	0.0012112036336109
cproductos_tend6	0.00146741469154409	0.004241804302719	0.00181680545041635
ccomisiones_mantenimiento_delta2	0.00139705480227768	0.000786841599409474	0.000302800908402725
mrentabilidad_annual_rank	0.00131967744042611	0.00256956181208306	0.00378501135503407
Visa_mpagospesos_rank_tend6	0.00129252725763189	0.00185187552666013	0.00378501135503407
internet_lag1	0.00123738236564247	0.000739763062760047	0.000302800908402725
mprestamos_personales_rank_delta2	0.0012353187025331	0.00414864456516237	0.00211960635881908
Visa_mpagominimo_rank_lag2	0.00122539096031967	0.00259616815591615	0.00333080999242998
mrentabilidad_annual_rank_lag1	0.00119829873262992	0.00233940514148265	0.00393641180923543
ctrx_quarter_normalizado_tend6	0.00119491471967255	0.00196282108495322	0.00166540499621499
Visa_cconsumos_tend6	0.00118449373991838	0.00384917708199195	0.0060560181680545
vmr_mpagominimo_lag2	0.00116263769609567	0.0016664810000175	0.00211960635881908
ccomisiones_mantenimiento_delta1	0.00113696051876386	0.0031473663976379	0.0012112036336109
ctarjeta_visa_transacciones_delta1	0.00113522530882141	0.000217975501393889	0.000151400454201363
rf_013_024	0.00111901732663961	0.00130978199510133	0.00257380772142316
mactivos_margen_rank_delta2	0.00110434634276165	0.00424529497781681	0.00726722180166541
mcomisiones_rank_tend6	0.00109346856159755	0.00240841836193602	0.00287660862982589
Visa_fultimo_cierre_tend6	0.00108911324149535	0.000504362336482733	0.000757002271006813
mprestamos_personales_rank_delta1	0.00108314453865394	0.00579043212202444	0.00257380772142316
ccomisiones_mantenimiento_tend6	0.00104318232644525	0.00306561971990568	0.0012112036336109
mcomisiones_otras_rank_lag1	0.00100919966116625	0.00308799006784434	0.00439061317183952
cdescubierto_preacordado_delta2	0.000979320597937362	0.000786841599409474	0.000302800908402725
cproductos	0.00096074235898801	0.00531816817848221	0.00227100681302044
rf_002_026	0.000949563491014148	0.00195399788084654	0.00151400454201363
mcuenta_corriente_rank_lag2	0.000947503827495067	0.00367280951622054	0.00378501135503407
mpasivos_margen_rank_delta1	0.000945465726325043	0.0013464903848396	0.00302800908402725
mrentabilidad_annual_rank_delta2	0.000939060773912022	0.00292041219355386	0.00545041635124905
Visa_delinquency_lag1	0.000916752674493206	0.00305373882382585	0.00181680545041635
rf_012_028	0.000913855535652254	0.000382791935322809	0.000302800908402725
mpasivos_margen_rank_delta2	0.000879230584946483	0.00193005512050783	0.00393641180923543
mcaja_ahorro_dolares_rank	0.000871783941176797	0.00409437555953266	0.00287660862982589
internet_tend6	0.000871233114650482	0.00475980493737574	0.00211960635881908
mcuentas_saldo_rank_lag2	0.000862680528243497	0.00333852509590901	0.00423921271763815
cliente_edad	0.000843121194138459	0.00359176928463908	0.00348221044663134
mactivos_margen_rank_delta1	0.000806744311436551	0.00356562675554633	0.00529901589704769
Visa_mconsumospesos_rank	0.000802972905317702	0.00327772783078378	0.0048448145344436
tcallcenter_delta2	0.0007930858134825	0.00253425156909096	0.00136260408781226
rf_012_027	0.00078005192255071	0.00230923171376505	0.0048448145344436
vmr_mpagominimo_delta2	0.000772274933732442	0.00227230482170691	0.00166540499621499
Visa_mconsumototal_rank_lag1	0.00076987245392543	0.00320819181336876	0.00575321725965178
Visa_mpagominimo_rank_tend6	0.000767513301174704	0.00209117310105931	0.0024224072672218
ctrx_quarter_normalizado_lag2	0.000759210990802372	0.00208762746525527	0.00257380772142316
Visa_fechaalta	0.000746955877274923	0.00298772029160923	0.00348221044663134
mpayroll_rank_delta2	0.000744595478487383	0.00357512959570316	0.00166540499621499
ccajas_consultas_tend6	0.000741201311436115	0.00457283263631294	0.00181680545041635
Master_fechaalta	0.000728813427420298	0.00247723854966509	0.00439061317183952
vm_fechaalta	0.000726795537677554	0.00296243702624064	0.00423921271763815
vm_mpagominimo_rank_lag1	0.000722407587578789	0.00319121699817537	0.0024224072672218
ctarjeta_visa_transacciones	0.000716406885946618	0.0015540407786161	0.0012112036336109
vm_cconsumos_delta2	0.000698774602156647	0.000833134600111391	0.000454201362604088
thomebanking_lag1	0.000694061114883618	0.00252025803708403	0.00499621498864497
internet	0.000693356814782616	0.00286486032461056	0.0012112036336109
mpayroll_rank_tend6	0.00068529012723126	0.0034495738730894	0.00196820590461771
cliente_edad_lag2	0.000676221359947385	0.00281755390210605	0.00272520817562453
cliente_edad_lag1	0.00067362283471669	0.0042376232675308	0.00317940953822861
rf_004_021	0.000668539685188929	0.00326238977223188	0.00151400454201363
ccajas_transacciones_delta1	0.00066461591612223	0.00350766733956936	0.00151400454201363
Master_mpagominimo_rank_lag1	0.000664233159950436	0.000777128299962955	0.0012112036336109
vm_msaldopesos_rank	0.000659182670928098	0.000830283345912834	0.000908402725208176
Master_fechaalta_lag1	0.000649593532367416	0.00304483787042744	0.00469341408024224
vmr_msaldopesos	0.00064874610650477	0.00103610850971588	0.00105980317940954
vm_fultimo_cierre_tend6	0.000648008722291721	0.00144834731903009	0.00196820590461771
Visa_mconsumototal_rank	0.00064076581796369	0.00198584693985148	0.00393641180923543
mactivos_margen_rank_lag1	0.00062719722581463	0.00302599305071737	0.00302800908402725
mrentabilidad_rank_delta1	0.000626503960164444	0.00205644865876527	0.00378501135503407
chomebanking_transacciones_delta2	0.000626153303100659	0.0028515249805733	0.00287660862982589
rf_011_016	0.000622415361921292	0.00105368789267774	0.000908402725208176
rf_017_016	0.000618329568424446	0.0029912766514535	0.00333080999242998
ccallcenter_transacciones_delta2	0.000610303460753452	0.0006096590065799	0.000302800908402725
Master_delinquency	0.000598029599965237	0.00348353690852647	0.00287660862982589
mcuenta_debitos_automaticos_rank_lag1	0.000591001712397996	0.000508764555000863	0.000302800908402725
vm_Fvencimiento_tend6	0.000580698901037786	0.000742401176658854	0.000908402725208176
cprestamos_personales_delta2	0.000576936921810542	0.000393420799704737	0.000151400454201363
mrentabilidad_annual_rank_tend6	0.000574160800050665	0.00306174968188442	0.00393641180923543
rf_014_015	0.000565181489557269	0.00240385126129921	0.00136260408781226
mpasivos_margen_rank_tend6	0.000563498392187286	0.00183725597880425	0.00196820590461771
mpagomiscuentas_rank	0.00056104034515394	0.00391145158366011	0.00211960635881908
vmr_msaldopesos2_tend6	0.000558121447380034	0.00482712107846128	0.00317940953822861
mcomisiones_otras_rank_delta2	0.000555095256683752	0.00271280549856611	0.00454201362604088
mcomisiones_mantenimiento_rank_delta2	0.000547302295014534	0.00185147337515117	0.00105980317940954
Master_msaldopesos_rank	0.000546765397762951	0.00265238223434421	0.00196820590461771
mcaja_ahorro_dolares_rank_delta2	0.000537497276309689	0.00283834647562454	0.00166540499621499
mcomisiones_rank_delta2	0.000537359744112922	0.00244177951061467	0.00469341408024224
mtransferencias_emitidas_rank	0.000531061272259363	0.00201103234835289	0.00181680545041635
Visa_mconsumosdolares_rank_lag2	0.000520395011834241	0.00317329578643089	0.00393641180923543
Visa_fechaalta_lag1	0.000497860874546057	0.00141701301395662	0.00302800908402725
mcomisiones_rank	0.000496503606926167	0.0016476884600036	0.00211960635881908
cdescubierto_preacordado_lag2	0.000490540424636293	0.00430740459736629	0.00272520817562453
ctrx_quarter_lag2	0.000488776648752615	0.00187524723185611	0.00227100681302044
Master_mfinanciacion_limite_rank	0.00048719383848284	0.00321042107323345	0.00408781226343679
mttarjeta_visa_debitos_automaticos_rank_delta2	0.000478088033610026	0.00132530772435741	0.000908402725208176
Master_fechaalta_lag2	0.00047652113309432	0.00290601651003797	0.00469341408024224
mrentabilidad_rank_delta2	0.000476052535517602	0.00211542953957501	0.0036336109008327
vm_status04	0.000474870591775711	0.000614370881759932	0.000757002271006813
rf_015_015	0.00047435722943444	0.00102366192051343	0.00166540499621499
mpasivos_margen_rank_lag2	0.000472247209411935	0.00221458267512023	0.00333080999242998
numero_de_cliente	0.000471151348732682	0.00378521756550123	0.0036336109008327
mrentabilidad_rank_lag1	0.000468922963486398	0.00215220897607986	0.00272520817562453
chomebanking_transacciones	0.000467832655246473	0.00331838936985517	0.00287660862982589
Master_msaldototal_rank	0.000467091651338708	0.00123898456245319	0.0012112036336109
vm_mpagospesos_rank_tend6	0.000466401096322765	0.00179427402552614	0.00151400454201363
mtarjeta_visa_consumo_rank_delta2	0.000466098519146794	0.00132762679805911	0.00196820590461771
mcomisiones_rank_delta1	0.000460597423292309	0.00265918663787589	0.00378501135503407
rf_007_018	0.000456144264565601	0.00277376496479995	0.00227100681302044
Visa_cconsumos_delta1	0.000453457441708568	0.000960313674316338	0.00196820590461771
Visa_cconsumos_delta2	0.000451619927644898	0.00100324468840331	0.00166540499621499
cprestamos_personales_tend6	0.000450620765558687	0.00275394559793316	0.00105980317940954
Visa_fechaalta_lag2	0.000446457189648652	0.00243596842131014	0.00348221044663134
rf_017_017	0.000444119580803777	0.000335262988983342	0.000151400454201363
mcomisiones_mantenimiento_rank_delta1	0.000443329458672913	0.000611440537764612	0.000454201362604088
rf_011_021	0.000438269021005831	0.00100962683285058	0.00166540499621499
Visa_mfinanciacion_limite_rank	0.000435394730712125	0.00187173913019291	0.00272520817562453
ctrx_quarter_normalizado_lag1	0.000434221160875411	0.00200980444574552	0.00166540499621499
chomebanking_transacciones_delta1	0.000429836996287853	0.00259348982686644	0.00196820590461771
Visa_mconsumototal_rank_tend6	0.000427863907937525	0.00160432312228694	0.00317940953822861
mautoservicio_rank_delta2	0.000426411382707824	0.00170678730525597	0.0012112036336109
Master_mlimitecompra_rank	0.000425772965602205	0.00163434373243113	0.00287660862982589
thomebanking_lag2	0.000423892029335988	0.0018724790889694	0.00423921271763815
rf_007_026	0.000423602670423288	0.00063075587474017	0.00166540499621499
vm_fechaalta_tend6	0.000423326158324235	0.00137445466026795	0.00136260408781226
Visa_mpagominimo_rank_lag1	0.000419606945790061	0.0017276267964505	0.00257380772142316
vm_mlimitecompra_rank_tend6	0.000415260829020229	0.00474182340290491	0.00287660862982589
Visa_msaldopesos_rank_tend6	0.000409132106025341	0.00177691448538917	0.0024224072672218
chomebanking_transacciones_lag2	0.000406393805593719	0.00175478006633578	0.00317940953822861
Visa_Fvencimiento_lag2	0.000405829995050091	0.00113179241824377	0.0024224072672218
mcuentas_saldo_rank_lag1	0.000405527734683591	0.00228396453445682	0.00166540499621499
vm_fechaalta_lag2	0.000405455931855674	0.00184693308461496	0.00333080999242998
mrentabilidad_rank	0.00040435227846883	0.00219632231560319	0.00287660862982589
Master_mpagominimo_rank	0.000404075148436179	0.00144223461609383	0.00181680545041635
Visa_mpagospesos_rank_delta2	0.000396925057777652	0.00197800498542668	0.00378501135503407
mcaja_ahorro_rank_tend6	0.000396278077810175	0.00384440086257048	0.00257380772142316
ccallcenter_transacciones_tend6	0.000394355640020375	0.00163361851920997	0.000908402725208176
vm_Fvencimiento_lag2	0.000391025139607101	0.001716792834799	0.00287660862982589
Master_fechaalta_tend6	0.000386475603966174	0.000770774306121319	0.0012112036336109
mcuenta_corriente_rank_delta2	0.000383008749265122	0.00172413075933257	0.00166540499621499
ccomisiones_otras_tend6	0.000381077640065714	0.00044629568010337	0.000908402725208176
mpagomiscuentas_rank_tend6	0.000379772597401187	0.00282745219124669	0.00136260408781226
mrentabilidad_rank_lag2	0.000377201202127121	0.00155206755521211	0.00196820590461771
Visa_cconsumos_lag1	0.000377163269881078	0.00123326596799571	0.00166540499621499
Visa_mconsumospesos_rank_lag1	0.000375533979962513	0.00114244675222126	0.00227100681302044
Visa_Fvencimiento_lag1	0.000374697666476462	0.00210003115829676	0.0036336109008327
vm_fechaalta_lag1	0.000374439734701302	0.00180706914603635	0.00287660862982589
mtransferencias_recibidas_rank_lag2	0.000371027609396533	0.00119251997710744	0.00181680545041635
rf_018_025	0.00036906163529762	0.00181810418344233	0.0012112036336109
ctarjeta_visa_debitos_automaticos_tend6	0.000368889314387303	0.00151803615401852	0.00060560181680545
rf_020_016	0.000368809758323704	0.00217410076372285	0.00151400454201363
Visa_mconsumosdolares_rank	0.000367997209943312	0.00106816802801052	0.00181680545041635
chomebanking_transacciones_lag1	0.000359777934807574	0.00136941168034554	0.00211960635881908
rf_004_023	0.000357486168749904	0.000746399903162989	0.000302800908402725
thomebanking_tend6	0.000356113604644877	0.00371369626013695	0.00181680545041635
Visa_Fvencimiento	0.000354916565397089	0.00206923171473021	0.00272520817562453
Visa_cconsumos_lag2	0.000352036535043212	0.00134373564700319	0.0024224072672218
Visa_delinquency_tend6	0.000351019753058772	0.000641683671743761	0.000454201362604088
cmobile_app_trx_lag2	0.000350503300532411	0.00198442466401478	0.0024224072672218
Visa_mfinanciacion_limite_rank_lag2	0.00034731980971087	0.00143024111759148	0.00302800908402725
cliente_antiguedad_lag1	0.000345762849738686	0.00151120225937619	0.00211960635881908
Visa_mfinanciacion_limite_rank_tend6	0.000342431391312878	0.00327297842146291	0.00348221044663134
Visa_msaldopesos_rank_lag2	0.000342408318172193	0.00149835217815975	0.00257380772142316
vmr_mpagominimo_tend6	0.000340836874767252	0.000861479578968228	0.000908402725208176
vm_status02_delta2	0.000339989868358277	0.000744899878034552	0.0012112036336109
Visa_msaldopesos_rank_delta1	0.000336236526843008	0.000786419340325062	0.0012112036336109
rf_010_017	0.000332208449206042	0.000218002311494486	0.000302800908402725
Master_fultimo_cierre_tend6	0.00033078684918288	0.0015255764948116	0.00227100681302044
Visa_Fvencimiento_tend6	0.000329423414723576	0.00109212553390455	0.0012112036336109
Visa_mconsumototal_rank_delta2	0.000325774339117885	0.00149314565662369	0.00257380772142316
Master_mfinanciacion_limite_rank_tend6	0.00031539774786501	0.00189911090239805	0.00378501135503407
rf_004_019	0.000313391939542846	0.000747484371732163	0.00166540499621499
rf_016_020	0.000312800720326095	0.00105296267945658	0.00227100681302044
mtransferencias_recibidas_rank_delta2	0.000311260485756629	0.00242707282993184	0.0024224072672218
mcaja_ahorro_rank_lag1	0.000311173524142374	0.00175656695954061	0.00136260408781226
Master_Fvencimiento	0.000311028672319609	0.0012925900180931	0.00287660862982589
Master_mfinanciacion_limite_rank_lag2	0.000309947217077311	0.00135182291384846	0.00257380772142316
rf_009_025	0.00030862915488799	0.00120293167967453	0.00136260408781226
mautoservicio_rank	0.000303344312695689	0.00308081568492442	0.00151400454201363
mactivos_margen_rank_lag2	0.000299721107565232	0.00125551030846156	0.00196820590461771
ctarjeta_debito_tend6	0.000299361958352911	0.00472104959645685	0.00181680545041635
rf_020_025	0.000295953252539266	0.00124968581410673	0.0024224072672218
vm_mpagominimo_rank_delta2	0.000295734688477655	0.00155614269050295	0.00151400454201363
Visa_mpagominimo_rank_delta1	0.000290724316704221	0.00142643274280159	0.00151400454201363
cdescubierto_preacordado_lag1	0.000289929855076492	0.00195237855077044	0.0012112036336109
Master_mlimitecompra_rank_tend6	0.000284550229799121	0.00175340336767009	0.00317940953822861
Visa_cconsumos	0.000284394632395492	0.00190184821366907	0.00257380772142316
tcallcenter_delta1	0.000284166926019226	0.00118509491974693	0.00060560181680545
rf_015_025	0.000282827059478401	0.00083269223345153	0.00166540499621499
Visa_mpagospesos_rank_lag1	0.000282598962002739	0.00177395330977817	0.00348221044663134
vm_msaldototal_rank_delta2	0.000280440353783863	0.000464211529827732	0.00105980317940954
vm_status01_tend6	0.000277009962206808	0.000973044450585119	0.000757002271006813
Master_mfinanciacion_limite_rank_delta2	0.000276524639055006	0.00174703596877815	0.00287660862982589
Master_Fvencimiento_lag2	0.000275860213753386	0.00100413612424818	0.00227100681302044
Visa_mlimitecompra_rank_lag1	0.000274327714643895	0.00162107139213028	0.00272520817562453
vmr_msaldopesos_lag2	0.00027234510718593	0.000559424921090133	0.000908402725208176
ccomisiones_otras_delta2	0.000272192759406324	0.00187397509258275	0.00151400454201363
cliente_antiguedad	0.000270540170891804	0.0017219202665383	0.00181680545041635
mcomisiones_otras_rank_delta1	0.00026819756445509	0.00190547830128999	0.00257380772142316
Visa_msaldototal_rank_tend6	0.000265373193888312	0.00127995039616636	0.00211960635881908
cpagomiscuentas_tend6	0.000264798094033964	0.00252362672622413	0.00105980317940954
vmr_msaldototal_delta2	0.000263179540647027	0.000262665258080067	0.000302800908402725
Master_mlimitecompra_rank_lag2	0.000262217708127689	0.000966823166741441	0.00257380772142316
Visa_mconsumospesos_rank_lag2	0.000261138956452611	0.00117393521537317	0.0024224072672218
Visa_mpagospesos_rank_lag2	0.000259922782248898	0.00143975066027346	0.00317940953822861
mcomisiones_otras_rank	0.000258866630353237	0.00133563765611768	0.0024224072672218
Visa_mlimitecompra_rank_tend6	0.000258426879588826	0.00260082641089498	0.00348221044663134
Visa_msaldototal_rank_delta1	0.000255515764417109	0.00117688700744897	0.00136260408781226
mplazo_fijo_dolares_rank_tend6	0.000254688160519828	0.00393420799704737	0.00151400454201363
mcomisiones_mantenimiento_rank_lag1	0.000254612943263628	0.00104526818058506	0.0012112036336109
Visa_mlimitecompra_rank_delta2	0.000253801693491807	0.0012352660015003	0.0024224072672218
rf_009_018	0.000249629613712319	0.000274204325377285	0.000151400454201363
vmr_msaldototal_lag1	0.000249135094467541	0.000631151323723985	0.0012112036336109
Visa_fechaalta_tend6	0.000247264029453548	0.000657430584329775	0.000908402725208176
Visa_fultimo_cierre_lag2	0.00024701444219509	0.00191352133146928	0.00166540499621499
Visa_mpagado_rank_tend6	0.000245372345279521	0.00119074514844788	0.00105980317940954
Visa_mconsumospesos_rank_delta2	0.000244148735447212	0.00108255834950629	0.00227100681302044
cliente_antiguedad_lag2	0.000243875519468022	0.00143190200332351	0.00211960635881908
Visa_msaldopesos_rank_lag1	0.000243138389667802	0.000807685112119097	0.00196820590461771
Visa_mlimitecompra_rank_lag2	0.000243036594889333	0.00122780743151404	0.0024224072672218
Visa_Fvencimiento_delta1	0.00024209265917487	0.000376008979871611	0.000454201362604088
vm_mpagominimo_rank_lag2	0.000237195273931235	0.000839949727683307	0.000908402725208176
mtarjeta_visa_consumo_rank_lag2	0.000232482428653078	0.00182151979025847	0.00181680545041635
Visa_mfinanciacion_limite_rank_delta1	0.00023105415124118	0.00158339515776044	0.0024224072672218
rf_005_019	0.000228243096238515	0.00109680523696387	0.0024224072672218
vm_Fvencimiento_lag1	0.000228019029637652	0.00153230314905155	0.00181680545041635
Visa_msaldototal_rank_lag1	0.000226218385267261	0.000751816883988739	0.0012112036336109
vmr_mpagominimo_lag1	0.000223606239125349	0.00131637996085841	0.00151400454201363
Visa_mlimitecompra_rank	0.000222618825706354	0.00120620921447259	0.00211960635881908
Master_Fvencimiento_delta2	0.000222437722382458	0.000315687594031987	0.000302800908402725
ccaja_ahorro_lag2	0.000220426493136541	0.00550789119586632	0.00211960635881908
mpagomiscuentas_rank_delta2	0.000219733905575832	0.00179877141990139	0.000757002271006813
Master_mfinanciacion_limite_rank_lag1	0.000219384350709088	0.000938336094351436	0.00211960635881908
mttarjeta_visa_debitos_automaticos_rank_delta1	0.000218900855934033	0.00145833140049264	0.00060560181680545
rf_011_024	0.000216120223000341	0.00142771828712525	0.00105980317940954
Visa_mpagospesos_rank_delta1	0.000216004050665185	0.00156063740386815	0.00302800908402725
ccajas_transacciones	0.000209243249813599	0.000779750327801403	0.000757002271006813
mtransferencias_recibidas_rank_tend6	0.000208444547282594	0.00125327568657675	0.00136260408781226
Visa_mfinanciacion_limite_rank_delta2	0.00020738213103122	0.00136523466667243	0.00211960635881908
mcuenta_debitos_automaticos_rank_delta2	0.000207374487614911	0.0021695001504603	0.00105980317940954
Visa_mpagominimo_rank_delta2	0.000205940522456049	0.00179874863131588	0.00181680545041635
Master_mpagospesos_rank_tend6	0.000203729116508212	0.00164051675809373	0.00136260408781226
rf_010_013	0.000202884818234167	0.00109299820267901	0.00166540499621499
vm_cconsumos_lag2	0.000201035858523439	0.00051963202927811	0.00060560181680545
vm_mfinanciacion_limite_rank_delta2	0.000200587052575596	0.00208354160592419	0.00211960635881908
vm_cconsumos_tend6	0.000199071633254173	0.00158846092626836	0.000908402725208176
vm_msaldototal_rank_lag1	0.000198186181119604	0.00096491562808392	0.000908402725208176
vmr_Master_mlimitecompra_tend6	0.000196242948700759	0.00154273495919408	0.000908402725208176
vm_status03	0.00019585564963973	0.000505926705852605	0.000908402725208176
rf_012_016	0.000195706459612848	0.00101395398308703	0.0012112036336109
Visa_mconsumosdolares_rank_delta2	0.000195512507751641	0.000527038319568203	0.00151400454201363
Visa_msaldototal_rank_lag2	0.000194771597266473	0.00127815143841625	0.00166540499621499
mcomisiones_mantenimiento_rank_lag2	0.000194280510871217	0.000575447977712302	0.00105980317940954
cplazo_fijo_lag1	0.000193954116448747	0.00157368319881895	0.00060560181680545
Master_mpagominimo_rank_lag2	0.000193322544530569	0.00138999111356427	0.00151400454201363
vmr_Master_mlimitecompra_lag1	0.000192941369993	0.000627287988227867	0.00136260408781226
Master_mconsumospesos_rank_tend6	0.000192907299530302	0.000800049595468894	0.00105980317940954
ccomisiones_otras_delta1	0.000192797257191239	0.000814523028276521	0.00060560181680545
ccajas_transacciones_lag2	0.000191979007619302	0.00156366560473065	0.00151400454201363
vm_msaldototal_rank	0.000189010452546335	0.000588139879335217	0.000454201362604088
Visa_mfinanciacion_limite_rank_lag1	0.000188924163850564	0.000740513745576781	0.00166540499621499
Master_mfinanciacion_limite_rank_delta1	0.000188775828068942	0.00122864122564262	0.00227100681302044
internet_lag2	0.00018817056133679	0.000460956783615181	0.000454201362604088
Master_msaldopesos_rank_delta2	0.000188065219946965	0.000363625394405568	0.000757002271006813
rf_002_017	0.000188060983525216	0.000870970354579787	0.00166540499621499
mrentabilidad_rank_tend6	0.000188033060510711	0.00214036695464589	0.00166540499621499
Master_mpagospesos_rank_delta2	0.000187843274745756	0.00130687846120661	0.000757002271006813
Master_Fvencimiento_lag1	0.000186701221073835	0.000841897481491724	0.00166540499621499
Master_fultimo_cierre_lag1	0.000186296579365955	0.00117514032939504	0.00166540499621499
vmr_Visa_mlimitecompra_tend6	0.00018518598790814	0.00227575930316892	0.00136260408781226
Visa_mconsumototal_rank_lag2	0.000184793435441967	0.0011343286537603	0.00181680545041635
ccajas_extracciones_tend6	0.000184344546779791	0.00368846929597961	0.00151400454201363
vmr_msaldototal	0.000182874384673768	0.000307959582534722	0.00060560181680545
cmobile_app_trx_tend6	0.000181221899579097	0.00287913134115867	0.00151400454201363
ctarjeta_visa_transacciones_lag2	0.000180450133092505	0.000684696456637558	0.0012112036336109
mcaja_ahorro_dolares_rank_tend6	0.000180163019597094	0.00139671508679416	0.000757002271006813
vm_status06	0.000176024322021209	0.0016871529280833	0.00105980317940954
ctarjeta_debito_transacciones_lag2	0.000175828151804241	0.00180717504593371	0.00151400454201363
vmr_mconsumosdolares	0.000175062380221565	0.000317210407745933	0.000151400454201363
Master_mlimitecompra_rank_lag1	0.00017468029145253	0.00153594664172276	0.00211960635881908
rf_017_020	0.000174119973488773	0.000362973908961046	0.00105980317940954
mtarjeta_visa_consumo_rank_delta1	0.000172541881302535	0.000341504380402469	0.000151400454201363
vmr_msaldopesos_tend6	0.000172524931478745	0.00110704267387707	0.000908402725208176
mpayroll_sobre_edad_rank_tend6	0.000172280884076866	0.00149324217298584	0.000908402725208176
Visa_mlimitecompra_rank_delta1	0.00017196606681703	0.000584111661720424	0.0012112036336109
rf_010_020	0.000167520907615644	0.00115067343158964	0.000757002271006813
mextraccion_autoservicio_rank_lag2	0.000167345953635972	0.000743705488052928	0.00105980317940954
Visa_delinquency_delta2	0.000167105422508961	0.000954994550357769	0.000757002271006813
mactivos_margen_rank_tend6	0.000166882547908042	0.00102220077003086	0.00136260408781226
ccajas_transacciones_tend6	0.000166183136016228	0.00202126174223592	0.00105980317940954
vm_mfinanciacion_limite_rank_tend6	0.000165089307019909	0.000976401075179942	0.00136260408781226
vmr_Master_mlimitecompra	0.000164218097522216	0.0018301794527515	0.00151400454201363
vm_Fvencimiento	0.000163778160515893	0.0012955552152192	0.00136260408781226
mpayroll_rank_lag2	0.000161032294577582	0.00165213223417766	0.000757002271006813
mautoservicio_rank_lag2	0.000159853128951386	0.00082400844186796	0.00136260408781226
vm_fultimo_cierre_lag2	0.000159561228237347	0.00106977127202626	0.00166540499621499
ctransferencias_emitidas_tend6	0.000159533593419487	0.00131470969159117	0.000757002271006813
mcaja_ahorro_dolares_rank_lag1	0.000159502273752407	0.000854738179172956	0.000908402725208176
Master_mlimitecompra_rank_delta2	0.000159335191229811	0.00110612174692154	0.00196820590461771
Visa_mconsumosdolares_rank_lag1	0.000157254621388248	0.000776231502097965	0.00181680545041635
vmr_Master_mlimitecompra_lag2	0.00015617079360843	0.00152033780115483	0.00166540499621499
ccajas_consultas_delta2	0.000155534947692625	0.000196563614551597	0.000151400454201363
Visa_msaldototal_rank_delta2	0.000155428415767971	0.000828047383522992	0.00166540499621499
Visa_mconsumosdolares_rank_delta1	0.000153179964291566	0.0015120239889595	0.00211960635881908
mttarjeta_visa_debitos_automaticos_rank_lag1	0.000152712628286186	0.000631448915840618	0.000908402725208176
rf_018_019	0.00015240331813331	0.000889399617730594	0.000757002271006813
vm_mlimitecompra_rank_delta2	0.000151944022999646	0.00070059082477686	0.00136260408781226
ctransferencias_recibidas_tend6	0.000150469274568052	0.00216695319090352	0.0012112036336109
vmr_msaldopesos2_lag2	0.000149655073193739	0.0016864799945583	0.00136260408781226
mplazo_fijo_dolares_rank_lag1	0.000146591041950346	0.00236052479822842	0.000908402725208176
vm_mlimitecompra_rank	0.000146390133035895	0.000382956817441485	0.00060560181680545
cseguro_accidentes_personales	0.000146201477305157	0.00122664789466319	0.000908402725208176
Master_fultimo_cierre	0.000145231876576226	0.000760964490312648	0.00136260408781226
tcallcenter_tend6	0.000144898406512419	0.00114641598761474	0.00060560181680545
vm_msaldopesos_rank_delta2	0.000144696490288639	0.00104911140850573	0.00105980317940954
vm_cconsumos_delta1	0.00014392326489271	0.000370861440556867	0.000151400454201363
Visa_status_delta2	0.00014327785884606	0.000553482462292669	0.000454201362604088
vm_fultimo_cierre_delta1	0.000143079947728299	0.000265579516015029	0.00060560181680545
ccomisiones_otras_lag2	0.00014307837643606	0.00116322458018442	0.00136260408781226
rf_002_015	0.000142970114469698	0.000751287384501936	0.000908402725208176
rf_014_023	0.000141330512385621	0.000996932250217602	0.000908402725208176
Master_status_delta1	0.000140504871397074	0.000385234335487253	0.000302800908402725
vm_mfinanciacion_limite_rank_delta1	0.000139525407517141	0.00202900986130863	0.00151400454201363
vmr_mconsumototal_lag2	0.000138176082541656	0.000424253755897034	0.000908402725208176
Visa_msaldodolares_rank	0.00013678737632186	0.000664688078561552	0.00060560181680545
rf_004_017	0.000135623983343023	0.0019479535436668	0.000908402725208176
Master_mlimitecompra_rank_delta1	0.000135584247885728	0.000871755890527298	0.00181680545041635
Master_cconsumos_delta2	0.00013477180792381	0.000700428623668244	0.000757002271006813
Master_mpagominimo_rank_tend6	0.000134590630137623	0.000833166772232108	0.00105980317940954
Master_fultimo_cierre_delta1	0.000134449613726142	0.000400205095660966	0.000908402725208176
vm_msaldototal_rank_tend6	0.00013351639368697	0.000779754349316493	0.0012112036336109
Master_mconsumospesos_rank_delta2	0.000131850555710858	0.000457330717509352	0.000302800908402725
ccuenta_debitos_automaticos_tend6	0.000128221445651755	0.000706696825187968	0.000302800908402725
Master_mconsumototal_rank_tend6	0.000126730632670278	0.000366236698203777	0.000908402725208176
vm_mconsumototal_rank_lag1	0.000126578831636941	0.000295329344143182	0.000454201362604088
Master_msaldototal_rank_lag1	0.000125715985357705	0.000683707163925506	0.000908402725208176
mpagomiscuentas_rank_lag1	0.000125070613784338	0.000804325806514215	0.00060560181680545
Visa_mpagosdolares_rank	0.00012090498309427	0.000192570250067581	0.00060560181680545
mextraccion_autoservicio_rank_delta2	0.000120556332547922	0.00237155715462435	0.00136260408781226
Master_msaldototal_rank_delta1	0.000119405592987614	0.000332375541148978	0.000454201362604088
Visa_msaldopesos_rank_delta2	0.000118528781926164	0.00124658656647764	0.00136260408781226
Master_cconsumos_tend6	0.000118378977240645	0.000412363476281988	0.000454201362604088
cmobile_app_trx_lag1	0.000118170488340726	0.00036879974382091	0.000454201362604088
ctrx_quarter_lag1	0.000117162305199634	0.000728616763436585	0.000757002271006813
vmr_msaldopesos2_lag1	0.000113721924902644	0.00110539251218529	0.0012112036336109
vm_status02_tend6	0.000113436091744963	0.000416124933395835	0.000302800908402725
rf_019_023	0.00011316754900711	0.000712163404699824	0.000908402725208176
Visa_mconsumototal_rank_delta1	0.000112643532352991	0.000495094084706135	0.00105980317940954
Master_mconsumototal_rank_lag2	0.000112211795161765	0.000661570063862048	0.000757002271006813
rf_008_018	0.000111324035040898	0.00133135742355727	0.000757002271006813
Master_fultimo_cierre_lag2	0.000111098334320238	0.000638213104221399	0.000908402725208176
Master_msaldototal_rank_tend6	0.000110741108372376	0.000461089493613139	0.000302800908402725
chomebanking_transacciones_tend6	0.00010984482783488	0.00175772247487637	0.00105980317940954
vmr_msaldopesos2	0.000109661012153077	0.000481459808047213	0.000757002271006813
Master_msaldototal_rank_delta2	0.00010922302357671	0.000279965815995714	0.000454201362604088
vm_mconsumototal_rank_lag2	0.000108621295179633	0.000503918629317843	0.000908402725208176
ctransferencias_recibidas_delta2	0.000108329898034075	0.00137803380869773	0.00060560181680545
rf_013_019	0.000108038163050344	0.0017059226795117	0.000908402725208176
vm_mpagominimo_rank_delta1	0.000105319238672171	0.00115244155772406	0.000757002271006813
Master_mconsumospesos_rank_lag2	0.000105012613988042	0.000465923354750891	0.000302800908402725
Visa_fultimo_cierre	0.000104940244914485	0.000351343687321797	0.000757002271006813
vmr_mconsumototal_lag1	0.000104607487413437	0.000424552688518698	0.00060560181680545
mtransferencias_emitidas_rank_delta2	0.000102959624496552	0.00201398548093372	0.000908402725208176
Visa_mpagosdolares_rank_delta2	0.000101548435146309	0.000380722195556673	0.00105980317940954
mcaja_ahorro_dolares_rank_delta1	0.00010075550344288	0.00164113339040748	0.000757002271006813
mcaja_ahorro_dolares_rank_lag2	0.000100731658273022	0.00124306103824906	0.000757002271006813
ctarjeta_debito_transacciones_tend6	0.000100251370288937	0.00261336951645958	0.0012112036336109
vm_fultimo_cierre_lag1	9.99100341114118e-05	0.00065602573505846	0.00105980317940954
mtarjeta_visa_consumo_rank_lag1	9.99054274466032e-05	9.55123238840638e-05	0.000151400454201363
vm_status05	9.95598355422908e-05	0.000204024865547915	0.000302800908402725
vm_mlimitecompra_rank_lag2	9.95179184432805e-05	0.00048793042582645	0.00105980317940954
mttarjeta_visa_debitos_automaticos_rank	9.94954849543618e-05	0.000388478357659565	0.00060560181680545
rf_013_016	9.83043695955264e-05	0.00047540876834233	0.000757002271006813
vmr_mpagado	9.79895368227125e-05	0.00247075988885567	0.00105980317940954
mtransferencias_emitidas_rank_lag1	9.74355077284056e-05	0.000506866399878551	0.000757002271006813
rf_019_021	9.70678860173185e-05	0.000988694846808982	0.00060560181680545
cmobile_app_trx_delta2	9.62857030835324e-05	0.00126478660326834	0.00105980317940954
mtarjeta_master_consumo_rank_delta2	9.57744801542046e-05	0.000176240217793568	0.000151400454201363
ctarjeta_visa_transacciones_lag1	9.46872631335673e-05	0.0011497069274631	0.000908402725208176
cmobile_app_trx	9.46581014940035e-05	0.000622302650021739	0.000454201362604088
vm_mfinanciacion_limite_rank_lag2	9.43891450767537e-05	0.000396841768540994	0.000908402725208176
tcallcenter_lag1	9.32487978323414e-05	0.000480573734222462	0.000302800908402725
rf_018_021	9.29721249154226e-05	0.000781344188281932	0.00060560181680545
ccajas_otras_tend6	9.05177023168693e-05	0.00196710399852369	0.000757002271006813
vmr_Visa_mlimitecompra	8.97593138772151e-05	0.000842665590873846	0.00136260408781226
vmr_msaldopesos_delta2	8.96330522032292e-05	0.000236764019892703	0.00060560181680545
vm_Fvencimiento_delta1	8.95089085677514e-05	0.000142635097199477	0.000151400454201363
thomebanking_delta2	8.9424347672925e-05	0.00114592268176375	0.000757002271006813
vm_msaldototal_rank_delta1	8.90248988480318e-05	0.000653588696914136	0.000454201362604088
Master_madelantodolares_rank_tend6	8.87493776834983e-05	0.000335254945953163	0.00060560181680545
vm_mconsumototal_rank	8.87399418288392e-05	0.000402942406931983	0.000757002271006813
Master_mconsumosdolares_rank_tend6	8.70114722750553e-05	0.000668170710629183	0.000908402725208176
Master_msaldototal_rank_lag2	8.68197884111379e-05	0.000343566077138426	0.000908402725208176
mttarjeta_visa_debitos_automaticos_rank_lag2	8.53164664541884e-05	0.000176120912845909	0.000302800908402725
rf_018_024	8.50500651966752e-05	0.000612201944621584	0.000302800908402725
matm_rank_lag1	8.49023485579088e-05	0.000489064493081729	0.00060560181680545
vmr_Master_mlimitecompra_delta1	8.46403902171099e-05	0.000286460562865488	0.000302800908402725
vm_mfinanciacion_limite_rank_lag1	8.22544598267065e-05	0.000270890596943418	0.00060560181680545
vmr_mconsumospesos	8.18132031831102e-05	0.000432221717794648	0.00060560181680545
Visa_madelantopesos_rank_lag2	8.16925604818885e-05	9.9063321708219e-05	0.000302800908402725
vm_status04_lag1	8.15860407952503e-05	0.000222309354155494	0.000302800908402725
vmr_Visa_mlimitecompra_lag2	8.15085834651208e-05	0.000845370730024146	0.00105980317940954
rf_015_029	8.10695921471342e-05	0.00046491127345333	0.00105980317940954
Master_msaldopesos_rank_tend6	7.97114305488327e-05	0.000477042843973755	0.000302800908402725
rf_016_015	7.9093273564005e-05	0.000658437303607216	0.000757002271006813
rf_014_030	7.86487978052412e-05	0.000217349485544934	0.000302800908402725
mpayroll_rank_lag1	7.86421244671161e-05	0.00152554700370095	0.00060560181680545
mforex_sell_rank_tend6	7.85900429206103e-05	0.00151820639815732	0.00060560181680545
vm_mpagado_rank_delta2	7.85647898618742e-05	0.00162090248849651	0.000757002271006813
mtarjeta_visa_consumo_rank_tend6	7.84262624214269e-05	0.000839148105675438	0.000908402725208176
vmr_mconsumototal	7.79976512675042e-05	0.000455088052594361	0.00060560181680545
active_quarter_lag1	7.78631882271238e-05	0.000510916065573822	0.000454201362604088
Master_msaldopesos_rank_lag1	7.77395637592882e-05	0.000539096162311985	0.000757002271006813
vm_mlimitecompra_rank_lag1	7.74823460120024e-05	0.000311639268841746	0.00060560181680545
Visa_madelantodolares_rank	7.60696370794446e-05	0.000125778246448721	0.000302800908402725
rf_001_017	7.5676552022595e-05	0.00200815562455877	0.000908402725208176
rf_005_013	7.49861928148999e-05	0.000251043079470998	0.000302800908402725
vm_mpagominimo_rank_tend6	7.48657886687966e-05	0.000696066620301011	0.00060560181680545
Visa_fechaalta_delta1	7.47489980122185e-05	0.00035368286859894	0.00060560181680545
mtransferencias_emitidas_rank_delta1	7.43405440763374e-05	0.00177188759152712	0.000757002271006813
ccajas_depositos_tend6	7.37549781332673e-05	0.00196710399852369	0.000757002271006813
vmr_Visa_mlimitecompra_lag1	7.30177311238847e-05	0.000565370060897656	0.000757002271006813
mplazo_fijo_dolares_rank_lag2	7.22040382304961e-05	0.00153766516917107	0.00060560181680545
rf_020_023	7.14875420690884e-05	0.000580867639548112	0.000454201362604088
Visa_mconsumospesos_rank_delta1	7.13012588650978e-05	0.000693900364172723	0.00166540499621499
mtransferencias_emitidas_rank_tend6	7.06522626953447e-05	0.000222976925660375	0.000454201362604088
vm_mconsumospesos_rank_lag1	7.05524328940074e-05	0.00017870406603849	0.000454201362604088
cliente_vip_delta2	6.99277446009806e-05	0.00174643274151471	0.000757002271006813
ctarjeta_master_debitos_automaticos_tend6	6.98999839556383e-05	0.00118026239911421	0.000454201362604088
Master_msaldodolares_rank	6.86846187106024e-05	0.000100562006331626	0.000151400454201363
vm_msaldopesos_rank_tend6	6.85208595848545e-05	0.000404979974577403	0.00060560181680545
vm_mlimitecompra_rank_delta1	6.83650334509928e-05	0.000424390487410082	0.00060560181680545
rf_003_021	6.82211536886254e-05	0.000671379879670719	0.000454201362604088
mpayroll_sobre_edad_rank_delta2	6.7910459088704e-05	0.000393420799704737	0.000151400454201363
rf_019_016	6.77602190056213e-05	0.000344126408240917	0.000454201362604088
mautoservicio_rank_lag1	6.70021611647511e-05	0.000576791163752243	0.000454201362604088
Master_mpagosdolares_rank_lag2	6.67508261108447e-05	0.000196870590203439	0.000454201362604088
mpagomiscuentas_rank_delta1	6.57182802697329e-05	0.000677481858566738	0.000302800908402725
vmr_mconsumospesos_tend6	6.55488957936634e-05	0.000691519627239654	0.00060560181680545
ctarjeta_debito_transacciones_delta1	6.45409314717347e-05	0.00157368319881895	0.00060560181680545
Master_delinquency_lag1	6.44962692651983e-05	0.000153474420871096	0.000151400454201363
vm_msaldopesos_rank_delta1	6.44136250849072e-05	0.000475871242577639	0.000454201362604088
vm_mconsumospesos_rank_tend6	6.39708512721255e-05	0.000222876387783134	0.00060560181680545
rf_001_019	6.37995462894595e-05	0.00069607734434125	0.00060560181680545
ctarjeta_debito_transacciones_delta2	6.3596301465352e-05	0.00136999480003353	0.00060560181680545
Master_delinquency_delta2	6.34171865604201e-05	0.000564240015157466	0.000302800908402725
rf_006_013	6.32914749076646e-05	0.000187371771561701	0.000151400454201363
rf_007_021	6.32771560848335e-05	0.000624598935137926	0.000454201362604088
Visa_fultimo_cierre_delta1	6.21859249951226e-05	0.00055539000095019	0.000757002271006813
rf_008_013	6.21426706774643e-05	0.000302049295857976	0.000454201362604088
Master_delinquency_tend6	6.13642391263353e-05	0.000388800078866737	0.000302800908402725
ctarjeta_master	6.09720862270583e-05	0.000425559407796138	0.000302800908402725
matm_rank_lag2	6.09269482892164e-05	0.000294626919507524	0.000302800908402725
Visa_msaldodolares_rank_tend6	6.05483820002393e-05	0.000624649874329061	0.000302800908402725
vm_msaldototal_rank_lag2	6.04607757355917e-05	0.000338603527517806	0.000454201362604088
Visa_mpagado_rank_delta2	6.02020889093505e-05	0.00128028284141377	0.00060560181680545
mtransferencias_recibidas_rank_lag1	5.94111604483976e-05	0.000956975816791934	0.000757002271006813
vmr_mconsumototal_tend6	5.9368129862346e-05	0.00153726837968223	0.000757002271006813
ccajas_transacciones_delta2	5.90770043662581e-05	0.000457899091642022	0.000302800908402725
Visa_mpagosdolares_rank_lag2	5.89313981818776e-05	0.000259521773784996	0.00060560181680545
vmr_msaldototal_lag2	5.84303710707328e-05	0.000513725764116453	0.00060560181680545
ccomisiones_otras_lag1	5.81054079789737e-05	0.000318487909039409	0.000454201362604088
Visa_delinquency_lag2	5.70953076924297e-05	9.30524971542318e-05	0.000151400454201363
Master_msaldopesos_rank_delta1	5.67797365018937e-05	0.00028147924617445	0.000454201362604088
rf_019_024	5.67024274068812e-05	0.000419860920914114	0.00060560181680545
Master_mconsumototal_rank_delta2	5.63266307014612e-05	0.000164883459180415	0.000151400454201363
ccomisiones_otras	5.58866840426192e-05	0.00108045509711441	0.000454201362604088
Visa_fultimo_cierre_lag1	5.34048420842254e-05	0.000246963922665069	0.000454201362604088
vmr_mconsumospesos_lag1	5.33984045433562e-05	0.000395230481495077	0.00060560181680545
Master_madelantodolares_rank	5.30935566122333e-05	0.000212338677743238	0.000454201362604088
rf_010_018	5.29475595008234e-05	0.000643060370409449	0.000302800908402725
Master_mconsumototal_rank_lag1	5.28348773701143e-05	0.000345386482969005	0.000454201362604088
Visa_mconsumosdolares_rank_tend6	5.24290092751919e-05	0.000518686973232044	0.00105980317940954
rf_014_017	5.16394097592989e-05	0.000675024712846966	0.00060560181680545
Master_cadelantosefectivo_delta2	5.12004590336031e-05	0.000140124331278509	0.000151400454201363
vm_mconsumototal_rank_delta2	5.10349914119492e-05	0.000420399803936126	0.000454201362604088
ctrx_quarter	5.08188687482404e-05	0.000923296968421199	0.000454201362604088
rf_008_019	5.06746814841886e-05	0.000494262971587609	0.000454201362604088
Visa_status_tend6	5.05218138474748e-05	0.000699361581664459	0.000454201362604088
Master_cadelantosefectivo_tend6	5.00385197931104e-05	0.000166253455320953	0.000454201362604088
Master_mconsumospesos_rank_lag1	4.99321800570095e-05	0.000585165298673911	0.000454201362604088
mcuenta_debitos_automaticos_rank_tend6	4.97924322623437e-05	0.000358556944887588	0.000151400454201363
mcaja_ahorro_rank_delta1	4.96889096829304e-05	0.000430466996710533	0.000454201362604088
vmr_mpagospesos_delta2	4.94154193394991e-05	0.000396915496317637	0.000454201362604088
Visa_fultimo_cierre_delta2	4.93730385748323e-05	0.00010739590097396	0.000302800908402725
mpagomiscuentas_rank_lag2	4.91616139301321e-05	0.000138626987160132	0.000302800908402725
mpayroll_sobre_edad_rank_lag2	4.82614834163899e-05	0.000689622812622372	0.000302800908402725
catm_trx_lag2	4.760205225928e-05	0.000405946478703947	0.000302800908402725
rf_005_022	4.64650120369069e-05	0.000249067175056953	0.00060560181680545
Master_mpagosdolares_rank_delta2	4.64435810310581e-05	0.00032863419161058	0.000454201362604088
ccajas_extracciones	4.63237291469487e-05	0.000786841599409474	0.000302800908402725
Visa_madelantopesos_rank	4.6233889013562e-05	0.000196879973738649	0.000454201362604088
vmr_msaldototal_tend6	4.59564094218208e-05	0.000203772850602298	0.000302800908402725
rf_014_024	4.55528017400653e-05	0.000540692703802573	0.000302800908402725
mtransferencias_emitidas_rank_lag2	4.55497294810834e-05	0.000736856847855265	0.000454201362604088
mextraccion_autoservicio_rank_tend6	4.47798679881107e-05	0.000688870789300608	0.000302800908402725
cmobile_app_trx_delta1	4.47416226384737e-05	0.000704096245429999	0.000302800908402725
vmr_msaldopesos_lag1	4.45955179704209e-05	0.000677369256144228	0.00060560181680545
Visa_mpagosdolares_rank_tend6	4.45077096923348e-05	0.000268461601829274	0.000757002271006813
ccajas_consultas	4.40280677375725e-05	0.000786841599409474	0.000302800908402725
Master_madelantopesos_rank_tend6	4.39756881695351e-05	0.000369402971084356	0.00105980317940954
vmr_mpagospesos_lag1	4.38184732794673e-05	0.000134727458028208	0.000302800908402725
vm_fechaalta_delta2	4.36140456770197e-05	0.000122607952053052	0.000302800908402725
rf_019_026	4.30675882945931e-05	9.35096093694213e-05	0.000151400454201363
vmr_mconsumosdolares_delta2	4.30500993086565e-05	0.00107815076896804	0.000454201362604088
Master_mpagosdolares_rank_tend6	4.30480853794631e-05	0.00019494026296041	0.00060560181680545
Visa_mpagado_rank	4.29732514661707e-05	0.000145999764824479	0.000302800908402725
matm_rank	4.27841509869905e-05	0.000470277315087945	0.000454201362604088
vm_mconsumospesos_rank_delta2	4.26731367168051e-05	0.000316707718359727	0.000302800908402725
Master_mpagospesos_rank_lag1	4.21765807904667e-05	0.000559640742399943	0.000302800908402725
rf_013_021	4.21656251811262e-05	0.000383022502187949	0.000302800908402725
vm_fultimo_cierre_delta2	4.21070247368032e-05	9.85606323220136e-05	0.000302800908402725
Master_cadelantosefectivo	4.18914315827214e-05	0.000281721877584858	0.000302800908402725
ccuenta_debitos_automaticos_delta2	4.18099974146639e-05	0.000786841599409474	0.000302800908402725
rf_016_019	4.1694847686357e-05	0.000421541914221585	0.00060560181680545
vmr_mpagospesos_tend6	4.12393832239009e-05	0.000286120074587898	0.000302800908402725
rf_005_017	4.12088247269096e-05	7.07934111330549e-05	0.000151400454201363
Master_fechaalta_delta2	4.10606671748535e-05	0.000416435930562767	0.000454201362604088
rf_006_018	4.10251469382385e-05	0.000626254458849829	0.000454201362604088
mtarjeta_master_consumo_rank_delta1	4.08901661091473e-05	0.000749705588566676	0.000302800908402725
Master_fechaalta_delta1	4.06008873468302e-05	0.000234178185690062	0.00060560181680545
vm_status02_delta1	4.05087640479098e-05	0.000181311348321609	0.000302800908402725
ctarjeta_master_transacciones_tend6	4.02611900291797e-05	0.00111271301015347	0.000454201362604088
mcheques_emitidos_rank_delta2	4.02304177978337e-05	0.00100514820554574	0.000454201362604088
ctransferencias_recibidas_lag2	4.01395937969499e-05	0.00112535531309028	0.000454201362604088
ctarjeta_debito_lag1	3.96684936322518e-05	0.00108701418822562	0.000454201362604088
rf_003_017	3.96240299918256e-05	0.000379356220931224	0.000302800908402725
vmr_Master_mlimitecompra_delta2	3.94417407869941e-05	0.00017520802892056	0.000151400454201363
mtarjeta_visa_descuentos_rank_delta1	3.9104787887404e-05	0.000552723736445757	0.000302800908402725
cextraccion_autoservicio_delta2	3.88859983705216e-05	0.000386711572030182	0.000302800908402725
Visa_fechaalta_delta2	3.88391119477654e-05	9.59091133729086e-05	0.000151400454201363
vm_mconsumototal_rank_delta1	3.84215094920391e-05	0.000128404295802258	0.000302800908402725
Master_cconsumos_lag2	3.83121202493232e-05	0.000309525292409624	0.000302800908402725
cextraccion_autoservicio_tend6	3.81733680430707e-05	0.000482668943584166	0.000302800908402725
Master_mconsumototal_rank_delta1	3.80587705767576e-05	0.000658755003299298	0.000302800908402725
Master_mpagado_rank_tend6	3.79819903019065e-05	0.000179842154808859	0.000302800908402725
vm_status05_tend6	3.78143239742622e-05	0.000750656006632862	0.000302800908402725
Master_msaldopesos_rank_lag2	3.76537794821549e-05	0.000193066236928637	0.000454201362604088
vm_status03_tend6	3.74753847241051e-05	0.000393420799704737	0.000151400454201363
vm_mfinanciacion_limite_rank	3.74388761384662e-05	0.000107613062788801	0.000302800908402725
vm_mconsumototal_rank_tend6	3.70530208185295e-05	0.000847154942218918	0.00060560181680545
vmr_mpagospesos	3.60944263746651e-05	0.000179893093999994	0.000454201362604088
vmr_mconsumototal_delta2	3.59422440668176e-05	0.000135932572050071	0.000302800908402725
tcallcenter_lag2	3.53992877910135e-05	0.000122161563878102	0.000151400454201363
vmr_msaldototal_delta1	3.46123482336376e-05	0.000151837664229611	0.000151400454201363
Visa_cadelantosefectivo_tend6	3.41971844179515e-05	0.000201767455077595	0.000302800908402725
vmr_Visa_mlimitecompra_delta2	3.40909853328453e-05	0.000238792204002913	0.000151400454201363
vm_msaldopesos_rank_lag2	3.34670506257851e-05	0.000388380500792384	0.000302800908402725
vmr_msaldodolares2_tend6	3.31630803844477e-05	0.000271259235826636	0.000151400454201363
vmr_msaldopesos_delta1	3.30199321451457e-05	0.000146044001490465	0.000302800908402725
vm_mconsumosdolares_rank_delta2	3.19256991219503e-05	0.000639705086319657	0.000302800908402725
Master_mconsumosdolares_rank_delta1	3.1919789022311e-05	0.000137122940516605	0.000302800908402725
cforex_sell_tend6	3.18898207079248e-05	0.000786841599409474	0.000302800908402725
vm_status06_lag2	3.16437676504411e-05	9.82107605092146e-05	0.000302800908402725
vm_fultimo_cierre	3.14803208526372e-05	0.00017587962194053	0.000454201362604088
mautoservicio_rank_delta1	3.11630949445168e-05	0.00114656612417809	0.000454201362604088
cpayroll_trx_delta1	3.01774141527258e-05	0.000786841599409474	0.000302800908402725
cseguro_accidentes_personales_lag2	3.01196631300961e-05	0.000288333248392232	0.000151400454201363
vmr_mconsumosdolares_tend6	3.00925119723975e-05	0.000152557515430657	0.000151400454201363
mv_status07_rank_delta2	3.00571878887628e-05	0.000774504931619478	0.000302800908402725
rf_001_013	2.99476531687926e-05	0.00018671358359203	0.000302800908402725
cseguro_accidentes_personales_lag1	2.98335790069156e-05	0.000382411231894323	0.000151400454201363
rf_011_017	2.91903585664083e-05	0.000251718694006058	0.000302800908402725
rf_001_015	2.87306207957903e-05	0.000239824392875922	0.000302800908402725
ctarjeta_debito_transacciones_lag1	2.83476481317789e-05	5.2854772823185e-05	0.000151400454201363
cplazo_fijo_tend6	2.80353932710685e-05	0.000786841599409474	0.000302800908402725
vmr_mpagado_lag2	2.77382073718274e-05	0.000190806145448257	0.000151400454201363
ctarjeta_debito_lag2	2.763160494931e-05	0.000786841599409474	0.000302800908402725
Master_cadelantosefectivo_lag2	2.75579093438226e-05	7.52626549026787e-05	0.000151400454201363
ctarjeta_visa_debitos_automaticos_lag2	2.74522225317019e-05	6.9111077320554e-05	0.000151400454201363
rf_007_016	2.73909566131366e-05	0.000360019435875188	0.000151400454201363
Master_mconsumospesos_rank	2.6586153000505e-05	0.000585201492309718	0.000302800908402725
Visa_mpagosdolares_rank_delta1	2.65269410001414e-05	0.000143769164454756	0.000302800908402725
rf_019_017	2.61518806440464e-05	0.000461565372898747	0.000302800908402725
Visa_madelantopesos_rank_lag1	2.59902710136774e-05	9.6717437905927e-05	0.000302800908402725
vmr_mconsumototal_delta1	2.57815838061978e-05	0.000160247992787086	0.000151400454201363
Master_mconsumospesos_rank_delta1	2.51183771351327e-05	0.000370704601468371	0.000302800908402725
matm_other_rank_tend6	2.49665395601152e-05	0.000786841599409474	0.000302800908402725
vm_cconsumos_lag1	2.47418420119905e-05	0.000303560045026652	0.000151400454201363
matm_rank_tend6	2.45319617703692e-05	0.000644301678067119	0.000302800908402725
Visa_cadelantosefectivo_lag1	2.44464942281996e-05	5.94326310048119e-05	0.000151400454201363
vmr_msaldopesos2_delta2	2.43659260290113e-05	0.000283697781998903	0.000302800908402725
rf_007_025	2.41408127330935e-05	0.00018072956913864	0.000151400454201363
ccajas_consultas_delta1	2.38935069165052e-05	0.000393420799704737	0.000151400454201363
rf_009_019	2.3374554387661e-05	0.000655872917485053	0.000302800908402725
Master_mconsumosdolares_rank_lag2	2.33444016412106e-05	0.000105548685042784	0.000302800908402725
Master_mpagosdolares_rank	2.32412117289784e-05	0.000105954858066838	0.000151400454201363
vm_mpagado_rank	2.30852945856496e-05	0.000372039744478132	0.000151400454201363
vm_mpagospesos_rank_lag2	2.26415273390348e-05	0.000159431625223888	0.000454201362604088
rf_019_015	2.25732615341711e-05	0.00022845288870744	0.000151400454201363
Visa_mpagado_rank_delta1	2.14931591096814e-05	0.000451668424263134	0.000302800908402725
vmr_msaldopesos2_delta1	2.08298965918978e-05	0.000175252265586546	0.000151400454201363
rf_011_026	2.03372609673033e-05	0.000117519394959623	0.000151400454201363
Visa_madelantodolares_rank_lag2	2.02730179360173e-05	5.62744011544118e-05	0.000151400454201363
rf_002_020	2.01936659542536e-05	8.19544560118455e-05	0.000151400454201363
Master_mpagospesos_rank_delta1	2.01711728265552e-05	4.91161042948463e-05	0.000151400454201363
vm_status01_delta2	1.98102623742045e-05	0.000370591999045861	0.000151400454201363
vmr_mpagospesos_lag2	1.97986159202725e-05	0.000101122337434117	0.000302800908402725
mcuenta_debitos_automaticos_rank_lag2	1.96354249142285e-05	0.000185873086938294	0.000151400454201363
mv_status07_rank_delta1	1.94637507227015e-05	0.000316412807253153	0.000151400454201363
Master_mconsumosdolares_rank_lag1	1.9318852619554e-05	0.000118523433227004	0.000151400454201363
Master_mpagado_rank_lag2	1.92988126106746e-05	8.09088620885382e-05	0.000151400454201363
ctarjeta_visa_debitos_automaticos_lag1	1.83967557298779e-05	7.58042189347507e-05	0.000151400454201363
vm_mconsumosdolares_rank_delta1	1.79007465498081e-05	0.000451247505683751	0.000302800908402725
matm_rank_delta1	1.78881079547909e-05	0.000126641531687964	0.000151400454201363
cproductos_lag1	1.77305305781523e-05	4.85892858181031e-05	0.000151400454201363
mtarjeta_master_consumo_rank_tend6	1.76989833874043e-05	0.000303321435131334	0.000151400454201363
rf_003_022	1.7471935450844e-05	0.000372495516188292	0.000151400454201363
Visa_cadelantosefectivo_delta1	1.74713335473226e-05	0.000113090366340896	0.000302800908402725
vmr_mpagospesos_delta1	1.73055935867329e-05	0.000150013236883943	0.000151400454201363
Master_mconsumototal_rank	1.72039442855184e-05	0.000245532263293156	0.000151400454201363
mcheques_depositados_rank_delta2	1.71535512404144e-05	0.000273535413367374	0.000151400454201363
Master_mpagado_rank	1.70039427078764e-05	6.77585077454039e-05	0.000151400454201363
rf_004_016	1.69027222543025e-05	0.000153448951275528	0.000151400454201363
vmr_mconsumospesos_delta1	1.67948829303907e-05	6.385361659336e-05	0.000151400454201363
Master_mpagosdolares_rank_lag1	1.67665910517572e-05	0.000156380635775878	0.000302800908402725
Visa_mpagado_rank_lag1	1.58048598838717e-05	0.000175281756697203	0.000151400454201363
rf_019_020	1.57443592721892e-05	0.000112580974429541	0.000151400454201363
vmr_mconsumosdolares_lag2	1.54558440930908e-05	0.000139428609168001	0.000151400454201363
vmr_mpagado_delta2	1.5446303267285e-05	0.000111965682620825	0.000151400454201363
rf_015_023	1.50413966322256e-05	0.000226690124593146	0.000151400454201363
vm_mpagado_rank_lag1	1.47307565000914e-05	0.000360287536881164	0.000151400454201363
Visa_cadelantosefectivo_lag2	1.45769960053477e-05	4.18425240027111e-05	0.000151400454201363
ccajas_extracciones_delta2	1.45030356450468e-05	0.000382411231894323	0.000151400454201363
rf_003_025	1.41757490540127e-05	0.000348220310602174	0.000151400454201363
ctarjeta_visa_descuentos_delta1	1.41687647668749e-05	0.000214071950746875	0.000151400454201363
Visa_delinquency_delta1	1.41360054954962e-05	8.26019199412782e-05	0.000151400454201363
vm_mpagospesos_rank_delta1	1.3620849164577e-05	0.000169529649613983	0.000151400454201363
Master_madelantodolares_rank_lag2	1.36164200371759e-05	7.73618857794726e-05	0.000151400454201363
rf_005_015	1.3586057348432e-05	0.000180370313790632	0.000151400454201363
Visa_status_delta1	1.30478576962176e-05	0.000127219289355843	0.000151400454201363
rf_009_021	1.30452142848764e-05	8.07077863340561e-05	0.000151400454201363
Master_mpagospesos_rank	1.29058553488429e-05	0.0003335967412312	0.000151400454201363
cforex_tend6	1.2875147927269e-05	0.000322185021911822	0.000151400454201363
vm_status01	1.27658636556998e-05	0.000119790210480242	0.000302800908402725
cseguro_vida_lag2	1.25523497576828e-05	0.000393420799704737	0.000151400454201363
vmr_mpagado_tend6	1.24698676018218e-05	0.00024492233350456	0.000151400454201363
rf_002_024	1.24646173208194e-05	0.000147880493381402	0.000302800908402725
vm_status05_lag2	1.23244482626352e-05	5.54070944000787e-05	0.000151400454201363
Master_madelantodolares_rank_delta1	1.22551155958455e-05	6.64890494821064e-05	0.000151400454201363
rf_012_023	1.21774417734988e-05	0.000261692051428374	0.000151400454201363
Master_cconsumos	1.20384372228146e-05	0.000105401229489497	0.000151400454201363
mv_status07_rank_tend6	1.20114901469514e-05	0.000272456306818319	0.000151400454201363
rf_003_023	1.19784082056437e-05	0.00013751704899539	0.000151400454201363
vm_mpagado_rank_tend6	1.19701442702405e-05	0.000192421454009264	0.000151400454201363
active_quarter_lag2	1.18453316807059e-05	0.00013109468939723	0.000151400454201363
vm_mpagado_rank_delta1	1.17950558447642e-05	0.000393420799704737	0.000151400454201363
mtransferencias_recibidas_rank_delta1	1.17256018320183e-05	0.000373256923045265	0.000151400454201363
vm_msaldodolares_rank_tend6	1.17084686103624e-05	0.00030369945754976	0.000151400454201363
cforex_delta2	1.16421296034693e-05	0.000393420799704737	0.000151400454201363
ccajas_depositos_lag1	1.16111160591422e-05	0.000393420799704737	0.000151400454201363
matm_other_rank_lag2	1.15937153248101e-05	0.000367494091921805	0.000151400454201363
ctransferencias_recibidas_lag1	1.14320618271884e-05	0.000393420799704737	0.000151400454201363
catm_trx_tend6	1.13913013068231e-05	0.000360969853941374	0.000151400454201363
Visa_madelantodolares_rank_tend6	1.12507861368774e-05	4.91951940916093e-05	0.000151400454201363
vm_mconsumosdolares_rank_lag2	1.1245182849457e-05	0.000115681562563656	0.000151400454201363
vmr_mconsumospesos_lag2	1.12450415089966e-05	6.68268567496365e-05	0.000151400454201363
mpayroll_sobre_edad_rank_lag1	1.11747235957786e-05	0.000370180464001687	0.000151400454201363
Master_madelantopesos_rank_lag2	1.10737678970182e-05	6.11538394631793e-05	0.000151400454201363
vm_mpagospesos_rank_delta2	1.09852942845701e-05	0.000226828196611224	0.000151400454201363
rf_007_028	1.09230727665997e-05	0.000372495516188292	0.000151400454201363
rf_006_017	1.09216414358891e-05	0.000362961844415777	0.000151400454201363
Master_mpagominimo_rank_delta2	1.07292543169984e-05	8.40308983031315e-05	0.000151400454201363
ctarjeta_visa	1.05783592415384e-05	0.000143691415163023	0.000151400454201363
mextraccion_autoservicio_rank_lag1	1.05406475383225e-05	0.000200388075401848	0.000151400454201363
rf_011_019	1.03173695999922e-05	0.000187306086815237	0.000151400454201363
ctarjeta_master_transacciones_delta1	1.03090594703898e-05	0.000393420799704737	0.000151400454201363
Master_Fvencimiento_delta1	1.02694052838594e-05	8.71462319925753e-05	0.000302800908402725
cextraccion_autoservicio_lag1	1.01702183230671e-05	0.00033867591478942	0.000151400454201363
Master_mconsumosdolares_rank	1.00352526622204e-05	4.51106752655614e-05	0.000151400454201363
vmr_msaldodolares2_delta1	9.95398327645571e-06	0.000393420799704737	0.000151400454201363
vm_cconsumos	9.8852456185308e-06	0.000393420799704737	0.000151400454201363
Master_cconsumos_delta1	9.8414859225436e-06	4.72152681624748e-05	0.000151400454201363
cpayroll_trx_tend6	9.78836052502824e-06	0.000393420799704737	0.000151400454201363
cpagomiscuentas_delta1	9.74341908489946e-06	0.000393420799704737	0.000151400454201363
mtarjeta_master_consumo_rank_lag2	9.742117373733e-06	4.42286229558996e-05	0.000151400454201363
mautoservicio_rank_tend6	9.63530604312056e-06	0.000194693610034912	0.000151400454201363
ccajeros_propios_descuentos_delta1	9.26912600472898e-06	5.08386532582437e-05	0.000151400454201363
Master_cconsumos_lag1	8.76485495765302e-06	0.000366504799209753	0.000151400454201363
vm_mpagosdolares_rank_delta2	8.36496418527164e-06	0.000393420799704737	0.000151400454201363
Visa_cadelantosefectivo_delta2	8.31561705957419e-06	5.54969082370808e-05	0.000151400454201363
Master_mpagominimo_rank_delta1	8.14624361495524e-06	7.62452450895816e-05	0.000151400454201363
vm_status02	8.14041694066089e-06	0.000101440037126198	0.000151400454201363
vm_status04_lag2	7.98363520739416e-06	4.26280599502214e-05	0.000151400454201363
rf_002_021	7.67506691956885e-06	0.000362640123208606	0.000151400454201363
vm_msaldopesos_rank_lag1	5.61883935260568e-06	4.93989508561513e-05	0.000151400454201363
rf_017_015	4.93368354224808e-06	7.58109214599001e-05	0.000151400454201363
Visa_cadelantosefectivo	4.83920847596076e-06	4.29243115618252e-05	0.000151400454201363
vm_mpagospesos_rank	4.54620349648313e-06	4.45503441630711e-05	0.000151400454201363
Visa_madelantodolares_rank_lag1	4.4745680143884e-06	4.50047753682008e-05	0.000151400454201363
Master_madelantopesos_rank_delta2	3.9136166848531e-06	4.11387588620235e-05	0.000151400454201363
Visa_madelantopesos_rank_delta2	3.8639689521278e-06	4.68144571585404e-05	0.000151400454201363
vm_mconsumospesos_rank	3.13679813863613e-06	6.04219237168642e-05	0.000151400454201363
vm_mpagospesos_rank_lag1	2.06355917242732e-06	4.50289044587386e-05	0.000151400454201363
