Feature	Gain	Cover	Frequency
rf_018_027	0.110359981007929	0.00172393178141226	0.00257213151420264
mcaja_ahorro_rank	0.0726620483386941	0.00411949576686963	0.00268396331916797
rf_009_015	0.0598792573502417	0.00269061099426479	0.00290762692909864
vmr_mconsumospesos	0.0494552495774106	0.00136382594060455	0.00123014985461865
ctrx_quarter_normalizado_lag2	0.0469586440528486	0.00428399322153921	0.00380228136882129
vm_status06	0.0388406542266648	0.000816712412440323	0.000559159024826661
mautoservicio_rank_lag1	0.0314104051247675	0.000873032518914094	0.000782822634757325
rf_013_026	0.0225908030466841	0.00303391467615849	0.00190114068441065
rf_004_022	0.0220347488699029	0.00307035967344606	0.0034667859539253
rf_007_015	0.0211659329809696	0.00190900635226092	0.00201297248937598
mpayroll_rank	0.018581432428973	0.00185967589046567	0.00111831804965332
mcuentas_saldo_rank	0.0180343530003924	0.00506440311591251	0.00357861775889063
mtarjeta_visa_consumo_rank	0.0162795512045293	0.00188492365359311	0.00167747707447998
vm_status04_tend6	0.0156323060345984	0.00239569681764736	0.00123014985461865
mpasivos_margen_rank	0.0145462173706497	0.00363538625319696	0.00335495414895996
rf_017_021	0.014389333318074	0.000700498345710874	0.000559159024826661
rf_009_026	0.0136873258377218	0.00020354937644548	0.000111831804965332
cdescubierto_preacordado	0.0134390617051069	0.0156231960516657	0.00872288078729591
cproductos_delta2	0.0133780259035586	0.00304906867700573	0.00156564526951465
ctrx_quarter_normalizado_delta2	0.0105019897247268	0.00230176887566421	0.00246029970923731
mprestamos_personales_rank	0.0101902379181495	0.0145875747059739	0.00760456273764259
rf_008_022	0.0100110552310188	0.00149718278063462	0.00290762692909864
rf_016_022	0.00952651928598685	0.000361543248360774	0.000223663609930664
rf_010_015	0.0095013795886948	0.00193739014239881	0.00134198165958399
mcuentas_saldo_rank_tend6	0.00851269871434204	0.0056008744852133	0.00402594497875196
rf_013_024	0.00814494784845117	0.00113867463650308	0.00167747707447998
mprestamos_personales_rank_lag1	0.00813990365375701	0.00410015866515683	0.00234846790427198
ccomisiones_mantenimiento_tend6	0.0078360764356407	0.00448467223535421	0.00234846790427198
foto_mes	0.00689873325320226	0.012776604446555	0.0108476850816372
rf_006_019	0.00577497060787031	0.00339393591992901	0.00492059941847461
rf_014_025	0.00504079447349414	0.00405138105242045	0.00369044956385596
mpayroll_sobre_edad_rank	0.00467075125750923	0.00173353651345113	0.00100648624468799
vm_status01_delta2	0.00449385527153213	0.000120267303722132	0.000111831804965332
mactivos_margen_rank	0.00436012995832391	0.0057043515032898	0.00402594497875196
ctarjeta_visa_transacciones_tend6	0.00377946541374095	0.00179402710544282	0.00145381346454932
mpasivos_margen_rank_lag1	0.00376054722202249	0.000997609819057594	0.00134198165958399
rf_003_019	0.0034736174314472	0.000289582337036253	0.000223663609930664
rf_001_022	0.00333938140888672	0.00194999510094105	0.0031312905390293
cproductos_tend6	0.00327409858944417	0.000217790619786123	0.000111831804965332
mrentabilidad_annual_rank_lag2	0.00319147546025916	0.00599439689779281	0.00794005815253858
ctrx_quarter_normalizado_delta1	0.00300097371251232	0.00204471929398483	0.00134198165958399
mcuentas_saldo_rank_delta2	0.00298105968392039	0.00468068505469648	0.00480876761350928
cproductos_delta1	0.00287693669274065	0.000871162479144493	0.000447327219861329
mcuenta_corriente_rank_delta1	0.00287140910747719	0.00299214674424102	0.00223663609930664
Visa_mpagominimo_rank	0.00285999008433133	0.00636448889938605	0.0059270856631626
mprestamos_personales_rank_lag2	0.00282745857136657	0.00741445908991321	0.00402594497875196
mcomisiones_rank_lag2	0.00279907345321069	0.00400803694412574	0.00682174010288526
thomebanking	0.00266917648731693	0.00401900487579031	0.00570342205323194
cpayroll_trx	0.00266830790763839	0.00217790619786123	0.00111831804965332
tcallcenter	0.00263420539539542	0.00228465059097962	0.00134198165958399
ctrx_quarter_delta2	0.00259005921125432	0.00228344322800138	0.00212480429434131
Visa_delinquency	0.00248287109972582	0.00568715826859857	0.00413777678371729
mcuenta_corriente_rank_lag1	0.00232841938046758	0.00471163124456629	0.0034667859539253
mcomisiones_mantenimiento_rank_tend6	0.00224472429440706	0.00205888855563593	0.00156564526951465
ctarjeta_visa_transacciones_delta2	0.00221882513968696	0.00227632668776707	0.00156564526951465
mtarjeta_visa_consumo_rank_tend6	0.00214446406691721	0.0018352540615698	0.00167747707447998
vm_status05_tend6	0.00207016929807883	0.00196011557807511	0.00100648624468799
rf_003_021	0.0020527855258381	0.000195433997508828	0.000111831804965332
vmr_mpagospesos_lag1	0.00204252070995816	0.000567192709150687	0.000782822634757325
ctrx_quarter_normalizado	0.00198000144947174	0.00119913851364092	0.00111831804965332
ctrx_quarter_tend6	0.00197143769857414	0.00262977162501448	0.00201297248937598
Visa_cconsumos_delta1	0.00190624982938249	0.000707738071104617	0.00123014985461865
mcuenta_corriente_rank_lag2	0.00190121121030142	0.00581569085127063	0.00514426302840528
Master_Fvencimiento_tend6	0.00189517959143701	0.00135606675971925	0.00178930887944531
mcuenta_corriente_rank	0.00188814460500406	0.00542842490904728	0.00469693580854395
mpasivos_margen_rank_lag2	0.00187760810656828	0.00280202455017299	0.00380228136882129
ctarjeta_master	0.00187705214155312	0.00127593332935401	0.00123014985461865
internet	0.00186897177029025	0.0017376691529261	0.00123014985461865
mcomisiones_otras_rank_tend6	0.00186836644155877	0.00290900789281749	0.00301945873406397
Visa_mpagospesos_rank_tend6	0.00176740630022997	0.00348658525932365	0.00559159024826661
cliente_vip_delta1	0.00169246104368707	0.00107736924146892	0.000559159024826661
mcomisiones_otras_rank_lag2	0.00165425084029466	0.00330517656008684	0.00559159024826661
Visa_cconsumos_tend6	0.00163170461143711	0.00350517953968354	0.00492059941847461
vm_mconsumototal_rank_lag2	0.00154904306605322	0.000704299275750517	0.00100648624468799
mcomisiones_rank_tend6	0.00154375365848724	0.00169506860806359	0.00201297248937598
ctrx_quarter_normalizado_tend6	0.00151312680150591	0.00161308740030696	0.00123014985461865
mrentabilidad_annual_rank_lag1	0.00147527011304258	0.0023643380317014	0.00290762692909864
cproductos	0.00146700875172927	0.00624321459408957	0.00335495414895996
mrentabilidad_annual_rank_delta1	0.00145721558968726	0.00412220212998064	0.00514426302840528
rf_003_018	0.00145493324299435	0.00138230148828065	0.00156564526951465
mrentabilidad_annual_rank_delta2	0.00144333848005736	0.00353702958210865	0.00547975844330127
vm_fechaalta	0.00139357770802983	0.00366692759064423	0.00480876761350928
mcomisiones_mantenimiento_rank_delta2	0.00137778876382729	0.0042075427306091	0.00268396331916797
mcuentas_saldo_rank_delta1	0.00133605784861045	0.00273473651203465	0.00257213151420264
internet_lag1	0.00132907029953822	0.00113300366669384	0.000894654439722657
Visa_msaldopesos_rank	0.00132129220016126	0.0020735683678273	0.00223663609930664
mcuenta_corriente_rank_tend6	0.0013063398514927	0.00468450824711433	0.0034667859539253
vm_fultimo_cierre_tend6	0.00127231876628493	0.000901089052092306	0.00123014985461865
mcomisiones_otras_rank_delta2	0.00121410162071271	0.00323480295632866	0.00458510400357862
rf_017_018	0.00120913277951319	0.00085937232364472	0.000670990829791993
mcuenta_debitos_automaticos_rank	0.00117936375201933	0.00209459592612549	0.00111831804965332
Visa_fechaalta	0.00116094238531638	0.00316771379543566	0.00357861775889063
mcomisiones_mantenimiento_rank_delta1	0.00115773919174859	0.00148289552837901	0.00100648624468799
cdescubierto_preacordado_lag2	0.00113093497824068	0.00763022531744081	0.00424960858868262
Visa_mconsumospesos_rank_delta2	0.0011223231935426	0.00217669586656591	0.0034667859539253
mcaja_ahorro_dolares_rank	0.00109447972777169	0.00499987932306852	0.0031312905390293
ctrx_quarter_lag1	0.0010819644419721	0.000655191437737363	0.000782822634757325
mcuentas_saldo_rank_lag2	0.00107459351244782	0.00423188812533978	0.00436144039364795
mrentabilidad_rank_lag1	0.00107282855460458	0.00270620133772494	0.00380228136882129
Visa_mconsumototal_rank_lag1	0.0010603379612813	0.00275589764460209	0.00492059941847461
mactivos_margen_rank_delta2	0.00105618768299514	0.00466274677241451	0.0065980764929546
Master_status	0.00100617562873164	0.00109136782488708	0.000782822634757325
mactivos_margen_rank_lag1	0.000990040178652914	0.00233506819891076	0.00201297248937598
mttarjeta_visa_debitos_automaticos_rank_tend6	0.000967281196670846	0.00318518234153741	0.00190114068441065
rf_017_016	0.000954988010412097	0.00273651972852924	0.00268396331916797
mtarjeta_visa_consumo_rank_delta2	0.000941030444872599	0.00208840179042832	0.00223663609930664
Visa_msaldopesos_rank_tend6	0.000934381160005145	0.001558738256384	0.00156564526951465
Visa_fechaalta_lag2	0.000929635780711636	0.00183262710094108	0.0027957951241333
mtransferencias_recibidas_rank	0.00092056044488701	0.00462278580352838	0.00301945873406397
cmobile_app_trx_lag2	0.000910072967956325	0.0027403763145144	0.0031312905390293
mcomisiones_rank_delta2	0.000909306799543388	0.00315763710097874	0.00436144039364795
rf_012_027	0.000904098242417052	0.00208003707285572	0.0034667859539253
mcuenta_debitos_automaticos_rank_lag2	0.000899498224327985	0.000896295219984518	0.000670990829791993
vmr_mpagominimo_delta1	0.000882961625339869	0.00124093761288788	0.000894654439722657
Visa_msaldototal_rank_delta1	0.000879972348718513	0.00120541873053383	0.00156564526951465
vmr_mpagominimo	0.000872960871589348	0.00115013456672608	0.00123014985461865
vm_status01	0.000866955568363279	0.000495729733018786	0.000335495414895996
internet_tend6	0.00086375544548315	0.00279276562707564	0.00156564526951465
cliente_edad_lag2	0.000852629994489908	0.00312345396131727	0.00257213151420264
Visa_mconsumospesos_rank	0.000849774897878019	0.00345575186550344	0.00503243122343995
ctrx_quarter_lag2	0.000835783243189931	0.00336544007582079	0.00324312234399463
mprestamos_personales_rank_tend6	0.000832037701222055	0.00245755728797821	0.00134198165958399
mcomisiones_mantenimiento_rank	0.000827485064403467	0.00360180122943004	0.00290762692909864
mactivos_margen_rank_delta1	0.000823905546515885	0.00438262297780021	0.00514426302840528
Visa_delinquency_lag1	0.000821917796812158	0.00340972439855521	0.00223663609930664
rf_015_015	0.00081358644986066	0.000956121651026292	0.00145381346454932
tcallcenter_tend6	0.000792381708247882	0.00194171869080202	0.00111831804965332
Visa_msaldototal_rank	0.000787479932146596	0.00231080591705873	0.00268396331916797
mpasivos_margen_rank_delta2	0.000781366732150701	0.00307287086970809	0.00469693580854395
thomebanking_lag2	0.000781150139274471	0.00358035884881788	0.0062625810780586
mcuentas_saldo_rank_lag1	0.000777828783410027	0.00422515375593139	0.00335495414895996
Visa_mpagospesos_rank	0.000776925982963188	0.00159001244529277	0.00234846790427198
Visa_mconsumototal_rank_lag2	0.000774917814748559	0.00317684508089794	0.00492059941847461
mcomisiones_otras_rank_lag1	0.000768762286557146	0.00392373896487677	0.00469693580854395
vm_fechaalta_tend6	0.000764538111768483	0.00140370157037421	0.00111831804965332
rf_009_025	0.000759768351241279	0.00282913864267366	0.00212480429434131
mttarjeta_visa_debitos_automaticos_rank_delta2	0.000753450478558135	0.000768216789827931	0.000559159024826661
Visa_msaldototal_rank_lag1	0.000751149062600228	0.00130634967462243	0.00178930887944531
mprestamos_personales_rank_delta2	0.000746544447844919	0.00280461885931368	0.00156564526951465
mactivos_margen_rank_lag2	0.000744209605696738	0.0023703763307511	0.0027957951241333
mrentabilidad_rank_lag2	0.000736806878725384	0.00356107888720915	0.00447327219861329
Visa_mpagominimo_rank_lag2	0.000719279545129014	0.00240714932707762	0.00324312234399463
vmr_mconsumototal_delta2	0.00071907837433582	0.00052157561204079	0.000447327219861329
vm_status04	0.000718736101551756	0.00147749541750465	0.00100648624468799
Master_fechaalta	0.000711135991802246	0.00390790002485995	0.00536792663833594
ctarjeta_visa_debitos_automaticos_tend6	0.000710532222409881	0.000883553718855924	0.000559159024826661
Master_fechaalta_lag1	0.00070423563478411	0.00295040775341523	0.00436144039364795
mcomisiones_rank_delta1	0.000701752579966566	0.00306040171167293	0.00391411317378663
rf_004_019	0.000699860038690851	0.00174931386088823	0.00290762692909864
mcomisiones_otras_rank_delta1	0.000681288390332745	0.00315517265571095	0.00369044956385596
Visa_mconsumototal_rank_tend6	0.000678613944792026	0.00287721870089281	0.00469693580854395
Visa_mpagominimo_rank_lag1	0.000675339541834462	0.00172131892028974	0.00223663609930664
Master_msaldototal_rank	0.000672137100017667	0.00212995155103933	0.00257213151420264
cliente_edad	0.000671880708077036	0.00272363352194228	0.00301945873406397
Master_delinquency	0.000660913450601756	0.00388413642027981	0.00290762692909864
vm_mpagominimo_rank	0.000657686678984196	0.00127781078991635	0.00100648624468799
rf_011_021	0.000654432768598929	0.00251701564770025	0.00246029970923731
Visa_mconsumototal_rank	0.000641995366505576	0.00287970244022172	0.00380228136882129
Visa_Fvencimiento_tend6	0.000632960990453947	0.00117620381160945	0.00145381346454932
rf_014_023	0.000628258254121627	0.00114926633397591	0.000894654439722657
chomebanking_transacciones	0.000628134695822152	0.00277592636419795	0.00257213151420264
mpagomiscuentas_rank	0.000625058839153005	0.0023499179472558	0.00123014985461865
ccajas_consultas_tend6	0.000618476950103601	0.00281410114827239	0.00145381346454932
Visa_mpagospesos_rank_lag1	0.000616356673736362	0.0018047724133253	0.00268396331916797
mpasivos_margen_rank_delta1	0.000607476185441308	0.0015176752997765	0.00234846790427198
chomebanking_transacciones_delta1	0.000604128674058957	0.00264752735579514	0.00246029970923731
vmr_mpagominimo_lag2	0.000603124055900745	0.00238217242288506	0.00212480429434131
mrentabilidad_rank_delta2	0.000601385427408331	0.00385472410826864	0.00514426302840528
vm_cconsumos_delta2	0.000597441336973669	0.000217790619786123	0.000111831804965332
Visa_mpagominimo_rank_delta1	0.000595927990440967	0.00237813105916075	0.00201297248937598
chomebanking_transacciones_delta2	0.000592149697036285	0.00420451727341042	0.00447327219861329
mcaja_ahorro_rank_lag1	0.000590144695836903	0.00132175820866053	0.00111831804965332
mcaja_ahorro_rank_tend6	0.000588199060185653	0.00490177570101253	0.00357861775889063
mcomisiones_rank_lag1	0.000581516080522486	0.00191631583310638	0.00290762692909864
thomebanking_lag1	0.000578397425580901	0.00203851773749492	0.0034667859539253
cliente_edad_lag1	0.000559791429137751	0.00331554934417394	0.0027957951241333
Visa_mpagospesos_rank_lag2	0.000559660817439664	0.00256524263761558	0.00424960858868262
chomebanking_transacciones_lag2	0.000558414591473283	0.00308376310928675	0.00380228136882129
Visa_msaldopesos_rank_lag2	0.00055760808324146	0.00161622268523813	0.00246029970923731
vm_mconsumospesos_rank_tend6	0.000554402901912426	0.000482822748212167	0.000559159024826661
vm_fechaalta_lag1	0.000550657851999746	0.00251262699087588	0.0034667859539253
mprestamos_personales_rank_delta1	0.000547222996922215	0.00430840837172161	0.00246029970923731
Master_mfinanciacion_limite_rank	0.000546931243829814	0.00365375419937837	0.00447327219861329
mrentabilidad_rank	0.000535620105785182	0.00370365012558015	0.00380228136882129
rf_011_017	0.000531236812090802	0.0014864782871122	0.00111831804965332
Master_mfinanciacion_limite_rank_lag1	0.000515719761184329	0.00215234156688394	0.00369044956385596
tcallcenter_delta2	0.000515629479791175	0.00156815969484228	0.00111831804965332
Visa_cconsumos	0.000511573058768189	0.00294915363944276	0.00380228136882129
Visa_msaldopesos_rank_delta1	0.000504522565711853	0.00138083588171519	0.00178930887944531
Visa_Fvencimiento_lag1	0.000500937351121054	0.00237069468275949	0.0031312905390293
Master_mlimitecompra_rank_lag1	0.000500474859938091	0.003423420955709	0.00424960858868262
rf_016_020	0.000499363356254351	0.00165038430460067	0.00234846790427198
vm_mpagospesos_rank	0.000494706260167583	0.000215408545317702	0.000335495414895996
Master_mfinanciacion_limite_rank_delta1	0.000492054931509357	0.00279605378033719	0.00458510400357862
Master_mfinanciacion_limite_rank_tend6	0.000487203502981661	0.00378814623999519	0.00480876761350928
mcomisiones_rank	0.000486913233952029	0.00253643215189534	0.00402594497875196
Visa_mconsumospesos_rank_lag1	0.000483602785108595	0.00164432522733131	0.0027957951241333
mcomisiones_otras_rank	0.000482667766563171	0.00161308591614841	0.00257213151420264
Visa_madelantodolares_rank_lag2	0.000473780445712179	0.000477318004160221	0.00100648624468799
rf_007_026	0.000471804943626755	0.00101103180688013	0.00123014985461865
Visa_delinquency_tend6	0.000469825786867176	0.00132264647755109	0.000894654439722657
mrentabilidad_rank_tend6	0.000467839705696293	0.00307884312370244	0.0031312905390293
Visa_cconsumos_lag1	0.000461160535107317	0.00218397789047825	0.0031312905390293
Visa_msaldototal_rank_tend6	0.000452710868320504	0.0021530777095234	0.00268396331916797
rf_007_018	0.000452618770977276	0.00161688165163314	0.00111831804965332
mrentabilidad_annual_rank	0.000445586514134462	0.00309125662579208	0.00301945873406397
Visa_mconsumospesos_rank_tend6	0.000445204054796486	0.0024049869080742	0.00391411317378663
Visa_mpagominimo_rank_delta2	0.000440419668506804	0.00168133420486685	0.00156564526951465
mtransferencias_emitidas_rank	0.000439119439178973	0.00207951984360198	0.00167747707447998
Visa_mconsumosdolares_rank	0.000437304042463624	0.00189522668222848	0.00290762692909864
Visa_fechaalta_lag1	0.000435249121328128	0.00188489990705635	0.00246029970923731
Visa_mfinanciacion_limite_rank	0.000433829789736474	0.00261577823615124	0.0031312905390293
Master_msaldopesos_rank	0.000432865875395232	0.00143085796139348	0.00156564526951465
mcomisiones_mantenimiento_rank_lag1	0.00043205564342055	0.0024632156424398	0.00246029970923731
Master_mlimitecompra_rank_tend6	0.000427101756655464	0.00315041221717047	0.00380228136882129
rf_010_019	0.000426458960243172	0.0028432871261051	0.00234846790427198
mrentabilidad_rank_delta1	0.000424416317226314	0.00197395090405307	0.00257213151420264
Visa_mlimitecompra_rank_lag2	0.000420413764502713	0.00280907504535195	0.00335495414895996
vm_mpagominimo_rank_lag1	0.000411672409522138	0.00238489436966081	0.00234846790427198
numero_de_cliente	0.000409207439479523	0.00303413952617841	0.00268396331916797
chomebanking_transacciones_lag1	0.000404817941029874	0.00180803830420864	0.00223663609930664
rf_007_021	0.00040280976536576	0.00067269931404062	0.000447327219861329
vm_msaldopesos_rank	0.000400956055344649	0.000357386862349053	0.000447327219861329
Master_Fvencimiento	0.00039707352846068	0.00238966964978676	0.0031312905390293
Visa_mpagospesos_rank_delta2	0.000396277733150948	0.00226857344351596	0.00391411317378663
vmr_msaldopesos2_tend6	0.000395372940336174	0.00264934396585704	0.00190114068441065
Visa_mfinanciacion_limite_rank_tend6	0.000393056516998539	0.00257999962605141	0.00301945873406397
Visa_mpagospesos_rank_delta1	0.000389810968615465	0.00169094635769846	0.0027957951241333
Master_mlimitecompra_rank_lag2	0.000388532611596682	0.00182626228701097	0.00301945873406397
mcaja_ahorro_dolares_rank_delta2	0.000388378798129305	0.00215881695062582	0.00123014985461865
Visa_mpagominimo_rank_tend6	0.000388141399114239	0.00175197792548064	0.00178930887944531
vm_mpagominimo_rank_delta2	0.000387553257081023	0.00127983666633341	0.00123014985461865
Master_msaldototal_rank_lag1	0.000384460227685551	0.000531743582248361	0.000782822634757325
Visa_msaldopesos_rank_delta2	0.000383935230710847	0.00138922434582454	0.00201297248937598
mttarjeta_visa_debitos_automaticos_rank	0.000383625913475375	0.000956911965452731	0.00123014985461865
Master_Fvencimiento_lag2	0.000383322595418485	0.00234936361403838	0.00357861775889063
Visa_fechaalta_tend6	0.000379455578434747	0.00265143662940874	0.00212480429434131
Master_fechaalta_lag2	0.000377365816576847	0.00214906083441513	0.0034667859539253
cliente_antiguedad	0.00037338745454211	0.00232227623639156	0.00257213151420264
Master_mpagominimo_rank	0.000371573298469015	0.00158344059124531	0.00178930887944531
mtransferencias_recibidas_rank_delta2	0.000366330816060618	0.00207711031220044	0.00212480429434131
Visa_mlimitecompra_rank_tend6	0.000365541791177618	0.00301977583975761	0.00324312234399463
Visa_madelantopesos_rank_lag1	0.000365467536201263	0.000148805446348943	0.000223663609930664
mpayroll_rank_tend6	0.000364206729606729	0.00126635308593117	0.000782822634757325
Master_mfinanciacion_limite_rank_lag2	0.000358791045085692	0.00203902754595592	0.00301945873406397
vm_fechaalta_lag2	0.000356950392852775	0.00164542573089414	0.00246029970923731
ccomisiones_mantenimiento_delta2	0.000356514893630928	0.00065337185935837	0.000335495414895996
cmobile_app_trx_delta2	0.000355011062797735	0.00141485427977791	0.00134198165958399
ccajas_transacciones_tend6	0.000353585293787676	0.00191029757019707	0.00111831804965332
Master_Fvencimiento_lag1	0.000353437963046255	0.00195916423244629	0.00335495414895996
Master_mlimitecompra_rank_delta2	0.000352768350037116	0.00240007285912408	0.00357861775889063
rf_012_016	0.000351811218951375	0.00119103203965555	0.00111831804965332
mrentabilidad_annual_rank_tend6	0.000350207663109454	0.00343709525048457	0.00290762692909864
mautoservicio_rank_delta2	0.000345597061581354	0.00226328687077047	0.00156564526951465
rf_012_028	0.000345080817924342	0.000200092771188811	0.000223663609930664
Visa_mconsumototal_rank_delta1	0.000343763330798297	0.00156099937193082	0.00290762692909864
rf_011_024	0.000343393825923095	0.00170923935387324	0.00156564526951465
vm_Fvencimiento_lag1	0.000341607842541094	0.00171438270531892	0.00246029970923731
ccallcenter_transacciones_tend6	0.00033839732210945	0.0020639955451972	0.00134198165958399
Visa_mfinanciacion_limite_rank_lag2	0.000335715472968374	0.00137308412162263	0.00223663609930664
rf_020_025	0.000334783315202496	0.00132062876400603	0.00201297248937598
ctrx_quarter_delta1	0.00033463272606347	0.00108701924034348	0.000894654439722657
Visa_msaldototal_rank_lag2	0.000332208283043457	0.00129578320784491	0.00167747707447998
Visa_mconsumosdolares_rank_lag2	0.000330520909534908	0.00296988510811075	0.0031312905390293
Visa_mlimitecompra_rank_lag1	0.000319843832612978	0.00121545609478924	0.00212480429434131
Visa_mlimitecompra_rank_delta2	0.000318442047345112	0.00234914395857338	0.00357861775889063
Master_mpagominimo_rank_lag2	0.000317083708323603	0.00176561808460963	0.00156564526951465
vmr_mpagominimo_lag1	0.00031486863119507	0.00106431384080757	0.00111831804965332
ctarjeta_visa_transacciones_delta1	0.000314795812847768	0.000217790619786123	0.000111831804965332
vm_msaldopesos_rank_lag2	0.000312620532404356	0.00166088546840211	0.00145381346454932
rf_018_019	0.000310176947019792	0.000712261786356796	0.000559159024826661
Visa_Fvencimiento_lag2	0.000306948584929996	0.00220222265150024	0.00301945873406397
mtransferencias_recibidas_rank_lag2	0.000305082017182638	0.00179431651635955	0.00234846790427198
Visa_Fvencimiento	0.000302540009849714	0.00239725741035984	0.0031312905390293
mcaja_ahorro_rank_delta2	0.000300428918487481	0.00221798960982751	0.00201297248937598
Master_mfinanciacion_limite_rank_delta2	0.000299349394139124	0.00128888558099632	0.00178930887944531
ctrx_quarter	0.000294120619821498	0.00226418627085013	0.00178930887944531
Visa_mfinanciacion_limite_rank_lag1	0.000293230560212486	0.00164636891365095	0.00223663609930664
Master_delinquency_tend6	0.000291266516634625	0.000890520359076963	0.000670990829791993
cproductos_lag2	0.000290056951007723	0.000718263723522088	0.000447327219861329
vmr_Master_mlimitecompra_tend6	0.000289588693464347	0.00169133075476221	0.00123014985461865
Master_mpagospesos_rank_tend6	0.000289103768411811	0.00139372505661924	0.00123014985461865
Visa_mconsumosdolares_rank_delta2	0.000288952095182043	0.00104015619213312	0.00190114068441065
vm_Fvencimiento	0.000287379695698004	0.00146854223106804	0.00234846790427198
cliente_antiguedad_lag2	0.00028685098279536	0.00201560307160384	0.00201297248937598
rf_020_016	0.000286758217026535	0.00192630867260537	0.00134198165958399
mtarjeta_visa_consumo_rank_lag1	0.000286619462321191	0.000414855707538437	0.000559159024826661
thomebanking_tend6	0.000282856545337632	0.00231782672906675	0.00134198165958399
Visa_mconsumospesos_rank_lag2	0.000281386335858889	0.00243039792864184	0.00380228136882129
cprestamos_personales_tend6	0.000278880024561287	0.000435581239572246	0.000223663609930664
matm_rank_lag2	0.000270765703514841	0.00220928650410613	0.00167747707447998
mpayroll_rank_lag2	0.000269479593538728	0.00261348743743348	0.00134198165958399
ctarjeta_visa_transacciones	0.000267948739358181	0.00148514180234035	0.00111831804965332
vm_mlimitecompra_rank_tend6	0.00026566249500089	0.00305082666280501	0.00234846790427198
Master_mlimitecompra_rank	0.000263957534682839	0.00166944164242732	0.0027957951241333
vm_mconsumospesos_rank_lag1	0.000263701676105741	0.000415505026902882	0.000447327219861329
mcaja_ahorro_dolares_rank_lag1	0.000263694341850933	0.00147496789549859	0.00123014985461865
mautoservicio_rank_delta1	0.000260898544167356	0.00138315858984172	0.000782822634757325
Visa_mfinanciacion_limite_rank_delta1	0.000258987196511693	0.00156327458698383	0.00290762692909864
vmr_mconsumospesos_lag1	0.000258513958023167	0.000367044282016352	0.000559159024826661
ccajas_transacciones	0.000258415992466125	0.00130103341870599	0.000782822634757325
mpasivos_margen_rank_tend6	0.000257867634614159	0.00245331111037438	0.00190114068441065
vmr_msaldototal_lag1	0.000257535636469058	0.000860201226193388	0.000782822634757325
Visa_mconsumosdolares_rank_lag1	0.000257022912449449	0.000494069701683627	0.00100648624468799
Master_fechaalta_delta2	0.000253484868259179	0.000556429591365648	0.000670990829791993
cpagomiscuentas_tend6	0.00025323357400025	0.00108895309893062	0.000559159024826661
vm_Fvencimiento_lag2	0.000250103770464878	0.00114775471849548	0.00190114068441065
cdescubierto_preacordado_lag1	0.000247902007732337	0.00380085286339792	0.00212480429434131
vmr_msaldototal_delta2	0.000247880313160509	0.00104417677763777	0.000894654439722657
mcuenta_corriente_rank_delta2	0.000246982540029454	0.00205825704617405	0.00134198165958399
vmr_msaldopesos_tend6	0.000245120208715335	0.00102002654975605	0.000894654439722657
mtarjeta_visa_consumo_rank_lag2	0.000244373458055865	0.0021681990588826	0.00212480429434131
Master_fultimo_cierre_tend6	0.000242873948854358	0.00103062789425944	0.00167747707447998
vm_mfinanciacion_limite_rank_delta1	0.000242642835945661	0.00218317199238706	0.00223663609930664
Visa_mlimitecompra_rank_delta1	0.000242629358088123	0.00218694249717648	0.0031312905390293
cliente_antiguedad_lag1	0.000242235951657108	0.00182550536615184	0.00190114068441065
Visa_cconsumos_lag2	0.000236540213921519	0.00116530934579297	0.00145381346454932
mtransferencias_recibidas_rank_lag1	0.000236145956214766	0.00189366386327817	0.00156564526951465
mttarjeta_visa_debitos_automaticos_rank_lag1	0.000233756188709119	0.00104631173970806	0.000670990829791993
Visa_fechaalta_delta2	0.00023320600822801	0.000178117577658173	0.000223663609930664
Master_fultimo_cierre_lag1	0.000232976469946562	0.00168291631787828	0.00190114068441065
vmr_mconsumospesos_lag2	0.000229647846548375	0.000633369112537097	0.000670990829791993
rf_015_025	0.000227843094854894	0.00109449568902552	0.00178930887944531
mautoservicio_rank_lag2	0.000226429024355864	0.00106647625981099	0.00100648624468799
mttarjeta_visa_debitos_automaticos_rank_delta1	0.000225526388180538	0.00129676868912032	0.000782822634757325
mactivos_margen_rank_tend6	0.000225393268823381	0.0016849095428073	0.00145381346454932
vm_mpagominimo_rank_lag2	0.000224866626399903	0.00134748090252311	0.00145381346454932
mcaja_ahorro_dolares_rank_delta1	0.000224298951837904	0.00129903499922205	0.000782822634757325
Visa_mconsumototal_rank_delta2	0.00022398200635477	0.00155199127162796	0.00212480429434131
mcuenta_debitos_automaticos_rank_delta2	0.000223553732421804	0.00179866732714097	0.00100648624468799
chomebanking_transacciones_tend6	0.000223364193165458	0.00129368460765902	0.000894654439722657
vmr_msaldopesos2_lag2	0.000223259239209689	0.00199607302927989	0.00156564526951465
vmr_Visa_mlimitecompra	0.000221976137401877	0.00129167208866888	0.00190114068441065
Visa_mpagosdolares_rank_lag2	0.000219559889075165	0.000934873695183832	0.00167747707447998
Visa_fultimo_cierre_lag2	0.000219027468546747	0.000750018037720905	0.00100648624468799
mpagomiscuentas_rank_tend6	0.000218397270576216	0.00125078797316633	0.000670990829791993
vm_mconsumospesos_rank_lag2	0.000215447080956669	0.000292825223462109	0.000335495414895996
vmr_Master_mlimitecompra_lag2	0.000215274502012698	0.00173789771334238	0.00201297248937598
rf_005_019	0.000214290060749898	0.00114397827707187	0.00145381346454932
Master_mconsumospesos_rank_delta1	0.000214250158920883	0.000539942816142935	0.000447327219861329
mtransferencias_emitidas_rank_lag1	0.000213714769659452	0.000859031709258114	0.000894654439722657
Master_fultimo_cierre_delta1	0.000209217784080989	0.000926782062783938	0.00123014985461865
vmr_msaldototal_tend6	0.000207358365814626	0.000671273779755936	0.000670990829791993
Visa_cconsumos_delta2	0.000206968209175312	0.00112122018990753	0.00178930887944531
mpayroll_sobre_edad_rank_lag2	0.000205085819221022	0.00192771565490822	0.00100648624468799
Master_cadelantosefectivo_tend6	0.000202802573768031	0.000816237481705186	0.00123014985461865
Visa_madelantopesos_rank	0.000202544353730978	0.000314908760566701	0.000335495414895996
rf_008_019	0.000199591654427442	0.000604867331794694	0.000670990829791993
Visa_mfinanciacion_limite_rank_delta2	0.000198173216736059	0.00136715045575051	0.00223663609930664
Visa_mconsumospesos_rank_delta1	0.000191635072899574	0.00155787818650584	0.0027957951241333
mcaja_ahorro_rank_delta1	0.0001904938733937	0.00202153747955523	0.00156564526951465
Visa_mlimitecompra_rank	0.000187658130750344	0.00121944477088512	0.00167747707447998
Master_msaldopesos_rank_lag1	0.000187088070429368	0.000632959484778041	0.000894654439722657
cproductos_lag1	0.000184827025575338	0.000847059744336296	0.000559159024826661
vmr_msaldototal	0.000183706440132125	0.00117245705335679	0.00111831804965332
vm_msaldototal_rank_lag2	0.000183339596708553	0.000970233772573321	0.00100648624468799
Master_madelantodolares_rank_tend6	0.000183263198229408	0.000514841984711677	0.000782822634757325
ctransferencias_emitidas_tend6	0.000182960369035303	0.00094719517944354	0.000559159024826661
rf_002_015	0.000182668137252169	0.00115295966252087	0.00123014985461865
Visa_msaldopesos_rank_lag1	0.000182587935090179	0.000996369062512048	0.00134198165958399
mtransferencias_recibidas_rank_tend6	0.000182542846229934	0.000787694144523459	0.000782822634757325
vmr_msaldopesos2_lag1	0.000182143281414284	0.000642507818792113	0.00100648624468799
Master_delinquency_delta2	0.000180963470547301	0.00115621590637365	0.000894654439722657
ccuenta_debitos_automaticos_tend6	0.000180546567366992	0.00065337185935837	0.000335495414895996
Master_mconsumototal_rank_lag2	0.00017992291676794	0.00066111916697529	0.000559159024826661
Master_mconsumosdolares_rank_delta1	0.000175526850292644	0.000363102356914716	0.000335495414895996
rf_016_019	0.000175352802067809	0.00111875203424336	0.00100648624468799
vm_mfinanciacion_limite_rank	0.000175073358454971	0.000793355467302145	0.000894654439722657
vm_mfinanciacion_limite_rank_lag2	0.000174157240777255	0.000993409650368727	0.00123014985461865
ccajas_transacciones_delta2	0.000174073712079152	0.000501792520684517	0.000335495414895996
Master_mpagosdolares_rank_tend6	0.000173934538013188	0.000820922970239021	0.00123014985461865
vmr_Visa_mlimitecompra_lag1	0.000172383030271414	0.000870628924146737	0.00123014985461865
ctrx_quarter_normalizado_lag1	0.000171829618425363	0.000986521670550695	0.000782822634757325
vmr_msaldopesos_lag2	0.000169535349316056	0.000939759545121553	0.00134198165958399
rf_010_013	0.000167674029651221	0.000893008550881516	0.00100648624468799
Master_mpagominimo_rank_tend6	0.000165373189681381	0.00105266913284543	0.00100648624468799
ccomisiones_otras_delta2	0.000163591182429347	0.00116622655577521	0.00111831804965332
vm_Fvencimiento_tend6	0.00016221386323926	0.000844946302564937	0.000670990829791993
cmobile_app_trx_tend6	0.000160813822843665	0.00197887163171665	0.00123014985461865
vmr_Visa_mlimitecompra_tend6	0.000160617637399818	0.00299871711412993	0.00190114068441065
mextraccion_autoservicio_rank_lag2	0.000160222776267353	0.000206548118790305	0.000335495414895996
Master_mpagosdolares_rank	0.000160142870553431	0.000573270338401892	0.000670990829791993
mtransferencias_emitidas_rank_lag2	0.000159338523517123	0.00130193801334057	0.00111831804965332
ccajas_transacciones_lag1	0.000159186537184332	0.00130838074559441	0.000782822634757325
vmr_Visa_mlimitecompra_delta2	0.000157577405729321	0.000696733035476367	0.000559159024826661
Master_msaldototal_rank_tend6	0.000155233995897851	0.000483456483911865	0.000559159024826661
Visa_mpagado_rank_tend6	0.000153344624227064	0.00175900541620212	0.00123014985461865
Master_status_delta2	0.000153162771561346	0.00028773233340704	0.000335495414895996
mcomisiones_mantenimiento_rank_lag2	0.00015301808424978	0.00164951681392978	0.00145381346454932
rf_001_013	0.000152476505622461	0.000369836726323102	0.000223663609930664
ctarjeta_debito_transacciones_lag2	0.000152136444454384	0.00216435063576944	0.00134198165958399
ctarjeta_visa_transacciones_lag2	0.000151120459821154	0.000894865975303465	0.00111831804965332
vm_mlimitecompra_rank_delta1	0.000150358442491143	0.00157736221991483	0.00145381346454932
Master_fechaalta_tend6	0.00015012251650304	0.000904365332085477	0.00145381346454932
vm_cconsumos_lag2	0.000148821984551139	0.00196789924757644	0.00111831804965332
vm_fultimo_cierre_lag2	0.000147555377780052	0.0013337145899176	0.00123014985461865
rf_014_030	0.00014584319012289	0.000170742051757352	0.000223663609930664
vm_mconsumototal_rank_lag1	0.000145279997110516	0.000169896081385389	0.000223663609930664
Visa_fultimo_cierre_tend6	0.000144807156164114	0.000724943179064225	0.000894654439722657
vm_mfinanciacion_limite_rank_delta2	0.000144307394837465	0.00190429043847686	0.00178930887944531
Master_mlimitecompra_rank_delta1	0.000143972178185654	0.00132897938207243	0.00223663609930664
Master_cconsumos_lag2	0.000143640673310699	0.00102241010838302	0.00100648624468799
ccajas_consultas_delta2	0.000142374594638358	0.00196011557807511	0.00100648624468799
Visa_msaldodolares_rank	0.000141979956651911	0.00039678904554212	0.000335495414895996
vm_mlimitecompra_rank_lag2	0.000141652234122223	0.000938607838088846	0.00123014985461865
ctarjeta_debito_transacciones_tend6	0.000141535715451915	0.00156220154035413	0.00100648624468799
vmr_Master_mlimitecompra_lag1	0.000140850340072187	0.00084841403901071	0.00123014985461865
ccomisiones_otras_tend6	0.000140712106580866	0.00117164447655214	0.00123014985461865
internet_lag2	0.000138242306601398	0.000428870616700617	0.000447327219861329
Visa_fultimo_cierre_lag1	0.000137402342463622	0.000671964655559705	0.00100648624468799
mcaja_ahorro_rank_lag2	0.000137373704851241	0.000828772684795705	0.00111831804965332
Visa_fultimo_cierre_delta2	0.000137164584632998	0.000282880619115907	0.000335495414895996
vm_status02	0.000134276243314155	0.000290134444015849	0.000335495414895996
vm_status03	0.000133389277780611	0.00110871392790868	0.00111831804965332
vm_mlimitecompra_rank_delta2	0.000132824585316088	0.0013673367176482	0.00156564526951465
ccomisiones_otras_lag2	0.000131413943257193	0.00120660457321313	0.00123014985461865
ccajas_extracciones_tend6	0.000131188299299005	0.00108895309893062	0.000559159024826661
Visa_mconsumosdolares_rank_tend6	0.000128589128440885	0.000739344711527977	0.00156564526951465
rf_019_023	0.000128133337156386	0.000868071718969735	0.000670990829791993
vm_mpagospesos_rank_delta2	0.000127640172710473	0.000493739476406853	0.000670990829791993
Master_mconsumospesos_rank_tend6	0.000127575886812878	0.000557097462711934	0.000670990829791993
Master_mconsumospesos_rank_delta2	0.000126025348399591	0.000409100882771271	0.000335495414895996
rf_019_024	0.000126016356951482	0.000560802664525275	0.000559159024826661
mpayroll_sobre_edad_rank_tend6	0.000125231500160723	0.000708623371678083	0.000447327219861329
Master_mpagominimo_rank_lag1	0.000125221520552387	0.000878796990711818	0.00111831804965332
Visa_fultimo_cierre	0.000123416288700106	0.000826720835604059	0.00123014985461865
Master_mconsumospesos_rank_lag1	0.000122991244537459	0.0006111646165109	0.000559159024826661
Master_msaldopesos_rank_lag2	0.000122360699900881	0.000569091690011961	0.000782822634757325
Master_madelantopesos_rank_tend6	0.000122306665760669	0.000502214763791225	0.000670990829791993
vmr_msaldopesos2_delta2	0.000122174586806638	0.00114097730848922	0.00100648624468799
Visa_mpagado_rank_delta2	0.000121546933753678	0.000639851174992441	0.000447327219861329
vmr_msaldototal_lag2	0.000121484618506768	0.000558613530668004	0.000894654439722657
Visa_delinquency_delta1	0.000120927994937484	0.00110340286654716	0.000782822634757325
vmr_mpagominimo_delta2	0.000120759069148979	0.00109413949097417	0.000782822634757325
Master_fultimo_cierre_lag2	0.000120387382702519	0.000969542896769551	0.00134198165958399
Master_mpagospesos_rank	0.000119165975858457	0.000353383344667704	0.000335495414895996
Master_fultimo_cierre	0.000118165456742765	0.000742016196913122	0.00111831804965332
rf_002_017	0.000117854826955121	0.000878676031790213	0.00100648624468799
Visa_mconsumosdolares_rank_delta1	0.000117770200751192	0.000964725318125006	0.00145381346454932
cseguro_accidentes_personales	0.00011771809959818	0.00149476434428179	0.000894654439722657
mcuenta_debitos_automaticos_rank_lag1	0.000117232705169536	0.000360788553739471	0.000335495414895996
Master_fultimo_cierre_delta2	0.00011668786844835	0.000289070302337433	0.000447327219861329
Master_msaldototal_rank_delta2	0.000116555833637542	0.000940673786786691	0.00100648624468799
vm_msaldototal_rank_tend6	0.000114508130349352	0.000838609687647228	0.000894654439722657
Visa_msaldototal_rank_delta2	0.000112781942304433	0.000823010439235802	0.00123014985461865
vmr_mpagospesos_lag2	0.000112022258591748	0.000756981709624849	0.000782822634757325
Master_msaldototal_rank_delta1	0.000111127506436603	0.000486215534651301	0.000670990829791993
vm_msaldototal_rank_lag1	0.000110444029012985	0.000395537157807471	0.000447327219861329
ccomisiones_otras_lag1	0.000110056986495833	0.00185881730474605	0.00123014985461865
Master_msaldopesos_rank_tend6	0.000109072896252655	0.000843757491568547	0.000894654439722657
vmr_mpagospesos_tend6	0.000108372550346717	0.000608857492049118	0.000447327219861329
rf_013_016	0.000105808657669331	0.000665122684656639	0.000894654439722657
Visa_fechaalta_delta1	0.000104979391985959	0.000397491794614268	0.000223663609930664
Master_Fvencimiento_delta2	0.000104008683720428	0.000462666390981248	0.000782822634757325
rf_018_025	0.00010328645644393	0.000356378376616161	0.000223663609930664
rf_016_015	0.000103208058889307	0.00141292635782497	0.000894654439722657
Master_cconsumos_tend6	0.000102958747683688	0.000648626262403369	0.000670990829791993
vm_mfinanciacion_limite_rank_tend6	0.00010088856942008	0.00114384989735752	0.00111831804965332
vm_status02_delta2	0.000100301143398046	0.000711472214009631	0.000559159024826661
Master_madelantopesos_rank	0.000100184720303891	0.000195424350478271	0.000223663609930664
Master_mpagominimo_rank_delta2	9.98072139379233e-05	0.000425147604984708	0.000447327219861329
Master_mconsumosdolares_rank_lag2	9.97232875458275e-05	0.000440565786053363	0.000559159024826661
rf_006_018	9.86475382530305e-05	0.000810967976782987	0.000670990829791993
rf_015_029	9.84383722716295e-05	0.000168932120408916	0.000223663609930664
mcaja_ahorro_dolares_rank_tend6	9.81195804424951e-05	0.00110129610348926	0.000782822634757325
vm_mpagospesos_rank_delta1	9.71206468379884e-05	0.000531264199037582	0.000447327219861329
Visa_fultimo_cierre_delta1	9.69624440054016e-05	0.0005824966100112	0.000894654439722657
vmr_mconsumototal	9.32825152691972e-05	0.000972700444078938	0.000894654439722657
ctransferencias_recibidas_delta2	9.05474908570923e-05	0.00113377394497989	0.000670990829791993
vmr_Master_mlimitecompra	9.01192803293869e-05	0.000698565971282286	0.00100648624468799
mcaja_ahorro_dolares_rank_lag2	8.99052944344799e-05	0.00070873245733131	0.000559159024826661
Master_msaldototal_rank_lag2	8.9743149085573e-05	0.000492854175833386	0.000670990829791993
vmr_msaldopesos2	8.94715216581462e-05	0.000837149275636682	0.000894654439722657
Visa_madelantodolares_rank_tend6	8.92224307636597e-05	0.000154454895859251	0.000335495414895996
rf_011_016	8.90121972452254e-05	0.000691765556818545	0.000559159024826661
Master_msaldopesos_rank_delta1	8.87877988144063e-05	0.00073105345980347	0.000782822634757325
vm_mlimitecompra_rank	8.85014443572191e-05	0.000322122513185866	0.000559159024826661
mttarjeta_visa_debitos_automaticos_rank_lag2	8.70411391471879e-05	0.000457398370217597	0.000782822634757325
mforex_sell_rank_tend6	8.67845698236963e-05	0.00152453433850286	0.000782822634757325
Visa_delinquency_lag2	8.63780702696587e-05	0.000510466685314228	0.000447327219861329
vmr_mpagospesos	8.61281507785218e-05	0.000283182645380283	0.000559159024826661
ctarjeta_debito_transacciones_delta2	8.49630649163801e-05	0.00101163882772597	0.000559159024826661
vm_cconsumos_tend6	8.41146009807079e-05	0.00078323127977172	0.000447327219861329
vm_mpagominimo_rank_tend6	8.31820162607639e-05	0.000827075549496864	0.000670990829791993
Master_Fvencimiento_delta1	8.30555775147229e-05	0.000432240398682268	0.000559159024826661
cseguro_accidentes_personales_lag2	8.26122734470086e-05	0.000853999669703484	0.000559159024826661
Master_mconsumototal_rank_tend6	8.25493430298581e-05	0.000438820415601735	0.000559159024826661
mtransferencias_emitidas_rank_tend6	8.25229081238211e-05	0.000613217949861093	0.000447327219861329
cpayroll_trx_tend6	8.21715138918817e-05	0.00130674371871674	0.000670990829791993
mtarjeta_master_consumo_rank_tend6	8.17905534199365e-05	0.000217790619786123	0.000111831804965332
vmr_msaldopesos_delta2	8.15398150517582e-05	0.00071116721942816	0.000559159024826661
vm_mpagospesos_rank_tend6	8.13827445535967e-05	0.00108566717190689	0.000894654439722657
thomebanking_delta2	8.00041184811097e-05	0.000817665242227691	0.000559159024826661
Visa_delinquency_delta2	7.93441295046193e-05	0.000472139774988682	0.000335495414895996
Master_delinquency_lag1	7.92876245588538e-05	0.000412635406351672	0.000335495414895996
vmr_mconsumototal_lag2	7.79459340075246e-05	0.000361049765643796	0.000782822634757325
cseguro_accidentes_personales_lag1	7.74731955267448e-05	0.000636194950411161	0.000335495414895996
Visa_mpagosdolares_rank	7.63419361306415e-05	0.000215738028515203	0.000447327219861329
Visa_mpagosdolares_rank_delta2	7.57485838808785e-05	0.000389074389413241	0.000894654439722657
vm_mconsumototal_rank_delta2	7.54843408249924e-05	0.000684093199208263	0.000559159024826661
vm_status02_delta1	7.51679375897209e-05	0.000704681446576447	0.000559159024826661
vm_fultimo_cierre	7.50434694943643e-05	0.000623256056195776	0.000670990829791993
vm_mconsumospesos_rank_delta2	7.40843810211544e-05	0.000488697047742391	0.000335495414895996
rf_018_021	7.29581351207657e-05	0.000803038117664749	0.000559159024826661
rf_001_019	7.29439056134808e-05	0.000783000493117614	0.000670990829791993
Master_msaldopesos_rank_delta2	7.27162934345101e-05	0.000691619367201636	0.000670990829791993
vm_fultimo_cierre_lag1	7.26511242674657e-05	0.000720961923761085	0.000894654439722657
rf_017_020	7.23253193355975e-05	0.000382730353702795	0.000670990829791993
vmr_mconsumototal_tend6	7.19848604735268e-05	0.000317138708784023	0.000447327219861329
vm_msaldototal_rank_delta2	7.15431196602963e-05	0.00056800825427243	0.000559159024826661
Master_cconsumos_delta2	7.0909097411284e-05	0.00050225038359636	0.000559159024826661
vm_msaldopesos_rank_delta2	7.08281087709483e-05	0.00121358086046472	0.000670990829791993
Master_madelantopesos_rank_lag1	7.0326009169661e-05	7.02934591966272e-05	0.000111831804965332
vm_msaldopesos_rank_tend6	6.99657138009782e-05	0.000775450578587485	0.000559159024826661
vmr_mconsumototal_lag1	6.98769146450034e-05	0.000120471375522386	0.000223663609930664
ctarjeta_visa_transacciones_lag1	6.95821302496078e-05	0.000794081220831776	0.000559159024826661
mpagomiscuentas_rank_delta2	6.92190469731338e-05	0.00065337185935837	0.000335495414895996
cmobile_app_trx_delta1	6.86781304941643e-05	0.000771483422790545	0.000447327219861329
vmr_msaldopesos_lag1	6.85337536026052e-05	0.000379659629668426	0.000559159024826661
cextraccion_autoservicio_delta2	6.81588393348099e-05	0.00125424086802663	0.000670990829791993
mextraccion_autoservicio_rank_delta2	6.80941375189554e-05	0.00112394955747602	0.000670990829791993
vm_mpagospesos_rank_lag2	6.7831323346809e-05	0.000677658629826432	0.000559159024826661
rf_019_020	6.69682131756246e-05	0.000992749941894451	0.000670990829791993
vm_msaldototal_rank	6.66711033638233e-05	0.000185696433279975	0.000335495414895996
vm_mconsumototal_rank	6.59124368689466e-05	0.000180539724407371	0.000335495414895996
Master_mpagosdolares_rank_lag1	6.50733317015988e-05	6.76843084704689e-05	0.000111831804965332
cextraccion_autoservicio_tend6	6.49195780199407e-05	0.000882796055917526	0.000559159024826661
ctransferencias_recibidas_lag2	6.49148474053404e-05	0.00122197303497045	0.000670990829791993
rf_002_026	6.48529525315109e-05	0.000226147916565985	0.000335495414895996
ccallcenter_transacciones_delta2	6.44830339401476e-05	0.000171162068626239	0.000111831804965332
ctransferencias_recibidas_lag1	6.4173347764525e-05	0.00152453433850286	0.000782822634757325
catm_trx_tend6	6.34827736090396e-05	0.000341430673807001	0.000223663609930664
Master_msaldodolares_rank	6.27499175353343e-05	0.000195319717300686	0.000111831804965332
rf_019_021	6.18330295786205e-05	0.00108895309893062	0.000559159024826661
Master_cadelantosefectivo_lag2	6.1647866171154e-05	0.000184377758410696	0.000335495414895996
vm_msaldototal_rank_delta1	6.12561343477386e-05	0.000926448869190068	0.000670990829791993
vmr_mpagospesos_delta2	6.11706754973218e-05	0.00088500819423228	0.000782822634757325
vm_mfinanciacion_limite_rank_lag1	5.93992747683919e-05	0.000568781500875575	0.000894654439722657
Master_mconsumosdolares_rank	5.91297378668247e-05	0.000471698237820859	0.000559159024826661
Master_mconsumosdolares_rank_tend6	5.90536442644716e-05	0.000432034100644193	0.000782822634757325
Master_mconsumototal_rank_lag1	5.85828693424156e-05	0.000323860462844757	0.000447327219861329
vm_mconsumototal_rank_tend6	5.85518224820025e-05	0.000320410536301552	0.000335495414895996
vmr_Master_mlimitecompra_delta1	5.81676792431586e-05	7.29374876486471e-05	0.000111831804965332
vm_cconsumos	5.80445322046316e-05	0.000699756266437223	0.000447327219861329
vm_mpagado_rank_delta2	5.78967597272395e-05	0.00108895309893062	0.000559159024826661
Visa_msaldodolares_rank_delta2	5.72604768766151e-05	0.000111121918753653	0.000111831804965332
ccomisiones_otras_delta1	5.69524636886575e-05	0.000438942116602614	0.000447327219861329
rf_014_017	5.69448082817755e-05	0.000387444783328302	0.000223663609930664
Visa_madelantodolares_rank	5.66689031127709e-05	0.000282112567067678	0.000559159024826661
ctarjeta_visa	5.58476199618653e-05	0.000396038061317185	0.000335495414895996
ctarjeta_debito	5.55113781950632e-05	0.000372131977516506	0.000223663609930664
rf_008_013	5.53639052031172e-05	0.000578447083414884	0.000670990829791993
tcallcenter_lag2	5.49319868598018e-05	0.0003775001789821	0.000447327219861329
vm_status02_lag1	5.45862123715203e-05	0.000289969702417099	0.000223663609930664
vm_cconsumos_delta1	5.44959998224324e-05	0.000217790619786123	0.000111831804965332
vmr_mpagominimo_tend6	5.36149071600147e-05	0.000958972719595661	0.000670990829791993
vmr_msaldopesos	5.35214158628912e-05	0.000507382603852933	0.000447327219861329
vmr_Master_mlimitecompra_delta2	5.35186874877039e-05	0.000565108208471001	0.000447327219861329
tcallcenter_lag1	5.34162658950106e-05	0.00125769524704548	0.000670990829791993
Visa_cadelantosefectivo_delta1	5.32048592052399e-05	0.000314495422411277	0.000670990829791993
ccomisiones_otras	5.23310634726871e-05	0.0012733538617988	0.000670990829791993
mtarjeta_master_consumo_rank_delta2	5.2277390577936e-05	0.000366611649799813	0.000223663609930664
vmr_mconsumospesos_delta2	5.19521935266016e-05	0.00059319071442379	0.000447327219861329
rf_006_013	5.15227706801901e-05	0.000403400971870354	0.000335495414895996
vm_cconsumos_lag1	5.13783052996926e-05	0.000764941993993308	0.000447327219861329
vm_msaldopesos_rank_delta1	5.10161174421794e-05	0.000480363497499286	0.000447327219861329
rf_019_016	5.0411351638044e-05	0.000534457366152104	0.000447327219861329
Visa_cadelantosefectivo_delta2	4.99322287869789e-05	0.000123581429758259	0.000223663609930664
vm_status03_lag2	4.9849255726513e-05	0.000106959596107742	0.000111831804965332
Master_msaldodolares_rank_tend6	4.93254275347669e-05	0.000241826567459691	0.000335495414895996
cmobile_app_trx	4.90595310316795e-05	0.000807375571019241	0.000447327219861329
mpagomiscuentas_rank_delta1	4.85853939349457e-05	0.000395606913259194	0.000223663609930664
mautoservicio_rank	4.80591374609342e-05	0.00143371274035922	0.000782822634757325
Master_cconsumos	4.765907633776e-05	0.000234006536073953	0.000335495414895996
vmr_mconsumosdolares_lag2	4.71335743483816e-05	0.00021906625405753	0.000223663609930664
vm_mpagominimo_rank_delta1	4.70285924487366e-05	0.000357983494085069	0.000335495414895996
vmr_msaldopesos_delta1	4.5798121968222e-05	0.000140585434234707	0.000223663609930664
vm_msaldopesos_rank_lag1	4.50376071277383e-05	0.000750838777397563	0.000559159024826661
cforex_sell_tend6	4.45374230993522e-05	0.00065337185935837	0.000335495414895996
vmr_Visa_mlimitecompra_lag2	4.43854375765284e-05	0.00047484242770332	0.000559159024826661
Master_mpagado_rank_tend6	4.30139347623416e-05	0.000590473962202952	0.000447327219861329
ccajas_transacciones_lag2	4.29710963965179e-05	0.000427797570070917	0.000335495414895996
rf_002_024	4.25449275941364e-05	0.000185716469420363	0.000223663609930664
Master_madelantodolares_rank_lag1	4.19881124675621e-05	0.000190211985660143	0.000335495414895996
Visa_mpagosdolares_rank_delta1	4.09932080458873e-05	0.000254777334943455	0.000447327219861329
Master_mpagospesos_rank_lag1	4.08977961135663e-05	0.000515879411536242	0.000447327219861329
rf_005_022	4.0718835031466e-05	0.000316700882012569	0.000335495414895996
vm_status02_tend6	4.0410125676528e-05	0.000317612897439886	0.000335495414895996
internet_delta2	3.8417890980815e-05	0.000217790619786123	0.000111831804965332
vmr_mpagado	3.83074515208281e-05	0.000435581239572246	0.000223663609930664
vm_fultimo_cierre_delta1	3.81696720162346e-05	0.000461536204247477	0.000335495414895996
mtarjeta_visa_descuentos_rank_delta1	3.81679893089609e-05	0.000545060936893309	0.000335495414895996
Visa_cadelantosefectivo_lag1	3.81630481028367e-05	9.06486936728846e-05	0.000223663609930664
vm_mpagado_rank_tend6	3.78924189602305e-05	0.000813846502285481	0.000447327219861329
Master_mconsumosdolares_rank_lag1	3.74592366501315e-05	0.000219770487288225	0.000335495414895996
Master_cconsumos_lag1	3.73110535192675e-05	0.000492296132219601	0.000335495414895996
Master_mpagospesos_rank_delta2	3.72452286836127e-05	0.000266040614158936	0.000335495414895996
Visa_status_delta2	3.7195851450968e-05	0.000278678966268493	0.000335495414895996
vm_status05	3.69210910696376e-05	0.000576505061955739	0.000447327219861329
Master_madelantopesos_rank_delta1	3.49010194143181e-05	0.000244806757822675	0.000447327219861329
Visa_mpagado_rank	3.4789222043985e-05	0.00093300142917641	0.000559159024826661
Visa_madelantopesos_rank_lag2	3.47288369493893e-05	0.000262713872775157	0.000559159024826661
vm_mpagado_rank	3.30941963810798e-05	0.000435581239572246	0.000223663609930664
Master_mconsumototal_rank_delta2	3.25704708527017e-05	0.000353951035312047	0.000335495414895996
mcuenta_debitos_automaticos_rank_tend6	3.24469097183414e-05	0.000349402831443838	0.000223663609930664
mpayroll_rank_lag1	3.12295704293172e-05	0.000371311237839847	0.000223663609930664
vmr_Visa_mlimitecompra_delta1	3.06696909935766e-05	0.000144188229108285	0.000111831804965332
cmobile_app_trx_lag1	3.06592262147673e-05	0.000217790619786123	0.000111831804965332
vm_mlimitecompra_rank_lag1	3.06504791236989e-05	0.000238166632482043	0.000559159024826661
ctransferencias_recibidas_tend6	3.06478761415898e-05	0.000566387553138776	0.000335495414895996
vmr_mpagado_delta2	2.96967119844387e-05	0.000871162479144493	0.000447327219861329
Master_cconsumos_delta1	2.96231985332385e-05	0.000251564873767819	0.000335495414895996
vm_mconsumototal_rank_delta1	2.93523425997603e-05	0.000318747536649299	0.000335495414895996
vm_mconsumosdolares_rank_delta2	2.93454688114193e-05	0.000425307152028543	0.000223663609930664
rf_010_017	2.92806341609112e-05	0.000404740424959295	0.000335495414895996
Master_cadelantosefectivo_delta2	2.92603282781908e-05	0.000101737584259057	0.000223663609930664
mautoservicio_rank_tend6	2.90358409534496e-05	5.88223977845241e-05	0.000111831804965332
vmr_mpagado_tend6	2.81636182440304e-05	0.000312370849450813	0.000223663609930664
vmr_mconsumosdolares_delta2	2.79877994304588e-05	0.000629710661717995	0.000335495414895996
mpagomiscuentas_rank_lag1	2.79388753745744e-05	0.00027635551606269	0.000223663609930664
vmr_mconsumospesos_tend6	2.73444905176223e-05	0.000522922485922467	0.000335495414895996
Master_mpagosdolares_rank_lag2	2.72665866381299e-05	0.000196122647074777	0.000335495414895996
Visa_mpagado_rank_delta1	2.64952745272191e-05	0.00045091185528661	0.000447327219861329
vm_mconsumosdolares_rank_delta1	2.5902062908046e-05	0.000643376051542286	0.000335495414895996
vm_mconsumospesos_rank	2.54640612919165e-05	0.000123097594071839	0.000223663609930664
rf_009_021	2.52385201995877e-05	0.000257226938625779	0.000223663609930664
rf_015_019	2.51794355076529e-05	0.000303275183793668	0.000223663609930664
Visa_status	2.49684252304819e-05	0.000100643759409695	0.000223663609930664
cpagomiscuentas_delta2	2.49262680472417e-05	0.000435581239572246	0.000223663609930664
rf_003_023	2.4539526837962e-05	0.000560234973880932	0.000335495414895996
Visa_status_tend6	2.40168066816193e-05	5.47298305903367e-05	0.000111831804965332
vm_mpagado_rank_delta1	2.37449435536791e-05	0.00065337185935837	0.000335495414895996
Master_mpagosdolares_rank_delta2	2.35427149430599e-05	0.000114230488830978	0.000111831804965332
vmr_msaldototal_delta1	2.31515233679005e-05	0.000195319717300686	0.000111831804965332
vm_mpagospesos_rank_lag1	2.30582345626269e-05	4.5654943152854e-05	0.000111831804965332
rf_005_013	2.28137345633641e-05	0.000144794507874858	0.000111831804965332
Master_fechaalta_delta1	2.27361032379019e-05	0.000203284454144786	0.000223663609930664
Master_mpagospesos_rank_delta1	2.27156394115384e-05	5.95347938872294e-05	0.000111831804965332
vmr_mconsumototal_delta1	2.26639294727815e-05	0.000174917731830188	0.000111831804965332
vmr_mconsumospesos_delta1	2.22555386448646e-05	0.000261048646885083	0.000223663609930664
Master_mconsumospesos_rank_lag2	2.18160329192731e-05	0.000339527982549359	0.000223663609930664
active_quarter_lag2	2.17502052487324e-05	0.000110218808277619	0.000111831804965332
cextraccion_autoservicio_lag2	2.16714776323941e-05	0.00065337185935837	0.000335495414895996
Master_cadelantosefectivo_delta1	2.12389072526659e-05	0.000157556045143841	0.000223663609930664
Visa_cadelantosefectivo_lag2	2.09475143932663e-05	0.000154414823578474	0.000335495414895996
vm_mpagado_rank_lag2	2.02230748933073e-05	0.000217790619786123	0.000111831804965332
Visa_mpagosdolares_rank_tend6	2.02095228225067e-05	0.000301796219801281	0.000559159024826661
Visa_madelantodolares_rank_delta2	1.99062755839771e-05	0.000153933214129874	0.000223663609930664
Visa_Fvencimiento_delta2	1.95746814101167e-05	8.23003018443066e-05	0.000111831804965332
matm_rank_tend6	1.93738937315024e-05	0.000327107801746256	0.000223663609930664
vm_status04_lag1	1.86519661429429e-05	9.39969553555996e-05	0.000223663609930664
Master_mpagominimo_rank_delta1	1.84286674453614e-05	0.000326611350712183	0.000335495414895996
vmr_msaldodolares2_tend6	1.81338968194116e-05	0.000217790619786123	0.000111831804965332
ctarjeta_debito_transacciones_delta1	1.78985535016069e-05	0.00065337185935837	0.000335495414895996
ccajas_extracciones_delta2	1.7705806774357e-05	0.00065337185935837	0.000335495414895996
vm_msaldodolares_rank_tend6	1.76823456636295e-05	0.000435581239572246	0.000223663609930664
Master_mconsumospesos_rank	1.74537914925724e-05	0.000435581239572246	0.000223663609930664
mtransferencias_emitidas_rank_delta1	1.73145289376694e-05	0.000435581239572246	0.000223663609930664
Visa_status_delta1	1.71710545522859e-05	0.000105794531648109	0.000111831804965332
Master_cadelantosefectivo_lag1	1.70850761077819e-05	0.000111197610839565	0.000223663609930664
mtransferencias_recibidas_rank_delta1	1.6825102086324e-05	0.000151114054969273	0.000223663609930664
ctransferencias_emitidas	1.63124915380856e-05	0.000435581239572246	0.000223663609930664
ctarjeta_visa_debitos_automaticos_lag2	1.62038295515582e-05	0.00056349641228863	0.000335495414895996
Master_madelantodolares_rank_delta2	1.60450087138451e-05	0.00012312430892569	0.000111831804965332
vmr_msaldopesos2_delta1	1.59382195744386e-05	0.000345785194984787	0.000335495414895996
Visa_msaldodolares_rank_lag1	1.59189765714389e-05	0.000124617372424277	0.000223663609930664
Master_status_tend6	1.55380128596241e-05	0.000174514040705322	0.000111831804965332
Visa_msaldodolares_rank_tend6	1.48624166213013e-05	0.000238699445400525	0.000223663609930664
mv_status07_rank_tend6	1.40730045738843e-05	0.00065337185935837	0.000335495414895996
rf_001_015	1.40216105224134e-05	0.000296160127717898	0.000223663609930664
mv_status07_rank	1.38885239689361e-05	0.000171627352330818	0.000111831804965332
mtarjeta_master_consumo_rank_lag2	1.37988520730877e-05	0.00038541000195995	0.000223663609930664
vm_mconsumosdolares_rank_lag2	1.36442969286871e-05	0.000415052358545955	0.000223663609930664
ctransferencias_recibidas_delta1	1.3437551939845e-05	0.000435581239572246	0.000223663609930664
ccomisiones_mantenimiento_lag2	1.32809439330689e-05	0.000435581239572246	0.000223663609930664
ctransferencias_recibidas	1.27050000088985e-05	0.000435581239572246	0.000223663609930664
Master_madelantopesos_rank_lag2	1.24226713934275e-05	9.05173456414483e-05	0.000223663609930664
Master_mpagosdolares_rank_delta1	1.21976400743313e-05	0.000200613710838915	0.000111831804965332
Master_mpagospesos_rank_lag2	1.20306272263335e-05	0.00028378150335412	0.000223663609930664
Visa_madelantopesos_rank_delta1	1.15981030147471e-05	9.42062217107693e-05	0.000111831804965332
mtarjeta_visa_consumo_rank_delta1	1.14634840029488e-05	0.000190396763399282	0.000111831804965332
Master_msaldodolares_rank_delta2	1.14545804363033e-05	0.000112491797092813	0.000223663609930664
Visa_Fvencimiento_delta1	1.14230893087712e-05	0.000126440661199638	0.000111831804965332
vm_status06_lag1	1.10310861462768e-05	0.000165027299270963	0.000111831804965332
Visa_madelantopesos_rank_tend6	1.08808347636567e-05	8.69635279999318e-05	0.000111831804965332
ccajas_depositos_delta2	1.06798117895126e-05	0.000435581239572246	0.000223663609930664
Visa_mpagosdolares_rank_lag1	1.04165140668284e-05	0.000143202747832875	0.000223663609930664
mextraccion_autoservicio_rank_tend6	1.03402633307996e-05	0.000154228561680788	0.000111831804965332
Master_status_delta1	1.01646176477597e-05	9.19198754686494e-05	0.000223663609930664
ccuenta_debitos_automaticos_lag2	9.60133169162617e-06	0.000217790619786123	0.000111831804965332
vm_Fvencimiento_delta2	9.44858641938114e-06	0.000116096076124938	0.000111831804965332
Visa_madelantodolares_rank_delta1	8.89818522215644e-06	7.34257758107097e-05	0.000111831804965332
Master_delinquency_lag2	8.84639266672466e-06	0.000258564165476898	0.000223663609930664
ctransferencias_emitidas_delta2	8.68759774796831e-06	0.000217790619786123	0.000111831804965332
ctarjeta_debito_transacciones_lag1	8.56088604291349e-06	0.000435581239572246	0.000223663609930664
rf_017_015	8.50465689104767e-06	0.000207742866420883	0.000111831804965332
vmr_mconsumosdolares	8.20360658784494e-06	0.000191604868456787	0.000111831804965332
mtarjeta_master_consumo_rank_delta1	8.12817675377614e-06	0.000187636228501299	0.000111831804965332
cforex_tend6	7.96565051769939e-06	0.000435581239572246	0.000223663609930664
vm_fechaalta_delta2	7.88874634047056e-06	0.000182483972104338	0.000111831804965332
mextraccion_autoservicio_rank	7.84362163916823e-06	9.44073251939288e-05	0.000223663609930664
mextraccion_autoservicio_rank_lag1	7.743289964859e-06	0.000172995746511431	0.000111831804965332
ccajas_depositos_lag2	7.51222408489422e-06	0.000217790619786123	0.000111831804965332
Visa_madelantodolares_rank_lag1	7.35111913911279e-06	6.58602776158338e-05	0.000111831804965332
thomebanking_delta1	7.00288823485443e-06	0.000217790619786123	0.000111831804965332
ctarjeta_master_transacciones_tend6	6.70931069088499e-06	0.000217790619786123	0.000111831804965332
vm_status05_lag1	6.62776762786396e-06	4.58716303007602e-05	0.000111831804965332
ctransferencias_emitidas_delta1	6.52149180529727e-06	0.000217790619786123	0.000111831804965332
vm_mconsumospesos_rank_delta1	6.4999276382208e-06	0.000174299579795237	0.000111831804965332
vm_mpagado_rank_lag1	6.2469258161429e-06	0.000217790619786123	0.000111831804965332
rf_020_023	6.18459760975436e-06	7.67050241209751e-05	0.000111831804965332
Master_madelantodolares_rank	6.16801717209069e-06	6.52688404347337e-05	0.000111831804965332
Master_msaldodolares_rank_lag1	5.9729385486959e-06	0.00016124863160953	0.000111831804965332
cpagomiscuentas_delta1	5.74204600175474e-06	0.000217790619786123	0.000111831804965332
rf_019_017	5.63383233218333e-06	0.000217790619786123	0.000111831804965332
rf_003_028	5.43049447120976e-06	0.000217790619786123	0.000111831804965332
vmr_mconsumosdolares_delta1	5.26430333513942e-06	0.000217790619786123	0.000111831804965332
vmr_mpagospesos_delta1	5.24661405210501e-06	7.71495296058923e-05	0.000111831804965332
vmr_mconsumosdolares_tend6	5.16949422105591e-06	0.000217790619786123	0.000111831804965332
vm_status01_tend6	4.97452332332534e-06	0.000217790619786123	0.000111831804965332
matm_other_rank_tend6	4.66193908434523e-06	0.000217790619786123	0.000111831804965332
rf_020_021	4.64353298016173e-06	0.000217790619786123	0.000111831804965332
ccajas_otras_delta2	4.39160112501936e-06	0.000217790619786123	0.000111831804965332
rf_011_019	4.25804195556412e-06	0.000217790619786123	0.000111831804965332
cseguro_vivienda_lag2	4.12706050735969e-06	0.000217790619786123	0.000111831804965332
vm_mconsumosdolares_rank_tend6	4.11681036991146e-06	0.000217790619786123	0.000111831804965332
ctarjeta_master_descuentos_delta2	3.83354695081485e-06	0.000191370371406313	0.000111831804965332
ccallcenter_transacciones_lag2	3.44999944299378e-06	0.000217790619786123	0.000111831804965332
vm_fultimo_cierre_delta2	3.26822979893368e-06	4.33255563128623e-05	0.000111831804965332
ccomisiones_mantenimiento_lag1	3.25262456201972e-06	0.000217790619786123	0.000111831804965332
Visa_madelantopesos_rank_delta2	3.02331874121535e-06	6.01796607760325e-05	0.000111831804965332
Master_mpagado_rank_lag2	8.59189523984249e-07	4.13122952434461e-05	0.000111831804965332
vm_status04_lag2	4.79081998334343e-07	4.08774367890864e-05	0.000111831804965332
Master_mpagado_rank_lag1	8.18370558757864e-08	4.08774367890864e-05	0.000111831804965332
