Feature	Gain	Cover	Frequency
rf_004_022	0.171348631471899	0.00438036959963606	0.00623105422701246
rf_018_027	0.117030220715135	0.00486326073125456	0.00387335803300775
mcaja_ahorro_rank	0.0490442819787572	0.00322154162613968	0.00151566183900303
vm_status06	0.0470440862368999	0.00100737023534643	0.000673627484001347
rf_008_022	0.0420897611665261	0.00120354897392517	0.00202088245200404
rf_009_015	0.0250791306517786	0.0031119014052389	0.0031997305490064
cdescubierto_preacordado_tend6	0.0184804211695431	0.00205705387553395	0.000673627484001347
rf_017_021	0.0173445251836661	0.00225919202648078	0.00117884809700236
rf_013_016	0.016790548313344	0.00219877434390164	0.0031997305490064
mcuentas_saldo_rank	0.0161406164191451	0.00474747886367628	0.00235769619400472
ctrx_quarter	0.0150914087137006	0.000566165202003964	0.000842034355001684
mpayroll_rank	0.0139229501415181	0.00122888479969117	0.00050522061300101
mprestamos_personales_rank	0.0136023184485646	0.0112694818376982	0.00437857864600876
ctrx_quarter_normalizado	0.013158657094035	0.00144056922484597	0.000673627484001347
mcuenta_corriente_rank	0.0126738403456151	0.00525746683530069	0.00370495116200741
Visa_status	0.0115389276317094	0.00192869608835387	0.00101044122600202
rf_003_018	0.0103437619990537	0.00545216316786255	0.00454698551700909
rf_010_020	0.00929795319466961	0.00300583753266016	0.00168406871000337
rf_016_022	0.00850058548285357	0.00122487214037834	0.000842034355001684
mcuenta_corriente_rank_tend6	0.00804558135149228	0.00319586411104355	0.00235769619400472
cproductos_tend6	0.00788203551872812	0.0025156587809185	0.00101044122600202
mcomisiones_mantenimiento_rank_tend6	0.00768915370318652	0.00361368708068718	0.00235769619400472
rf_013_026	0.00734295608052404	0.00164338199318818	0.00134725496800269
ctrx_quarter_delta2	0.00649323678437808	0.00211248639839912	0.00202088245200404
foto_mes	0.00587596613269545	0.00875668799039384	0.00740990232401482
rf_003_019	0.00574399601824795	0.000783590007904974	0.00050522061300101
mpasivos_margen_rank	0.0053899827416225	0.00429698688956614	0.00387335803300775
rf_014_025	0.00530259310812658	0.00348144805316739	0.00404176490400808
cdescubierto_preacordado	0.00477657061886183	0.00688512936704985	0.00336813742000674
Visa_cconsumos_tend6	0.00471233333046106	0.00383797721374437	0.0063994610980128
Visa_mpagominimo_rank	0.00423643941379473	0.00285981353098579	0.00421017177500842
mprestamos_personales_rank_delta2	0.00422759924480755	0.00519319244392351	0.00235769619400472
mprestamos_personales_rank_lag1	0.00388390997507804	0.00269821200036338	0.00117884809700236
rf_009_026	0.00380105112334225	0.00264208733757307	0.00117884809700236
rf_007_015	0.00379226596474628	0.00123370349537251	0.00218928932300438
mactivos_margen_rank	0.00378097812352997	0.00813108286297081	0.00606264735601213
rf_012_028	0.00353422413873517	0.000401581336818046	0.000168406871000337
vm_status01	0.00339481679976107	0.00122194062115111	0.000842034355001684
ctrx_quarter_tend6	0.00330727511039336	0.00183251141804836	0.00252610306500505
cproductos_delta1	0.00327982377213826	0.000514263468883488	0.000168406871000337
rf_004_026	0.00326771684951734	7.71552029966498e-05	0.000168406871000337
mrentabilidad_annual_rank	0.00319956979874555	0.00269003598798187	0.00370495116200741
Visa_delinquency	0.00306346777133345	0.00282832554502444	0.00269450993600539
mprestamos_personales_rank_tend6	0.0029629855047849	0.00367419412816804	0.00168406871000337
mcuentas_saldo_rank_delta2	0.00289968303632468	0.00399220701610081	0.00488379925900977
mpayroll_sobre_edad_rank	0.00285165544129345	0.000737709016006712	0.00050522061300101
cliente_vip_delta1	0.0027684307545408	0.00310530592504087	0.00168406871000337
mcuentas_saldo_rank_tend6	0.00274494862632172	0.00229992489913839	0.00202088245200404
mtarjeta_visa_consumo_rank	0.00271876598889209	0.000854745496715111	0.00151566183900303
mcuenta_debitos_automaticos_rank	0.00267152072169958	0.00367004654537614	0.00168406871000337
rf_013_024	0.00266815127237853	0.00151338584947644	0.00286291680700573
thomebanking	0.00265235563969598	0.00389843169363598	0.00538901987201078
rf_006_019	0.00243537666039209	0.00286176028404105	0.00454698551700909
ccaja_ahorro	0.0023837782878621	0.0087424789710193	0.00286291680700573
ctrx_quarter_normalizado_delta1	0.00236607112230577	0.00107663504319651	0.000673627484001347
mrentabilidad_annual_rank_delta1	0.00214716643705742	0.00342531988587114	0.00589424048501179
rf_010_015	0.00214442094984267	0.00101230107521817	0.00117884809700236
ctrx_quarter_delta1	0.00199570927121839	0.00227561238910981	0.00151566183900303
mcomisiones_rank_lag2	0.00197795840508781	0.00316089790292677	0.00623105422701246
vm_Finiciomora	0.00190216310368278	0.00257131734441744	0.000842034355001684
mcomisiones_otras_rank_lag2	0.00189794562939973	0.00250738464237039	0.00555742674301112
ctrx_quarter_normalizado_delta2	0.00188774657462002	0.00239516160058441	0.00202088245200404
ctarjeta_visa_transacciones_delta2	0.00188404234687811	0.00342541100302584	0.00168406871000337
ccaja_seguridad	0.00185161017008246	0.00102852693776698	0.000336813742000674
mtarjeta_visa_consumo_rank_tend6	0.00180395812866767	0.00174385793102954	0.00117884809700236
mcomisiones_rank_delta2	0.00179816414848794	0.00338998920913555	0.00538901987201078
mrentabilidad_annual_rank_lag2	0.00174444198729909	0.00373017335396142	0.00606264735601213
mcuentas_saldo_rank_delta1	0.00174352314408565	0.00305374588125053	0.00370495116200741
Visa_mpagospesos_rank	0.00169596867271183	0.000655887563337549	0.00151566183900303
ctarjeta_visa_transacciones_tend6	0.00168701263438748	0.00294864224330211	0.00185247558100371
Visa_msaldototal_rank	0.00167471502886663	0.00184226445810739	0.00303132367800606
mactivos_margen_rank_delta2	0.001671547838016	0.00337662652794795	0.00673627484001347
Master_Fvencimiento_tend6	0.00165964159114796	0.00114273177766772	0.00202088245200404
Master_fultimo_cierre_tend6	0.00164956826674056	0.0020607073229869	0.00252610306500505
mcomisiones_otras_rank_tend6	0.00164721089291298	0.00250321603254279	0.00387335803300775
mpasivos_margen_rank_lag1	0.00163091852398491	0.00180364655479064	0.00269450993600539
internet_lag1	0.0015657742227664	0.00144966517003936	0.000842034355001684
tcallcenter	0.00145648733331364	0.003399221830061	0.00235769619400472
rf_005_017	0.00139382847832051	0.000507277236272032	0.000336813742000674
tcallcenter_delta2	0.00138984799113961	0.00144909568782248	0.000673627484001347
Visa_Fvencimiento_tend6	0.00137755177857285	0.00152984476167092	0.00218928932300438
mprestamos_personales_rank_delta1	0.00135232047954034	0.0059617901753741	0.00252610306500505
mttarjeta_visa_debitos_automaticos_rank_tend6	0.00133198242175449	0.00496047923081533	0.00252610306500505
rf_007_020	0.00132388426287591	0.00257131734441744	0.000842034355001684
ctarjeta_master_delta2	0.00131767957997512	0.000514263468883488	0.000168406871000337
vm_status04	0.00131145926960234	0.000776626554582193	0.000842034355001684
mprestamos_personales_rank_lag2	0.00131022518185621	0.0018745129218599	0.00134725496800269
cliente_vip_lag1	0.0012132880399506	0.0023790969453093	0.000842034355001684
vm_mpagospesos_rank_tend6	0.0011928812534574	0.000938242103228405	0.00101044122600202
internet_tend6	0.00115953643464679	0.00478926659262487	0.00168406871000337
cproductos_delta2	0.00115515693637601	0.00154279040665046	0.00050522061300101
vm_msaldototal_rank_lag1	0.00114076873899646	0.000598022913343037	0.000673627484001347
rf_010_019	0.00113784540366832	0.00242839658276186	0.0031997305490064
vmr_mpagominimo	0.00113431293444029	0.00210642885986443	0.00202088245200404
mcuenta_corriente_rank_lag1	0.0011320669552317	0.0036161840411766	0.00303132367800606
mcuenta_corriente_rank_lag2	0.00112853691090948	0.00402068988820998	0.00387335803300775
mrentabilidad_annual_rank_lag1	0.00112667167805862	0.00248448094373373	0.0031997305490064
Visa_mpagospesos_rank_tend6	0.00111148767398761	0.00216117975632231	0.00437857864600876
rf_012_027	0.00110817177839738	0.00136918243864313	0.00303132367800606
vm_mpagominimo_rank	0.00110424503809938	0.00199998650064308	0.00151566183900303
mpasivos_margen_rank_delta2	0.00108280091331678	0.00315838867666652	0.00623105422701246
vmr_msaldopesos	0.00108271378410606	0.000830483802022805	0.00117884809700236
vm_fultimo_cierre_tend6	0.00106574034141736	0.00137714467616168	0.00202088245200404
ccaja_seguridad_lag1	0.00105732804541137	0.00308558081330093	0.00101044122600202
tcallcenter_delta1	0.00105420514986835	0.00134991291267669	0.000673627484001347
mtarjeta_visa_consumo_rank_delta2	0.00103017583331699	0.00121779654286516	0.00185247558100371
mtransferencias_recibidas_rank	0.0010166958284513	0.00353582571974159	0.00202088245200404
vmr_mpagominimo_delta2	0.00101170665274389	0.00230677095151185	0.00151566183900303
mcomisiones_otras_rank_lag1	0.000991137323802117	0.00278456127472002	0.00437857864600876
mactivos_margen_rank_lag1	0.00098616803671629	0.00338622887425113	0.0031997305490064
vmr_msaldototal	0.000984765407906882	0.00128118429423697	0.00117884809700236
cpayroll_trx	0.000972281125302187	0.000480408189152877	0.000168406871000337
rf_012_016	0.000958764864773758	0.000675512796657918	0.00151566183900303
internet	0.000952743162635882	0.00159079337690149	0.000842034355001684
cprestamos_personales_tend6	0.00093753229822613	0.00309739275060563	0.00117884809700236
mplazo_fijo_dolares_rank	0.000930541537399364	0.00257131734441744	0.000842034355001684
mrentabilidad_annual_rank_delta2	0.000922136807194392	0.00308067625722381	0.00623105422701246
ccomisiones_mantenimiento_tend6	0.00091834301957527	0.00383680495650407	0.00151566183900303
ccomisiones_mantenimiento_delta1	0.000917793254978244	0.00308558081330093	0.00101044122600202
mcomisiones_mantenimiento_rank	0.000893770655149414	0.00237223161815313	0.00286291680700573
mactivos_margen_rank_delta1	0.00088951301483404	0.00275888551187687	0.00471539238800943
vm_Fvencimiento_tend6	0.000873350230989551	0.000394209608552082	0.00050522061300101
rf_002_026	0.000819278640229509	0.00217548865411643	0.00151566183900303
vm_Finiciomora_tend6	0.000789075434867258	0.00188910918914192	0.000673627484001347
rf_004_021	0.000788220669801166	0.00214765937236696	0.00117884809700236
mttarjeta_visa_debitos_automaticos_rank_delta1	0.000759191466751062	0.00123651936590338	0.000673627484001347
cliente_edad_lag2	0.00075543815895168	0.00214686735402224	0.00252610306500505
mcomisiones_mantenimiento_rank_delta2	0.000755007544114521	0.00169161626083191	0.00101044122600202
cprestamos_personales_delta2	0.000737958812550792	0.00205705387553395	0.000673627484001347
ccallcenter_transacciones_tend6	0.000736623940532295	0.00110915160165419	0.000673627484001347
vmr_mpagospesos_tend6	0.000729923119282048	0.00141882201317284	0.00117884809700236
mpayroll_rank_tend6	0.000719881281149311	0.00331271660518957	0.00168406871000337
rf_009_025	0.000717809089568075	0.00225098797805167	0.00252610306500505
vmr_msaldopesos2_tend6	0.000716446456060358	0.00467193573341666	0.00252610306500505
cliente_edad	0.000714065664829939	0.00415471270925834	0.00286291680700573
mcomisiones_otras_rank_delta1	0.000711597196672744	0.00228404247817269	0.0031997305490064
mpasivos_margen_rank_lag2	0.000706687051907841	0.0025759730805721	0.00454698551700909
Visa_mconsumospesos_rank_tend6	0.00070392902268444	0.00126445027832541	0.00336813742000674
thomebanking_lag1	0.000701589055191777	0.00129778864342839	0.00370495116200741
rf_007_026	0.000699378074943113	0.00113003495261063	0.00218928932300438
mcomisiones_rank_lag1	0.000698906743194856	0.00193638847891426	0.00421017177500842
ccajas_consultas_tend6	0.000697595886192879	0.00548151340519435	0.00185247558100371
rf_017_016	0.000697471710864289	0.00174602897246561	0.00235769619400472
internet_lag2	0.000694025047698728	0.000642854305709254	0.00050522061300101
vm_mpagominimo_rank_lag1	0.000693529136161776	0.00262000895008766	0.00218928932300438
mrentabilidad_rank_lag2	0.000688921542900833	0.00208719963571642	0.00437857864600876
vmr_mpagominimo_lag2	0.000681678386066751	0.00280890182079621	0.00269450993600539
mrentabilidad_rank_delta2	0.000673389233437639	0.0027968726041226	0.00454698551700909
Master_Fvencimiento_lag1	0.000667489582237817	0.00199124976730957	0.0050522061300101
vm_mpagominimo_rank_lag2	0.000665536045167728	0.000876087937951012	0.00134725496800269
mpayroll_sobre_edad_rank_delta2	0.000659553228271833	0.00248153014972378	0.00117884809700236
rf_017_018	0.000656646655833666	0.000922084578545626	0.00151566183900303
Visa_mconsumosdolares_rank_lag2	0.00065285417848599	0.00308290512300805	0.00404176490400808
Master_fechaalta_lag2	0.000649642394692827	0.00204427995134596	0.00370495116200741
mcaja_ahorro_dolares_rank	0.000639084471361044	0.00239457810034372	0.00168406871000337
Visa_fechaalta_lag1	0.000636930352572637	0.00194195538661594	0.00353654429100707
cliente_edad_lag1	0.000636433176171922	0.00354122090665172	0.00286291680700573
vmr_mpagominimo_delta1	0.000635987351342362	0.000998542384858213	0.000842034355001684
vm_fechaalta_lag1	0.000631332474677195	0.00247748945436335	0.00437857864600876
Visa_mconsumototal_rank_lag1	0.000630093465054517	0.00162425089520677	0.00336813742000674
rf_014_015	0.000625392508853494	0.00141543315591912	0.000842034355001684
Visa_mconsumototal_rank_tend6	0.000624302092371441	0.00205687865023645	0.00404176490400808
rf_013_021	0.000620616547744896	0.000465323043290819	0.00050522061300101
Master_fechaalta	0.000609473629101896	0.00230038223716488	0.00404176490400808
mcomisiones_otras_rank_delta2	0.000609360347663791	0.00236768101717696	0.0050522061300101
Visa_delinquency_tend6	0.000608258770492878	0.00327733336086473	0.00134725496800269
mcuentas_saldo_rank_lag2	0.000597375838734091	0.00335361769413279	0.00387335803300775
Master_fechaalta_lag1	0.000588719676616144	0.00218028982726802	0.00454698551700909
rf_001_022	0.0005882874502863	0.00118999004040436	0.00286291680700573
Visa_fechaalta	0.000586196149920906	0.00147974960136771	0.00336813742000674
vm_fechaalta_lag2	0.000576601352685176	0.00230959908781355	0.00370495116200741
chomebanking_transacciones_lag2	0.000565281934378836	0.00176268939375222	0.00387335803300775
mrentabilidad_rank_lag1	0.000561492095307898	0.00225613084053339	0.00336813742000674
vmr_msaldopesos_lag1	0.000561152206602489	0.00103606863457152	0.00117884809700236
numero_de_cliente	0.000558338802822774	0.00330062430740887	0.0031997305490064
Visa_cconsumos_delta2	0.000555919420935541	0.00119673796661121	0.00151566183900303
cdescubierto_preacordado_delta2	0.000554219518135763	0.00401450268295513	0.00134725496800269
chomebanking_transacciones_delta1	0.0005501081248974	0.00252282374333341	0.00235769619400472
Visa_mpagominimo_rank_lag1	0.000546868403293143	0.00210533019724909	0.00336813742000674
mpagomiscuentas_rank	0.000538367589414615	0.00281560769293166	0.00134725496800269
cmobile_app_trx_lag2	0.000537089784687595	0.00284544856109647	0.00286291680700573
rf_017_020	0.000532609607869801	0.000945838119875173	0.00151566183900303
cproductos	0.000532400023174717	0.00212349580384125	0.000842034355001684
vm_fechaalta	0.000530767771384022	0.00174991897407018	0.00336813742000674
Visa_msaldopesos_rank	0.00052685043623706	0.00159387558988457	0.00252610306500505
mrentabilidad_rank_delta1	0.00052515843279274	0.00124937038922228	0.00269450993600539
Visa_mlimitecompra_rank_tend6	0.000523388545345252	0.00249897733259618	0.0031997305490064
Master_delinquency	0.000522525087418795	0.00156858532269592	0.00117884809700236
Visa_delinquency_lag1	0.0005189999566145	0.00287013430100873	0.00151566183900303
Visa_Fvencimiento	0.000517172015783318	0.00238004316191582	0.00404176490400808
vm_mlimitecompra_rank_tend6	0.000512600594824735	0.00284564130892372	0.00235769619400472
vm_msaldototal_rank	0.000511047136659275	0.000693361245461604	0.00117884809700236
Visa_mconsumototal_rank_delta2	0.000510853743308254	0.00113399153982826	0.00286291680700573
mpasivos_margen_rank_delta1	0.000510284018755395	0.0018810610912276	0.0031997305490064
mpayroll_sobre_edad_rank_tend6	0.000500504882366717	0.000546906189555377	0.000336813742000674
mrentabilidad_rank_tend6	0.000495848745214771	0.00272391229474818	0.0031997305490064
mcomisiones_rank_delta1	0.000494703427257817	0.00240632169978239	0.00387335803300775
Visa_mpagominimo_rank_lag2	0.000486305976006069	0.00133927848937122	0.00235769619400472
ctrx_quarter_normalizado_tend6	0.000479792214133952	0.00261083941026931	0.00168406871000337
Master_mlimitecompra_rank	0.000479416249137452	0.00241759043866483	0.00387335803300775
chomebanking_transacciones	0.000478563139983378	0.00264281452255771	0.00269450993600539
Visa_mlimitecompra_rank	0.000476675059387131	0.00168632620910029	0.00370495116200741
mcaja_ahorro_dolares_rank_delta2	0.000472592166134085	0.00296544634933267	0.00134725496800269
Visa_msaldopesos_rank_lag2	0.000469402014809544	0.00247916811271343	0.00269450993600539
ctarjeta_debito_transacciones_delta2	0.000464785986337303	0.00202465471802559	0.00101044122600202
Visa_mpagospesos_rank_lag2	0.00046465951927618	0.00283777194081285	0.00387335803300775
vm_Fvencimiento	0.000463005838899619	0.00194248982377332	0.00303132367800606
cliente_antiguedad_lag1	0.000460132339520024	0.00224240894748591	0.00252610306500505
cliente_antiguedad_lag2	0.000459979573842569	0.00203584635777713	0.00269450993600539
mtarjeta_visa_consumo_rank_delta1	0.000459020880756273	0.0017374814824534	0.00101044122600202
Visa_mconsumototal_rank	0.00045516643287805	0.00143804598056192	0.00353654429100707
Visa_msaldopesos_rank_delta1	0.000454102402552018	0.00200644355285608	0.00235769619400472
chomebanking_transacciones_lag1	0.000450335640749881	0.00167030886465551	0.00286291680700573
mpayroll_rank_delta2	0.000450031827431927	0.00150092032181205	0.00050522061300101
Visa_mconsumosdolares_rank	0.000448725177756746	0.00184754049181522	0.00286291680700573
mactivos_margen_rank_lag2	0.00044555133524535	0.0017388499920269	0.0031997305490064
mcuenta_corriente_rank_delta2	0.00044244333703685	0.00162490623781943	0.00151566183900303
ctarjeta_visa_debitos_automaticos_tend6	0.000438815378840365	0.00133238337391446	0.000673627484001347
rf_003_021	0.000435358167989663	0.00117472791699182	0.000842034355001684
Visa_msaldopesos_rank_delta2	0.000433752543399752	0.00111563668991479	0.00218928932300438
cliente_antiguedad	0.00043199400041799	0.00133203993233135	0.00218928932300438
ccajas_transacciones_delta1	0.00042866359357149	0.00307620100312558	0.00134725496800269
Visa_Fvencimiento_lag2	0.000427981522246183	0.00123598142424005	0.00286291680700573
mcaja_ahorro_rank_delta2	0.000422470227801453	0.00265482271219561	0.00218928932300438
Master_Fvencimiento	0.000416006910193992	0.00210611871108785	0.00370495116200741
chomebanking_transacciones_delta2	0.000415165044298471	0.00219067543065104	0.00235769619400472
mcomisiones_rank	0.000413678451882861	0.00108766547567434	0.00202088245200404
thomebanking_lag2	0.000412743034187443	0.00156667361470016	0.00404176490400808
mrentabilidad_annual_rank_tend6	0.000410050239030602	0.00267542044591712	0.00353654429100707
Master_mfinanciacion_limite_rank	0.000408980137460164	0.00220844327581787	0.0031997305490064
Visa_fechaalta_lag2	0.000406775792804501	0.00229878418245165	0.00286291680700573
Visa_msaldototal_rank_delta2	0.000405771261453022	0.00109517913643128	0.00185247558100371
Visa_cconsumos_lag1	0.000404728066702072	0.00142888344975547	0.00218928932300438
Visa_mconsumototal_rank_lag2	0.000404121395886594	0.00188698020177726	0.00387335803300775
mtransferencias_recibidas_rank_delta2	0.000403444490116377	0.00290207436823763	0.00269450993600539
Visa_mconsumospesos_rank	0.000402570931126615	0.00172533836933642	0.00269450993600539
Visa_mfinanciacion_limite_rank_tend6	0.000399596546945204	0.00259395470060189	0.00336813742000674
mcaja_ahorro_rank_tend6	0.000397600263681114	0.00386272253025778	0.00235769619400472
mpagomiscuentas_rank_tend6	0.00039718711340688	0.00276362886068028	0.00117884809700236
ctrx_quarter_lag2	0.000391020453679824	0.00220528571595686	0.00168406871000337
mcaja_ahorro_rank_delta1	0.000386479555268672	0.00280018611449839	0.00235769619400472
ctrx_quarter_normalizado_lag2	0.00038574952352608	0.00252338796879137	0.00218928932300438
Visa_msaldopesos_rank_lag1	0.000382976064726855	0.000460514861127328	0.00134725496800269
Visa_mconsumospesos_rank_lag1	0.000370674027551702	0.00157858017366551	0.00269450993600539
Visa_mfinanciacion_limite_rank	0.000369811031044113	0.00169720069106334	0.00269450993600539
Master_msaldopesos_rank	0.000369590429451164	0.00232709007701033	0.00235769619400472
thomebanking_tend6	0.000368414523856787	0.00318493180473232	0.00117884809700236
Visa_mpagospesos_rank_lag1	0.000368238800451622	0.00148871763209392	0.00252610306500505
Visa_mpagominimo_rank_delta1	0.000367224643991528	0.00227853689932514	0.00252610306500505
rf_016_020	0.000366372090799183	0.00108873610224208	0.00235769619400472
Visa_Fvencimiento_lag1	0.00036192259624639	0.00123948242568417	0.00235769619400472
mcaja_ahorro_dolares_rank_delta1	0.000361667688584257	0.00112898184857264	0.00050522061300101
mextraccion_autoservicio_rank_lag2	0.000361219353455333	0.00184371357131774	0.00185247558100371
Master_mlimitecompra_rank_lag2	0.000359186199604565	0.0011040560500028	0.00269450993600539
Visa_mconsumospesos_rank_lag2	0.000358391324109463	0.00137140079090952	0.00252610306500505
Master_mfinanciacion_limite_rank_delta2	0.000354931606065644	0.001816183924827	0.00353654429100707
vm_msaldopesos_rank_delta2	0.000354530372540782	0.000862455409805256	0.000673627484001347
vm_msaldototal_rank_delta2	0.000354354812432432	0.000971654062956333	0.00101044122600202
vm_cconsumos_tend6	0.000351556591310145	0.00187777736915238	0.00134725496800269
Master_mlimitecompra_rank_tend6	0.00034953618210828	0.00124105945336169	0.00252610306500505
mcomisiones_otras_rank	0.000349116554123107	0.00167500665488157	0.00202088245200404
Visa_cconsumos_lag2	0.000348730072052117	0.000882098165655375	0.00218928932300438
Visa_mlimitecompra_rank_delta2	0.000346687760646439	0.00148388316613581	0.00303132367800606
ccomisiones_otras_tend6	0.000345514923346335	0.000722476680894751	0.00117884809700236
Visa_msaldopesos_rank_tend6	0.000344751802166777	0.00212042410437602	0.00218928932300438
vm_msaldopesos_rank	0.000344380452827355	0.000531565214758963	0.00134725496800269
mcomisiones_rank_tend6	0.000343840945396664	0.00141907784210719	0.00218928932300438
Master_mpagominimo_rank	0.000341161591648158	0.0013437011758802	0.00185247558100371
vm_fultimo_cierre_delta1	0.000336932416754043	0.00010350383098222	0.000168406871000337
mcuenta_debitos_automaticos_rank_delta2	0.000333158121117	0.00252038986395108	0.00134725496800269
chomebanking_transacciones_tend6	0.000330515743680523	0.00139784929731467	0.00151566183900303
rf_011_016	0.00032921059178115	0.000641631233132682	0.00101044122600202
vm_fechaalta_tend6	0.000329011551156666	0.000632664954659438	0.000842034355001684
Visa_mfinanciacion_limite_rank_lag1	0.000328332292884431	0.000797381991071458	0.00202088245200404
Visa_mpagominimo_rank_delta2	0.000326295793549207	0.00122975391716678	0.00218928932300438
cmobile_app_trx_tend6	0.000325365245093575	0.0030666757559533	0.00185247558100371
rf_007_018	0.000324704620236758	0.00209594337806183	0.00151566183900303
Master_fechaalta_tend6	0.000321305407422077	0.000276423163570369	0.000673627484001347
Visa_mpagominimo_rank_tend6	0.000320893318467714	0.0019888824735403	0.00252610306500505
vm_Fvencimiento_lag1	0.000320869640507228	0.00113149457933884	0.00202088245200404
Master_mlimitecompra_rank_delta2	0.000319294081225195	0.00140755677879635	0.00353654429100707
rf_002_015	0.000318868024212444	0.00112927272256649	0.00151566183900303
mtransferencias_recibidas_rank_lag2	0.000318639131538056	0.00176597311582743	0.00218928932300438
Master_mlimitecompra_rank_delta1	0.000316817571993553	0.001619251717469	0.00353654429100707
vm_status01_tend6	0.000312435898972212	0.0030016163552433	0.00134725496800269
Visa_mconsumospesos_rank_delta2	0.000307884406338691	0.00130121429799458	0.00185247558100371
Master_Fvencimiento_lag2	0.000305171411596713	0.00112469583779571	0.00218928932300438
vmr_mconsumospesos	0.000300374121979878	0.000643183729268561	0.00101044122600202
vmr_msaldopesos_delta2	0.00029763138430198	0.00095077772101179	0.00117884809700236
mpagomiscuentas_rank_delta2	0.000297459309289767	0.00194655329842243	0.000842034355001684
vmr_msaldototal_lag1	0.000296867869250307	0.000678123653590717	0.00168406871000337
Master_mconsumospesos_rank_delta2	0.000296508941397149	0.00102230994421156	0.00117884809700236
Master_mfinanciacion_limite_rank_lag1	0.000293766147693852	0.00198655372933648	0.00218928932300438
ccajas_transacciones	0.000293206239562652	0.00242915706055302	0.00151566183900303
vm_mfinanciacion_limite_rank_tend6	0.000290267154545819	0.00255246835916501	0.00185247558100371
vm_mpagospesos_rank	0.000287196959701721	0.000168361722600089	0.000336813742000674
Visa_mlimitecompra_rank_lag1	0.000286920173443251	0.000870328282422079	0.00168406871000337
vm_Fvencimiento_lag2	0.000286633498475814	0.00125740096460685	0.00185247558100371
rf_020_015	0.000285008755783004	0.000463173028890453	0.000336813742000674
tcuentas_lag2	0.000284725354009185	0.00282023188853277	0.00101044122600202
Visa_cconsumos	0.000284567398527258	0.00159731175796861	0.00185247558100371
rf_014_030	0.000281570401093866	0.000521526557465	0.00050522061300101
rf_015_025	0.000278368639860677	0.00126325173729049	0.00185247558100371
ccaja_ahorro_lag2	0.000278225111822826	0.00668542509548535	0.00218928932300438
Visa_mlimitecompra_rank_lag2	0.000274688360266257	0.00113500434204783	0.00218928932300438
vmr_mpagominimo_lag1	0.000273249817848383	0.000946814124782266	0.00134725496800269
rf_008_018	0.000272893527848385	0.00238421177174343	0.00117884809700236
vmr_mpagospesos	0.000272541701892374	0.000784031575654682	0.00151566183900303
Master_mlimitecompra_rank_lag1	0.000268223462652159	0.0015564597321087	0.0031997305490064
mcomisiones_mantenimiento_rank_lag2	0.000268070801796419	0.00128166966831106	0.00151566183900303
ctrx_quarter_lag1	0.000267392073958211	0.00114876303240779	0.00117884809700236
Master_mfinanciacion_limite_rank_lag2	0.000267373069600429	0.00106715009784265	0.00218928932300438
rf_011_021	0.000267094149858591	0.00105278337570036	0.00168406871000337
mcomisiones_mantenimiento_rank_delta1	0.000267065940166172	0.000606514331260047	0.00050522061300101
Visa_mfinanciacion_limite_rank_lag2	0.000266507063986691	0.00125923382121874	0.00202088245200404
mtarjeta_visa_consumo_rank_lag2	0.000266158257528637	0.000880161926117964	0.00134725496800269
rf_004_019	0.000265007683547675	0.00037014416619298	0.00101044122600202
mcuentas_saldo_rank_lag1	0.000264979121437419	0.00163819882888803	0.00134725496800269
vmr_mconsumototal_delta2	0.00026489973706049	0.000353110515022685	0.000336813742000674
vmr_Master_mlimitecompra_lag2	0.000263695450308862	0.00192997873753159	0.00202088245200404
rf_002_017	0.000262363260732288	0.000930195757567054	0.00185247558100371
Master_mconsumospesos_rank_tend6	0.000260314116825791	0.000764995099333925	0.00101044122600202
Visa_msaldototal_rank_delta1	0.000259645178974375	0.000770476146639827	0.00117884809700236
mcaja_ahorro_rank_lag2	0.000258773134590632	0.00124566787868603	0.00151566183900303
cpagomiscuentas_tend6	0.00025521861213871	0.00198323846670772	0.000673627484001347
Visa_mpagospesos_rank_delta1	0.000253008638398778	0.000766465239579977	0.00235769619400472
ccaja_seguridad_lag2	0.000252926855208513	0.00102852693776698	0.000336813742000674
Master_fultimo_cierre	0.000248294800761032	0.000900629993119323	0.00168406871000337
Master_mfinanciacion_limite_rank_tend6	0.000246711141149361	0.00159120340409765	0.00269450993600539
Visa_fechaalta_tend6	0.000245490817155288	0.000617949534175112	0.00101044122600202
mcaja_ahorro_dolares_rank_tend6	0.000243658992611766	0.00127318000264702	0.000673627484001347
Master_mpagominimo_rank_tend6	0.000241889683378031	0.00179843009768397	0.00117884809700236
Visa_mfinanciacion_limite_rank_delta2	0.000241282115252521	0.00102282335433324	0.00252610306500505
mcaja_ahorro_rank_lag1	0.000240896470512758	0.00118472802472034	0.00117884809700236
Visa_fultimo_cierre_tend6	0.000239590472810575	0.00142330953304189	0.00202088245200404
rf_005_019	0.000238370793758088	0.00108123645950894	0.00218928932300438
ccajas_extracciones_tend6	0.000238308805493696	0.00331877764823021	0.00134725496800269
ccomisiones_otras_lag1	0.000237201524914495	0.000767854776189178	0.000842034355001684
mautoservicio_rank_delta2	0.000236031859149017	0.00159709097409376	0.000842034355001684
vm_mfinanciacion_limite_rank_delta2	0.000233246191330821	0.00247250254239641	0.00202088245200404
rf_004_023	0.000233178725905874	0.00113449443643209	0.00050522061300101
ccaja_ahorro_lag1	0.000232710165607634	0.000514263468883488	0.000168406871000337
vmr_msaldototal_tend6	0.000232476456556138	0.000596309209933455	0.000842034355001684
Visa_mconsumototal_rank_delta1	0.000230517813324337	0.00109670710102551	0.00218928932300438
rf_012_015	0.000228821055853757	0.000845921150732845	0.000336813742000674
Visa_mpagado_rank_tend6	0.000228731993540835	0.00218644724422228	0.00134725496800269
vm_msaldopesos_rank_tend6	0.000227237780767221	0.000546289396508165	0.000842034355001684
vmr_msaldopesos_tend6	0.000226366027354103	0.00169647876283763	0.00117884809700236
rf_020_016	0.000225720939153914	0.00159073905705927	0.00117884809700236
Master_madelantodolares_rank_tend6	0.00022305164512739	0.000261895234154371	0.000842034355001684
rf_012_025	0.000222749550750029	0.0022297979828246	0.00101044122600202
Visa_msaldototal_rank_tend6	0.00022229283169112	0.0013995735142421	0.00168406871000337
rf_018_024	0.000220772036672588	0.00164496953438356	0.000842034355001684
Master_cconsumos_tend6	0.000219307328501035	0.00069133739327544	0.000842034355001684
rf_016_017	0.00021889667948981	0.000420575759067403	0.00050522061300101
mplazo_fijo_dolares_rank_delta2	0.000218186133742712	0.00203029346809925	0.000673627484001347
rf_018_025	0.000217928134065874	0.00114117577702589	0.00101044122600202
Master_mpagominimo_rank_lag2	0.000216018236320504	0.00132313673496521	0.00117884809700236
vm_status05	0.000214992960661125	0.000733752428789087	0.000673627484001347
vm_status03	0.000212750618133523	0.000369939152594901	0.000673627484001347
mttarjeta_visa_debitos_automaticos_rank_lag2	0.000210924608484316	0.000520273696587851	0.00101044122600202
mplazo_fijo_dolares_rank_tend6	0.000210372751067518	0.00355013461753571	0.00117884809700236
ctarjeta_debito_transacciones_lag2	0.000210266829627444	0.00135083459774156	0.00151566183900303
mactivos_margen_rank_tend6	0.000209248606842987	0.00151941535196353	0.00151566183900303
vmr_mconsumospesos_lag2	0.000206640525083887	0.000707037579931735	0.00151566183900303
mtransferencias_emitidas_rank	0.000206193635319914	0.00256035875431159	0.00117884809700236
vmr_msaldopesos2_lag2	0.000205670944093691	0.00249111847800316	0.00134725496800269
vm_msaldototal_rank_delta1	0.000205549319276243	0.0013091081976471	0.00101044122600202
cdescubierto_preacordado_lag1	0.000205506701116093	0.00145657255126694	0.00101044122600202
vmr_Visa_mlimitecompra_lag1	0.000204983845654121	0.000903992566578411	0.00168406871000337
rf_014_023	0.000202322085462504	0.00174380185893434	0.00117884809700236
Master_msaldototal_rank_delta1	0.000202089208659285	0.000189187249208355	0.00050522061300101
Visa_fultimo_cierre	0.000201489077905594	0.000769223285762679	0.00151566183900303
mrentabilidad_rank	0.000193499171620719	0.00111006102094823	0.00117884809700236
vm_fultimo_cierre	0.00019183207688841	0.000574490155888345	0.00117884809700236
ctarjeta_debito_tend6	0.000191597715186188	0.00299701493893087	0.00101044122600202
ccajas_transacciones_tend6	0.000190263974519312	0.00148719667651159	0.000673627484001347
cmobile_app_trx_lag1	0.000188677646952125	0.00134570400103066	0.000842034355001684
cdescubierto_preacordado_lag2	0.000187873499931088	0.00154999216637785	0.00117884809700236
rf_004_017	0.000187112173484548	0.00111884681736505	0.00050522061300101
mtransferencias_emitidas_rank_lag2	0.000186504627272199	0.00060187786988811	0.000842034355001684
cseguro_accidentes_personales	0.000185991229936888	0.00185663643700861	0.00101044122600202
Master_mconsumototal_rank_lag2	0.000185631872179151	0.000937520175002691	0.000842034355001684
rf_009_018	0.000181338698205792	0.00101806598750603	0.00050522061300101
vm_cconsumos_lag2	0.000180929998336298	0.000604348546582906	0.00050522061300101
Master_fultimo_cierre_lag2	0.000179678091802138	0.00125365114324028	0.00134725496800269
rf_013_015	0.000179079204676777	0.000897295455707836	0.00050522061300101
Visa_mlimitecompra_rank_delta1	0.000176544997377266	0.00101738786560469	0.00185247558100371
vmr_Master_mlimitecompra_lag1	0.000176016091736891	0.000900304074065967	0.00151566183900303
vm_mfinanciacion_limite_rank	0.000175422816300816	0.000581861884154308	0.00117884809700236
vm_mpagominimo_rank_delta1	0.000174392544440867	0.000202846061148737	0.000336813742000674
mcuenta_corriente_rank_delta1	0.000174160120359024	0.0011058521093022	0.00101044122600202
mttarjeta_visa_debitos_automaticos_rank_delta2	0.000172275079818441	0.000952433600073196	0.000673627484001347
ctransferencias_recibidas_lag2	0.000171982532349927	0.00207990150207541	0.00101044122600202
vm_cconsumos_delta1	0.000171921869492876	0.000514263468883488	0.000168406871000337
Visa_mconsumospesos_rank_delta1	0.000171839690849133	0.000821072451293903	0.00202088245200404
vm_mlimitecompra_rank_lag2	0.000171818072725724	0.000961937820209775	0.00151566183900303
Visa_mfinanciacion_limite_rank_delta1	0.000169450573295491	0.00134915944389743	0.00202088245200404
vm_msaldopesos_rank_lag1	0.000168548054256999	0.00125940554201029	0.000842034355001684
Master_mfinanciacion_limite_rank_delta1	0.000167232552342745	0.000688260437051283	0.00202088245200404
Visa_mconsumosdolares_rank_lag1	0.000167114398615086	0.000485195344280667	0.00151566183900303
vm_mlimitecompra_rank_lag1	0.000166352053997268	0.000867126916236694	0.00151566183900303
cplazo_fijo	0.000164775157447678	0.00102852693776698	0.000336813742000674
rf_003_028	0.000164351627112684	0.000906515810862459	0.00050522061300101
rf_007_016	0.000164350082799649	0.00114209045307886	0.000842034355001684
mtransferencias_recibidas_rank_lag1	0.000163589429561542	0.000851624734166577	0.00101044122600202
Visa_mpagosdolares_rank	0.000161330720388123	0.00028179907569777	0.000673627484001347
tcallcenter_lag2	0.000160524700130736	0.00046221805101906	0.00050522061300101
mttarjeta_visa_debitos_automaticos_rank	0.000159817843023667	0.00108852758413805	0.00101044122600202
rf_010_013	0.000158547037857076	0.000590220130845215	0.000842034355001684
cplazo_fijo_tend6	0.000158310554644656	0.00154279040665046	0.00050522061300101
rf_011_024	0.000157942255413843	0.00102982185271553	0.00101044122600202
ctransferencias_recibidas_tend6	0.00015780461365751	0.00214309825787294	0.00101044122600202
tcallcenter_lag1	0.000155243709803192	0.000801883528964318	0.000842034355001684
vm_msaldopesos_rank_lag2	0.000155191846548445	0.0015897542908873	0.00151566183900303
vm_cconsumos_lag1	0.000153961481780496	0.000461970983349581	0.000336813742000674
Visa_status_tend6	0.000152893295183073	0.00217037207542933	0.000842034355001684
ccomisiones_otras_delta2	0.00015212601558599	0.000727791264168025	0.00101044122600202
ctarjeta_visa_transacciones	0.000150767171925476	0.00245757334704913	0.00101044122600202
ctarjeta_master_transacciones_tend6	0.000150545558034881	0.00102521517964416	0.00050522061300101
mpayroll_sobre_edad_rank_delta1	0.000150281444360385	0.000691144645448187	0.00050522061300101
ctarjeta_master_tend6	0.000149532124518469	0.000500092999074397	0.000168406871000337
ccomisiones_otras	0.000148266557726757	0.00163663757148728	0.000673627484001347
Master_mpagospesos_rank_tend6	0.000147586149126556	0.000970611472436188	0.00117884809700236
vm_mfinanciacion_limite_rank_lag1	0.000147511224190721	0.000767679550891675	0.00151566183900303
mpasivos_margen_rank_tend6	0.000147107584679916	0.00152009172161189	0.00101044122600202
vm_fultimo_cierre_lag2	0.00014710331138773	0.001258794005722	0.00134725496800269
Master_mconsumototal_rank_tend6	0.000146424852832895	0.00101570570274866	0.000842034355001684
mpayroll_rank_lag2	0.000145885626432838	0.000974909748983944	0.00050522061300101
vm_mpagominimo_rank_delta2	0.000145519793223251	0.00130126686558383	0.000842034355001684
rf_011_017	0.000145178620225915	0.00119924018385956	0.00101044122600202
rf_001_019	0.000145035471714966	0.000431176889566352	0.00050522061300101
vmr_msaldopesos_delta1	0.000144938123968328	0.000636381483219483	0.00101044122600202
Visa_mconsumosdolares_rank_tend6	0.00014393286654574	0.000377607011613645	0.00117884809700236
vmr_msaldototal_lag2	0.000143617857410096	0.000242098280042449	0.000673627484001347
vmr_mconsumototal_lag2	0.000143466401778179	0.00087862169575291	0.00117884809700236
mcuenta_debitos_automaticos_rank_lag1	0.000142733426894828	0.000667189595026512	0.00050522061300101
mtransferencias_emitidas_rank_lag1	0.000142341491270761	0.000791285902971319	0.000842034355001684
vm_mpagospesos_rank_lag2	0.000140906711054493	0.000504435081946529	0.00101044122600202
Visa_mconsumosdolares_rank_delta2	0.000140897045317579	0.000411290570552703	0.00101044122600202
vmr_mconsumototal	0.000140623818479266	0.000359986355696714	0.000842034355001684
vmr_msaldopesos2	0.000139978997634282	0.000585483791053702	0.00134725496800269
vm_mlimitecompra_rank	0.000139853991307856	0.000598019408837087	0.00117884809700236
mttarjeta_visa_debitos_automaticos_rank_lag1	0.0001396385571544	0.000637331204331951	0.00101044122600202
matm_rank_lag2	0.000139196781967245	0.00076792136180223	0.000842034355001684
vm_mlimitecompra_rank_delta2	0.00013913442840821	0.00117515371446476	0.00134725496800269
vm_mconsumosdolares_rank	0.000138772601918341	0.000295161756885371	0.000336813742000674
mautoservicio_rank	0.000138351405673792	0.00211485018766244	0.00101044122600202
Master_mpagospesos_rank_lag1	0.000137540588919276	0.00127190085797525	0.000842034355001684
mcaja_ahorro_dolares_rank_lag2	0.000137429886343876	0.000831575455626251	0.00050522061300101
vmr_Master_mlimitecompra	0.000136333202697951	0.00104023724439912	0.00117884809700236
ctarjeta_debito_transacciones_delta1	0.000135170490407493	0.0029681465711672	0.00101044122600202
vmr_Visa_mlimitecompra_tend6	0.000135032817927554	0.00229816914165741	0.00101044122600202
ctarjeta_debito_delta2	0.000134851384188583	0.00154279040665046	0.00050522061300101
Visa_mpagospesos_rank_delta2	0.000134708039588735	0.000571206433813133	0.00151566183900303
Master_mconsumosdolares_rank_tend6	0.000133761669379481	0.000535257211777358	0.00101044122600202
vmr_mpagospesos_delta2	0.000133209417073978	0.000861204301181082	0.00101044122600202
vm_mconsumototal_rank_lag2	0.000132389938600106	0.000573526416752077	0.000842034355001684
rf_020_025	0.000132054556698115	0.00070835527416896	0.00151566183900303
ccajas_transacciones_lag2	0.000129833042742421	0.000997219433862063	0.00101044122600202
Master_msaldototal_rank	0.000129406544868511	0.000702061181482642	0.000842034355001684
rf_019_021	0.000128840331846658	0.00147295436433053	0.000842034355001684
Master_msaldototal_rank_tend6	0.000128817060973956	0.000438224451031934	0.000673627484001347
Master_mpagospesos_rank_delta2	0.00012858010696745	0.00114464348566348	0.000842034355001684
rf_005_022	0.000128222745340488	0.000402676494927441	0.00117884809700236
Master_msaldopesos_rank_delta2	0.000126536756719833	0.000353036920397734	0.00101044122600202
mextraccion_autoservicio_rank_delta2	0.000125745905791251	0.00219423250419036	0.00101044122600202
mtransferencias_emitidas_rank_delta2	0.00012556047346528	0.00171624943315492	0.000842034355001684
tcallcenter_tend6	0.000124803602845293	0.00142735022840232	0.000673627484001347
rf_015_015	0.000124619861221306	0.000433013250684186	0.00101044122600202
Master_msaldopesos_rank_lag1	0.000124437069318208	0.000405329405931641	0.000842034355001684
Visa_msaldototal_rank_lag2	0.000124121100973502	0.000660105236248454	0.00101044122600202
ccomisiones_otras_lag2	0.000123412071074921	0.00121573764561949	0.00117884809700236
vm_fechaalta_delta1	0.000122014624106697	0.000595632840285092	0.000336813742000674
ccajas_consultas_delta2	0.000120393361088213	0.000969272751163263	0.000336813742000674
mautoservicio_rank_lag2	0.000119552056576233	0.0004523335919869	0.00101044122600202
rf_013_019	0.000116755316512498	0.00241520737461878	0.00101044122600202
mcomisiones_mantenimiento_rank_lag1	0.000116284715805344	0.000656399221206259	0.000842034355001684
vmr_Master_mlimitecompra_tend6	0.000116214757701926	0.00114639048187959	0.000673627484001347
vmr_msaldopesos2_delta2	0.000115751269057818	0.000959225332604424	0.00101044122600202
Visa_fultimo_cierre_lag2	0.000115146717945268	0.000626966627984631	0.00101044122600202
cmobile_app_trx_delta2	0.000115004818258552	0.00108323753240643	0.00101044122600202
Master_mconsumosdolares_rank_lag1	0.000113984648139636	0.000127830359034602	0.000336813742000674
Master_mconsumototal_rank_delta2	0.000113581512857428	0.00108636179946091	0.00050522061300101
vm_status01_delta1	0.000112864877510829	0.00050130555813312	0.00050522061300101
mcaja_ahorro_dolares_rank_lag1	0.000110426946698095	0.000740234012543734	0.000673627484001347
Master_msaldototal_rank_lag1	0.000109660726161795	0.000841190067700256	0.000842034355001684
rf_019_023	0.000109452786083285	0.00074397857715138	0.000842034355001684
vmr_msaldototal_delta2	0.000108543755899341	0.000421355511641292	0.00050522061300101
Master_cadelantosefectivo_tend6	0.000107845044614308	0.00031293836331708	0.000842034355001684
Master_delinquency_lag1	0.000106752737726831	0.000542145318222212	0.00050522061300101
vmr_msaldopesos2_lag1	0.000105400120114775	0.000600914130751841	0.000842034355001684
mforex_sell_rank_delta2	0.000105089815305441	0.000534172567185812	0.000336813742000674
rf_002_024	0.000104883774668711	0.000682763619468604	0.00134725496800269
ccallcenter_transacciones_delta2	0.000104341663864202	0.00089405203545105	0.00050522061300101
vm_mconsumototal_rank_tend6	0.000103033899102838	0.000839742706742879	0.000673627484001347
rf_019_016	0.000102986692733538	0.000605675002085006	0.000842034355001684
Visa_mconsumosdolares_rank_delta1	0.000102524149292143	0.000613053739362869	0.000842034355001684
Master_mpagominimo_rank_delta1	0.000100040065297261	0.000596440628906582	0.00101044122600202
Master_mconsumospesos_rank_lag1	9.95916922156477e-05	0.000299740393909132	0.00050522061300101
ctarjeta_visa_transacciones_lag2	9.93642399362157e-05	0.000436770081062657	0.000842034355001684
vm_mpagominimo_rank_tend6	9.7862545512644e-05	0.000505146496654392	0.000673627484001347
Master_msaldototal_rank_delta2	9.54409971593471e-05	0.000900302321812992	0.000842034355001684
mextraccion_autoservicio_rank_lag1	9.5301147821536e-05	0.000436610626041929	0.00050522061300101
ccajas_depositos	9.52685708588419e-05	0.00205705387553395	0.000673627484001347
mpayroll_sobre_edad_rank_lag2	9.45409861611299e-05	0.000577277990371622	0.00050522061300101
Master_delinquency_delta2	9.42568144898812e-05	0.000245056083064305	0.000336813742000674
vmr_Visa_mlimitecompra_lag2	9.41472260970287e-05	0.000801196645798105	0.000842034355001684
mtransferencias_emitidas_rank_delta1	9.39850072629071e-05	0.00158615165877063	0.000673627484001347
ccajas_otras_tend6	9.3404574181321e-05	0.0019810569117538	0.000673627484001347
Master_madelantopesos_rank	9.28715340697612e-05	0.000167834294454604	0.000168406871000337
Visa_fultimo_cierre_delta1	9.13320898221895e-05	0.000278192939075152	0.000336813742000674
vm_mlimitecompra_rank_delta1	9.07144170188319e-05	0.00054149698462145	0.000842034355001684
mtransferencias_recibidas_rank_tend6	8.92339946262802e-05	0.000465179358546866	0.00050522061300101
rf_019_020	8.78067096145019e-05	0.000354111051471429	0.00050522061300101
Master_Fvencimiento_delta2	8.77337898457975e-05	0.000248061196916486	0.000673627484001347
Master_fultimo_cierre_delta1	8.77110860043593e-05	0.000395304766661478	0.000842034355001684
ctrx_quarter_normalizado_lag1	8.68173353927485e-05	0.00100187517001673	0.000673627484001347
vmr_Visa_mlimitecompra	8.67743928274618e-05	0.000519026092469628	0.000673627484001347
vm_mpagospesos_rank_delta2	8.66639703790611e-05	0.000226144016704774	0.00050522061300101
Master_cconsumos	8.57908750672551e-05	0.000606775416953327	0.000673627484001347
rf_015_029	8.56462938422524e-05	0.000936293597920168	0.00134725496800269
vm_msaldopesos_rank_delta1	8.5416572082312e-05	0.000429100469790938	0.00050522061300101
Visa_fultimo_cierre_lag1	8.53816230764825e-05	0.00051864059681512	0.000673627484001347
mautoservicio_rank_tend6	8.51550635889048e-05	0.0014420761624045	0.000673627484001347
rf_014_024	8.45507139870662e-05	0.000868982552137254	0.000673627484001347
mautoservicio_rank_lag1	8.43434647378812e-05	0.000504261608902	0.000673627484001347
rf_001_017	8.33601868928944e-05	0.00139224384004754	0.000673627484001347
Master_fultimo_cierre_delta2	8.26844121354355e-05	0.00019848820799983	0.00050522061300101
vm_mfinanciacion_limite_rank_delta1	8.20634085316982e-05	0.000866086077969524	0.000673627484001347
Master_status	8.20043198076526e-05	0.000331347533072776	0.00050522061300101
ctarjeta_debito_transacciones_tend6	8.13668456400189e-05	0.00151125160535285	0.000673627484001347
mforex_sell_rank_tend6	8.13213710881169e-05	0.00190483215508689	0.000673627484001347
Master_mpagominimo_rank_delta2	8.06451183074891e-05	0.000395006883655722	0.000336813742000674
Master_mconsumospesos_rank_lag2	8.03482485245647e-05	0.000314944692973493	0.000336813742000674
ctarjeta_visa_transacciones_lag1	7.94320138808462e-05	0.000648100551116503	0.000673627484001347
rf_001_020	7.94014466034599e-05	0.00157098240476577	0.000673627484001347
Visa_madelantodolares_rank_lag2	7.90239004707786e-05	0.000150099742094295	0.00050522061300101
vm_status02	7.87037623001499e-05	0.000415541536270133	0.000336813742000674
vmr_mconsumospesos_lag1	7.87026770339382e-05	0.000281311949370711	0.00050522061300101
vm_status04_delta2	7.80137805856724e-05	0.00141194266799286	0.00050522061300101
mpagomiscuentas_rank_delta1	7.72069931417627e-05	0.000798321198666076	0.00050522061300101
ccajas_transacciones_lag1	7.69041857960073e-05	0.000706734440167055	0.00050522061300101
Master_mpagosdolares_rank_lag2	7.518446627015e-05	0.000177278937990031	0.00050522061300101
Visa_fechaalta_delta1	7.49097475296589e-05	0.000107873949901952	0.000168406871000337
mpagomiscuentas_rank_lag2	7.42367866930851e-05	0.000493098005198065	0.00050522061300101
Visa_mpagado_rank_delta1	7.41913717811249e-05	0.000467063030495026	0.000673627484001347
active_quarter_lag1	7.38177365828016e-05	0.000576102228625375	0.00050522061300101
vmr_mpagominimo_tend6	7.32034528643122e-05	0.00102515735529599	0.00101044122600202
rf_020_023	7.16447652473734e-05	0.00033316286715491	0.00050522061300101
rf_016_019	7.12796956097662e-05	0.000317760563504371	0.00050522061300101
Visa_msaldototal_rank_lag1	7.04610269406549e-05	0.000554665165728822	0.000842034355001684
mtarjeta_visa_consumo_rank_lag1	6.99911331023553e-05	0.000283935072074335	0.00050522061300101
Visa_mpagado_rank_delta2	6.83847366947899e-05	0.00101448087791911	0.00050522061300101
Master_status_delta2	6.80917997593839e-05	0.000313483313992316	0.00050522061300101
ctarjeta_master_debitos_automaticos_tend6	6.79381501005204e-05	0.00154279040665046	0.00050522061300101
rf_017_017	6.77637041747172e-05	0.000311929065603461	0.000168406871000337
vm_status02_delta2	6.67080880504574e-05	0.00045848925668819	0.00050522061300101
mplazo_fijo_dolares_rank_lag1	6.60662285398387e-05	0.000494946632086725	0.000168406871000337
Visa_mpagosdolares_rank_delta2	6.54256072357366e-05	0.000223722403093279	0.000673627484001347
Master_fultimo_cierre_lag1	6.53998208677668e-05	0.000759217921275241	0.000673627484001347
Master_mconsumospesos_rank_delta1	6.50690649802466e-05	0.000161138935837003	0.000336813742000674
Visa_cadelantosefectivo_delta2	6.50535043772788e-05	0.00018442637787519	0.00050522061300101
Master_mpagospesos_rank_delta1	6.48696594564606e-05	0.000237983990057072	0.000673627484001347
Visa_mpagosdolares_rank_tend6	6.44273229422403e-05	0.000156667186244719	0.00050522061300101
Master_delinquency_tend6	6.43763850102255e-05	0.000283206134836722	0.000336813742000674
vmr_mpagospesos_delta1	6.43523248119316e-05	0.000637636096349606	0.00050522061300101
rf_008_013	6.4171825432047e-05	0.000432929142541385	0.000336813742000674
ccajas_extracciones_delta2	6.40096508760639e-05	0.00106615131364688	0.00050522061300101
ctransferencias_emitidas_tend6	6.39112079232233e-05	0.000360513783842199	0.000336813742000674
vmr_msaldopesos_lag2	6.35163490383782e-05	0.000287232812173347	0.00050522061300101
vm_fultimo_cierre_delta2	6.33738656031426e-05	0.000256417691354418	0.000673627484001347
Visa_mpagosdolares_rank_lag2	6.23754342429718e-05	0.000131226225300216	0.000336813742000674
vm_mfinanciacion_limite_rank_lag2	6.14599710780445e-05	0.000294509918778659	0.000673627484001347
mtransferencias_emitidas_rank_tend6	6.08484890813612e-05	0.000901048781580356	0.000336813742000674
Master_mconsumototal_rank_delta1	6.0635278097096e-05	0.000252454095124894	0.000336813742000674
thomebanking_delta2	5.96752937156982e-05	0.000480646495557482	0.00050522061300101
Visa_mpagado_rank	5.95305221624725e-05	0.000610800342036977	0.000673627484001347
vm_msaldototal_rank_tend6	5.91759727620794e-05	0.000237971724286247	0.000336813742000674
mpayroll_rank_lag1	5.84035840099917e-05	0.00144910970584628	0.00050522061300101
Visa_cconsumos_delta1	5.82437932444052e-05	0.000251493860494576	0.000842034355001684
vm_mconsumospesos_rank_tend6	5.74701177153937e-05	0.000548199352250951	0.00050522061300101
rf_019_024	5.72783382538107e-05	0.00019927847409157	0.00050522061300101
rf_015_023	5.70941294502802e-05	0.000882052607078024	0.00050522061300101
vm_mpagado_rank_delta2	5.66899495654576e-05	0.00139501590425404	0.00050522061300101
vmr_mconsumototal_tend6	5.65979913267312e-05	0.00084007037804921	0.000673627484001347
Master_cconsumos_lag1	5.54308600328665e-05	0.00040262042283224	0.000336813742000674
Master_mpagosdolares_rank	5.50518400707171e-05	0.000292444012521095	0.00050522061300101
rf_016_015	5.47999290897444e-05	0.000670233258444144	0.00050522061300101
vmr_mconsumosdolares_tend6	5.37456919132274e-05	0.000308254591114817	0.000336813742000674
vm_mconsumospesos_rank_lag1	5.28917943371967e-05	0.000163653418856175	0.000168406871000337
rf_015_019	5.28031856492863e-05	0.000554118462800612	0.000336813742000674
Master_fechaalta_delta2	5.22125225104297e-05	0.000398597250001565	0.000336813742000674
vm_fultimo_cierre_lag1	5.1636275972023e-05	0.000108462706901563	0.000168406871000337
ccomisiones_otras_delta1	5.13956233854973e-05	0.000485451173215022	0.000336813742000674
Master_status_delta1	5.05577472665292e-05	0.000179952876029931	0.000336813742000674
Master_mpagominimo_rank_lag1	5.02787037266302e-05	0.000278781696074763	0.00050522061300101
Visa_madelantopesos_rank_tend6	5.00610382712657e-05	0.000257521610728689	0.00050522061300101
catm_trx_other_tend6	5.00044856001951e-05	0.000885518563462639	0.000336813742000674
ctarjeta_master_descuentos_delta1	4.98346256244536e-05	0.000255813164078032	0.000168406871000337
vmr_mconsumosdolares	4.96815317014103e-05	0.000146793240730408	0.000168406871000337
Visa_mpagosdolares_rank_delta1	4.95601409255518e-05	0.00022620184105295	0.000336813742000674
cforex_sell_tend6	4.95087421394421e-05	0.00102852693776698	0.000336813742000674
vm_mconsumospesos_rank_delta2	4.9334488913905e-05	0.000275122991862895	0.00050522061300101
mpayroll_rank_delta1	4.87944092560462e-05	0.00154279040665046	0.00050522061300101
rf_005_015	4.83738030854658e-05	0.000878749610220087	0.00050522061300101
mcuenta_debitos_automaticos_rank_tend6	4.80786558576755e-05	0.000346900530479168	0.000168406871000337
vmr_mpagado_lag2	4.77867852121361e-05	0.00012880811619467	0.000168406871000337
rf_006_018	4.75514441949625e-05	0.000299212965763647	0.000336813742000674
ctransferencias_recibidas_delta2	4.75180512494299e-05	0.00125579239637577	0.00050522061300101
rf_001_015	4.72896058746052e-05	0.000420999804287361	0.00050522061300101
rf_011_019	4.72722316752287e-05	0.000724425186202987	0.00050522061300101
Master_mpagospesos_rank	4.65042644115453e-05	0.000141794062992639	0.000336813742000674
cpagomiscuentas_delta2	4.62877931104677e-05	0.00102852693776698	0.000336813742000674
vmr_mconsumospesos_tend6	4.61669390940845e-05	0.00060296426673263	0.000336813742000674
Master_msaldototal_rank_lag2	4.5424935085016e-05	0.00020544815681666	0.000336813742000674
rf_009_021	4.52605131875939e-05	0.000227531801061	0.000336813742000674
mpayroll_sobre_edad_rank_lag1	4.47645329743451e-05	0.000470802338343747	0.000168406871000337
ctarjeta_master_descuentos_tend6	4.39015159090489e-05	0.00102852693776698	0.000336813742000674
mextraccion_autoservicio_rank	4.36099741868243e-05	0.000180464533898641	0.000336813742000674
rf_016_018	4.34151666427473e-05	0.000674412381789597	0.000336813742000674
rf_010_017	4.30557835832166e-05	0.000349676099191621	0.00050522061300101
Master_mconsumospesos_rank	4.29991202167997e-05	0.000604693740418987	0.000336813742000674
rf_003_017	4.25724687248573e-05	0.000284749869707726	0.000168406871000337
cextraccion_autoservicio_lag2	4.18531784972173e-05	0.000704209443630032	0.000336813742000674
ccuenta_debitos_automaticos_delta2	4.17582425536751e-05	0.000514263468883488	0.000168406871000337
mtarjeta_master_consumo_rank_tend6	4.17003556648181e-05	0.000146956200257086	0.000168406871000337
vm_mconsumosdolares_rank_delta1	4.14716961283846e-05	0.000391320143396253	0.000168406871000337
rf_005_013	4.14116007544142e-05	0.00011602718299478	0.000168406871000337
rf_006_017	4.13456660879712e-05	0.000679849622771125	0.000336813742000674
cproductos_lag1	4.1149868159408e-05	0.00048109507231909	0.000168406871000337
Master_fechaalta_delta1	4.09237595859349e-05	0.000210627816610858	0.00050522061300101
vm_mpagado_rank_tend6	4.03916782316195e-05	0.000540042614652173	0.000336813742000674
mv_status07_rank_tend6	4.02921970016122e-05	0.000835938565534083	0.000336813742000674
thomebanking_delta1	4.02486200842186e-05	0.000403345855563904	0.000336813742000674
ctarjeta_debito_lag2	3.89645052706408e-05	0.00102852693776698	0.000336813742000674
rf_004_016	3.87365288826303e-05	0.000310572821800786	0.000168406871000337
Master_mconsumosdolares_rank_lag2	3.85744383647469e-05	0.000138053002890944	0.000336813742000674
Master_cadelantosefectivo	3.78105627625174e-05	0.00018999328557687	0.000168406871000337
ctarjeta_debito	3.75128221008991e-05	0.000912596128685823	0.000336813742000674
vm_status02_tend6	3.72853192178802e-05	0.000438602937674542	0.000168406871000337
matm_other_rank_tend6	3.72106066363832e-05	0.000235905818028683	0.000168406871000337
mcheques_depositados_rank_lag2	3.60050159387576e-05	0.00036243600535581	0.000168406871000337
mforex_sell_rank	3.59611137125911e-05	0.00100084484526741	0.000336813742000674
ccajas_depositos_tend6	3.5727567315481e-05	0.000435843139238865	0.000168406871000337
Master_cconsumos_lag2	3.56727094127534e-05	8.96400054437594e-05	0.000168406871000337
Master_mpagosdolares_rank_tend6	3.55377830810381e-05	0.00013408590215547	0.000336813742000674
mpagomiscuentas_rank_lag1	3.50104132821161e-05	9.89146804406086e-05	0.000168406871000337
ctarjeta_visa	3.47169956126347e-05	0.000187816987381879	0.000168406871000337
vm_mconsumototal_rank_lag1	3.45931342973736e-05	0.000135871447937028	0.000336813742000674
rf_006_013	3.45725955665458e-05	0.000196781513602148	0.000336813742000674
rf_018_021	3.44243604914792e-05	0.000349870599271849	0.000336813742000674
Master_mconsumosdolares_rank_delta1	3.43266214706776e-05	0.000113016812383674	0.000168406871000337
Master_mpagospesos_rank_lag2	3.40014536649664e-05	0.000102484019750751	0.000168406871000337
rf_010_018	3.36201411796039e-05	0.000270579399898634	0.000168406871000337
rf_008_019	3.32480579752177e-05	0.00034778191372561	0.000336813742000674
catm_trx_tend6	3.31201813557006e-05	0.000135636646038374	0.000168406871000337
Master_mpagosdolares_rank_delta2	3.29860086559758e-05	0.000411758422097037	0.000336813742000674
vmr_mpagado_delta2	3.26402497085789e-05	0.000729780071294688	0.000336813742000674
Visa_cadelantosefectivo_tend6	3.24701737639576e-05	0.000237267318590283	0.000673627484001347
Visa_mpagosdolares_rank_lag1	3.21416019633928e-05	0.00017216761606186	0.000336813742000674
rf_017_022	3.18431185134098e-05	0.00102852693776698	0.000336813742000674
cextraccion_autoservicio_delta2	3.12367194663023e-05	0.000338649171219738	0.000168406871000337
mv_status07_rank_delta2	3.11353225290771e-05	0.00102852693776698	0.000336813742000674
Master_madelantodolares_rank_lag2	3.10860255990942e-05	5.33613598486777e-05	0.000168406871000337
cmobile_app_trx	3.08971079510768e-05	0.000461473343504671	0.000168406871000337
rf_004_020	3.08339917236963e-05	0.000888372983558968	0.000336813742000674
rf_002_016	3.08174506762325e-05	0.000272846815248327	0.000168406871000337
cseguro_vida_lag2	3.0470882975081e-05	0.000877622911557141	0.000336813742000674
rf_009_019	3.0423953570056e-05	0.000301224552178985	0.000168406871000337
Visa_madelantopesos_rank_delta2	3.03634786691839e-05	4.39202208192003e-05	0.000168406871000337
Master_mpagado_rank_lag2	3.01942512382784e-05	5.41516259404175e-05	0.000168406871000337
vmr_mpagospesos_lag2	2.97330472105735e-05	0.000230577216731608	0.000336813742000674
Master_msaldopesos_rank_tend6	2.83939689948258e-05	0.000164005621704157	0.000168406871000337
rf_019_026	2.83658352077875e-05	4.87546867773161e-05	0.000168406871000337
Master_cadelantosefectivo_lag2	2.82837783289258e-05	9.13186637938409e-05	0.000336813742000674
rf_017_015	2.82239179001802e-05	0.000180138614845285	0.000336813742000674
vm_mconsumosdolares_rank_delta2	2.80667698165554e-05	0.00052049623271568	0.000336813742000674
Master_cadelantosefectivo_delta1	2.80547189337924e-05	0.000240572067701195	0.000168406871000337
vmr_mconsumosdolares_lag2	2.778458072155e-05	7.77316942254356e-05	0.000168406871000337
rf_018_019	2.77502859478082e-05	0.000118501364195527	0.000168406871000337
ctarjeta_debito_lag1	2.76438069646428e-05	0.000514263468883488	0.000168406871000337
cforex_tend6	2.76252968954679e-05	0.000456158760231396	0.000168406871000337
vmr_mpagado	2.75646521111255e-05	0.000490788535776972	0.000168406871000337
rf_001_013	2.61098333262678e-05	0.000143392117705869	0.000168406871000337
rf_005_020	2.57973670208653e-05	0.000170781583958609	0.000168406871000337
rf_020_027	2.5494849742099e-05	0.000167185960853841	0.000168406871000337
vmr_mconsumototal_lag1	2.53120244044886e-05	0.000180482056428391	0.00050522061300101
Visa_msaldodolares_rank_tend6	2.51504778751642e-05	0.000302195300327153	0.000168406871000337
Visa_delinquency_lag2	2.45398660794483e-05	9.59656386836282e-05	0.000168406871000337
vm_mconsumospesos_rank	2.44100163718603e-05	0.000109037445877374	0.000336813742000674
mtarjeta_master_consumo_rank_delta1	2.43246472171462e-05	0.000454776232634095	0.000168406871000337
Visa_Finiciomora_tend6	2.42590270158503e-05	0.000472714046339508	0.000168406871000337
mv_status07_rank	2.41377464835204e-05	0.000356269827136669	0.000168406871000337
rf_017_019	2.4084469942883e-05	0.000213990390069946	0.000168406871000337
Master_msaldopesos_rank_lag2	2.39151995892922e-05	9.69801931561723e-05	0.000336813742000674
ccallcenter_transacciones_delta1	2.3893940209169e-05	0.00055771058139943	0.000336813742000674
Master_madelantodolares_rank	2.38341574930747e-05	5.39518691012638e-05	0.000168406871000337
Visa_msaldodolares_rank_delta1	2.36736158064042e-05	0.000140264346145436	0.000168406871000337
Master_cadelantosefectivo_lag1	2.36647457205313e-05	0.000116486273274239	0.000336813742000674
Master_mpagado_rank_delta1	2.35595480924767e-05	0.000184491211235267	0.000168406871000337
ctarjeta_visa_transacciones_delta1	2.35380307244239e-05	0.000502419991025241	0.000168406871000337
vm_mconsumospesos_rank_lag2	2.32455600649257e-05	0.000138566413012629	0.000168406871000337
matm_rank	2.32390773839912e-05	0.000477737755618927	0.000168406871000337
mextraccion_autoservicio_rank_tend6	2.27491117684982e-05	0.000386068641230079	0.000168406871000337
active_quarter	2.25615586100557e-05	0.000161163467378653	0.000168406871000337
rf_002_021	2.24281585186663e-05	0.000316453382784996	0.000168406871000337
mautoservicio_rank_delta1	2.22403939095215e-05	0.000375339596263953	0.000168406871000337
rf_010_016	2.2170526621469e-05	0.000385677888816647	0.000168406871000337
mtarjeta_master_descuentos_rank_delta1	2.18271126081431e-05	4.64977849454737e-05	0.000168406871000337
vmr_mpagospesos_lag1	2.1402900931997e-05	6.99429297514143e-05	0.000168406871000337
vm_status05_delta2	2.13755623441812e-05	0.000514263468883488	0.000168406871000337
vm_mconsumosdolares_rank_tend6	2.13508768301351e-05	0.000338784094698816	0.000168406871000337
vm_mpagospesos_rank_lag1	2.13176790698661e-05	4.38291036644986e-05	0.000168406871000337
rf_006_015	2.09796959057758e-05	0.000193779904255916	0.000168406871000337
Visa_status_delta1	2.09473059956261e-05	0.000100041379103555	0.000168406871000337
mcheques_depositados_rank_tend6	2.09364289353518e-05	0.00102852693776698	0.000336813742000674
mcuenta_debitos_automaticos_rank_delta1	2.03761198159082e-05	0.000122118014335995	0.000168406871000337
Master_status_tend6	2.02585478035887e-05	5.24011252183596e-05	0.000168406871000337
vm_mconsumototal_rank	2.02326821416055e-05	4.62191767224435e-05	0.000168406871000337
mcuenta_debitos_automaticos_rank_lag2	2.02189866422687e-05	5.31265579500233e-05	0.000168406871000337
Visa_madelantodolares_rank_tend6	2.01548429813473e-05	7.7328676041178e-05	0.000168406871000337
Visa_fultimo_cierre_delta2	1.98089277050124e-05	6.34263009372668e-05	0.000168406871000337
mtarjeta_visa_descuentos_rank_delta1	1.95609213329494e-05	0.000449211077185391	0.000168406871000337
ccajas_extracciones	1.94946270195853e-05	0.000514263468883488	0.000168406871000337
ccajas_transacciones_delta2	1.94202054087129e-05	0.000173003440730951	0.000168406871000337
mplazo_fijo_dolares_rank_lag2	1.93995392652824e-05	0.000463884443598317	0.000168406871000337
vm_mpagospesos_rank_delta1	1.93124631431463e-05	0.000101033154287423	0.000168406871000337
vm_Finiciomora_lag1	1.91635241360406e-05	0.000514263468883488	0.000168406871000337
vm_status01_delta2	1.90923465765419e-05	0.000438623964710242	0.000168406871000337
Visa_fechaalta_delta2	1.84073728098953e-05	0.000109938103906541	0.000168406871000337
vmr_mconsumosdolares_delta1	1.83777028425408e-05	0.000289339020249337	0.000168406871000337
Master_mconsumototal_rank_lag1	1.83490277778499e-05	0.00018464190499112	0.000336813742000674
ccajas_consultas	1.8217173806767e-05	0.000514263468883488	0.000168406871000337
ccallcenter_transacciones	1.80786103422442e-05	0.000514263468883488	0.000168406871000337
cmobile_app_trx_delta1	1.78265321887077e-05	0.000451669488109362	0.000168406871000337
mv_status07_rank_delta1	1.7543495483622e-05	0.000475344178055032	0.000168406871000337
vm_status02_lag1	1.71704349974641e-05	5.66152936233138e-05	0.000168406871000337
rf_013_017	1.71330371394835e-05	0.000264812735357801	0.000168406871000337
vmr_msaldototal_delta1	1.70514948810277e-05	0.00026155704933019	0.000168406871000337
ctarjeta_debito_transacciones	1.70410741566709e-05	0.000494696059911296	0.000168406871000337
Master_msaldopesos_rank_delta1	1.69934326868876e-05	8.25468854008261e-05	0.000168406871000337
Visa_delinquency_delta1	1.64185795543913e-05	0.000444241687748197	0.000168406871000337
vm_status03_delta2	1.60417201846749e-05	0.000463586560592561	0.000168406871000337
cforex_delta2	1.59958715276842e-05	0.000514263468883488	0.000168406871000337
cinversion2_lag2	1.59338785192055e-05	0.000514263468883488	0.000168406871000337
vmr_msaldodolares_lag1	1.59018157250996e-05	0.000514263468883488	0.000168406871000337
vm_mconsumosdolares_rank_lag2	1.58630443411892e-05	0.000112333433723411	0.000168406871000337
Master_madelantopesos_rank_tend6	1.58096065016186e-05	8.04441818307866e-05	0.000336813742000674
Master_mconsumototal_rank	1.50287402932741e-05	0.000470313459763712	0.000168406871000337
rf_012_019	1.48170266329994e-05	0.000298643483546762	0.000168406871000337
rf_007_028	1.47800363146204e-05	0.000474249019945636	0.000168406871000337
Visa_cadelantosefectivo_lag1	1.47793079844234e-05	6.24695708128988e-05	0.000168406871000337
ccajas_consultas_delta1	1.47485753417443e-05	0.000514263468883488	0.000168406871000337
mplazo_fijo_dolares_rank_delta1	1.45674714297235e-05	0.000514263468883488	0.000168406871000337
vmr_mconsumototal_delta1	1.4544688068363e-05	0.00013942676922337	0.000168406871000337
vm_cconsumos	1.44060179748535e-05	0.00048401257352252	0.000168406871000337
vm_cconsumos_delta2	1.42297494162869e-05	0.000514263468883488	0.000168406871000337
ccomisiones_mantenimiento_delta2	1.42289126498323e-05	0.000514263468883488	0.000168406871000337
vmr_mpagado_tend6	1.41702477308269e-05	0.00048721919646683	0.000168406871000337
Master_mpagado_rank_lag1	1.41006994260988e-05	7.07209300723289e-05	0.000168406871000337
Master_cconsumos_delta2	1.38951078962021e-05	5.02423495531191e-05	0.000168406871000337
vmr_Master_mlimitecompra_delta2	1.38638448194961e-05	0.000112082861547981	0.000168406871000337
ctarjeta_visa_debitos_automaticos_lag2	1.35627019702951e-05	0.00029831230773448	0.000168406871000337
mcheques_emitidos_rank_delta2	1.31656707457558e-05	0.000514263468883488	0.000168406871000337
matm_rank_lag1	1.31228908348556e-05	0.000514263468883488	0.000168406871000337
mtarjeta_master_consumo_rank	1.30252150685376e-05	0.000506972344254376	0.000168406871000337
mcheques_emitidos_rank_lag2	1.25967373292898e-05	0.000463095929759552	0.000168406871000337
vm_msaldototal_rank_lag2	1.24229695819144e-05	8.4141435608106e-05	0.000336813742000674
catm_trx_other_lag1	1.22342041964754e-05	0.000514263468883488	0.000168406871000337
ctransferencias_emitidas	1.19234421475884e-05	0.000494696059911296	0.000168406871000337
ctarjeta_master_transacciones_delta1	1.17351850571069e-05	0.000514263468883488	0.000168406871000337
vm_status02_delta1	1.00824565475689e-05	0.000179222186539343	0.000168406871000337
Master_madelantopesos_rank_lag2	9.95887716657759e-06	4.05646563720122e-05	0.000168406871000337
Visa_mpagado_rank_lag1	9.74571497862829e-06	5.31037786613478e-05	0.000168406871000337
vm_mconsumototal_rank_delta2	9.67203796339154e-06	4.11183683121226e-05	0.000168406871000337
vm_mpagado_rank_delta1	9.45561365135897e-06	0.000514263468883488	0.000168406871000337
Master_Fvencimiento_delta1	9.28930134851239e-06	4.42443876195814e-05	0.000168406871000337
ctarjeta_visa_debitos_automaticos	9.25990879725026e-06	0.000476525196560204	0.000168406871000337
Visa_msaldodolares_rank_lag2	8.59826689870058e-06	4.93381870180021e-05	0.000168406871000337
vmr_mpagosdolares_lag2	8.36934982615525e-06	0.000514263468883488	0.000168406871000337
Master_mconsumosdolares_rank_delta2	8.05902423320519e-06	7.22488946665576e-05	0.000168406871000337
vm_status01_lag1	7.76927261286668e-06	6.89091004961448e-05	0.000168406871000337
vm_status01_lag2	6.89394035142956e-06	4.06172239612632e-05	0.000168406871000337
Visa_madelantopesos_rank_lag2	5.53045697454348e-06	4.09992151098204e-05	0.000168406871000337
Master_madelantodolares_rank_lag1	5.52753845785153e-06	8.06088936104397e-05	0.000336813742000674
vmr_mconsumospesos_delta2	4.72766179218493e-06	4.98883944521624e-05	0.000168406871000337
Master_cconsumos_delta1	3.98719802979238e-06	3.98917912295996e-05	0.000168406871000337
Visa_madelantodolares_rank	3.70561120783457e-06	4.58003882614106e-05	0.000168406871000337
Master_mpagosdolares_rank_delta1	2.26577560287282e-06	4.06224807201883e-05	0.000168406871000337
Visa_madelantopesos_rank	1.79635865819787e-06	4.4917252761994e-05	0.000168406871000337
