Feature	Gain	Cover	Frequency
rf_018_027	0.110906970157634	0.00221442236477999	0.00296931705707687
rf_009_015	0.0961584004509686	0.00484704860911481	0.00478389970306829
mcaja_ahorro_rank	0.0621551465116798	0.00451144024842397	0.00296931705707687
ctarjeta_visa_transacciones	0.0554973352523447	0.00292575465676396	0.00214450676344441
rf_004_022	0.0547030088536968	0.00466422857610028	0.00511382382052128
rf_008_022	0.0352657858150922	0.00166511268898232	0.00296931705707687
ctrx_quarter	0.0290840374446601	0.00138813511934342	0.000989772352358957
ctrx_quarter_normalizado	0.0248702579229507	0.00222193195695132	0.00164962058726493
mpayroll_sobre_edad_rank	0.0233428733572696	0.00198640818012212	0.00115473441108545
rf_013_026	0.0211824046075291	0.00570971772966713	0.00329924117452986
mprestamos_personales_rank	0.0201210726356994	0.0149652534324217	0.00791817881887166
vm_status01	0.0183206174174382	0.00086339875705877	0.000494886176179479
ccomisiones_mantenimiento_tend6	0.0173666474829552	0.00305936031872371	0.00164962058726493
mpayroll_rank	0.0132385248571739	0.00208465812241809	0.00115473441108545
cdescubierto_preacordado	0.0130208818098032	0.019824082839193	0.010722533817222
rf_014_025	0.0129507806414121	0.00336401854273563	0.00362916529198284
mcuentas_saldo_rank_lag2	0.0128197921220519	0.00709465444240697	0.00577367205542725
mcuentas_saldo_rank_tend6	0.00984453506353742	0.00738913995652695	0.00659848234905972
mcuenta_corriente_rank	0.00850066733929289	0.0109775022902313	0.00890795117123062
mtarjeta_visa_consumo_rank	0.00823092237367176	0.00121565549045596	0.000989772352358957
foto_mes	0.00816485629389781	0.0134350146624621	0.0115473441108545
mcuentas_saldo_rank	0.00811538098593311	0.0045068603078569	0.00428901352688882
rf_003_018	0.00805055694349792	0.00277982180268624	0.00346420323325635
rf_016_022	0.00771954475109068	0.000491834975465989	0.000329924117452986
ctarjeta_visa_transacciones_tend6	0.00738337926429652	0.0028753975216831	0.00197954470471792
Visa_status	0.00711761753747407	0.000391472752142237	0.000329924117452986
rf_010_017	0.00692837911798635	0.000861811769893311	0.000659848234905972
mpasivos_margen_rank	0.00659364466184294	0.00336868954904628	0.00329924117452986
cproductos_delta2	0.0064106744163809	0.00293340862145559	0.00148465852853844
vm_status03	0.00606773395351639	0.00151245540713214	0.00131969646981194
rf_017_021	0.00605583961206207	0.000972664322653677	0.000659848234905972
cproductos_delta1	0.00590391835454958	0.000651868582545687	0.000329924117452986
rf_003_019	0.00579787518734527	0.000406632977331651	0.000329924117452986
rf_006_019	0.00573171541757404	0.00361926249528005	0.00577367205542725
mcuenta_corriente_rank_tend6	0.00552861334204506	0.00449702298643518	0.00313427911580337
mactivos_margen_rank	0.00539014215406969	0.00628736884175766	0.00494886176179479
ctrx_quarter_delta2	0.00537007808662395	0.00266611622681317	0.00247443088089739
vm_status05_delta2	0.00512301698736072	0.000325934291272844	0.000164962058726493
mpayroll_sobre_edad_rank_lag1	0.00496405557438712	0.000282629198529747	0.000164962058726493
rf_007_015	0.00490526196120598	0.00177064789076423	0.00181458264599142
mcuentas_saldo_rank_delta2	0.00416322874773041	0.00532041944979219	0.00511382382052128
rf_010_015	0.00359880645186652	0.00217242661974024	0.00148465852853844
mrentabilidad_annual_rank_lag2	0.00353300872837014	0.00463154819029346	0.00659848234905972
ctarjeta_visa_transacciones_delta2	0.00341474032559305	0.00128640135707681	0.000659848234905972
rf_001_022	0.00335810789007529	0.00148557324385216	0.00247443088089739
vm_status05_tend6	0.00321271115466977	0.00130373716509137	0.000659848234905972
mcomisiones_rank_lag2	0.00315767216427839	0.00452480581213027	0.00808314087759815
rf_017_020	0.00297869803394292	0.000621338236733499	0.000659848234905972
mttarjeta_visa_debitos_automaticos_rank_tend6	0.00291342113198944	0.00257075040324966	0.00164962058726493
cpayroll_trx	0.0028883811199546	0.00358527720400128	0.00181458264599142
mcomisiones_mantenimiento_rank_tend6	0.00287496362676643	0.00249123001906808	0.0023094688221709
thomebanking	0.00282090507660221	0.00441367784102348	0.0069284064665127
mprestamos_personales_rank_lag1	0.00259041115191397	0.00226186761718217	0.00131969646981194
cliente_vip_delta1	0.00248719165283883	0.001455350522564	0.000824810293632465
tcallcenter	0.00247515560669234	0.00236279178277725	0.00131969646981194
ctrx_quarter_normalizado_delta1	0.00242206893699714	0.00403499538362203	0.00263939293962389
mpasivos_margen_rank_lag1	0.00241697848387319	0.000807332244078946	0.000989772352358957
vm_status04_tend6	0.00223885754991621	0.00195560574763706	0.000989772352358957
ctrx_quarter_normalizado_tend6	0.0019396476232659	0.00290961603011005	0.00247443088089739
ctrx_quarter_delta1	0.00182151390165865	0.00127543348776536	0.00115473441108545
vm_fechaalta_tend6	0.00182084553187601	0.00165935555709587	0.00148465852853844
internet	0.00180683470132222	0.00290921067649536	0.00197954470471792
rf_012_028	0.001753837240187	0.000513097716032726	0.000494886176179479
Visa_mpagominimo_rank	0.00171871982789383	0.0046590733665677	0.0046189376443418
Visa_mpagospesos_rank_tend6	0.00169668227403875	0.00271470646435711	0.00412405146816232
Visa_delinquency	0.00169330380065626	0.00529118401443132	0.00395908940943583
mcomisiones_mantenimiento_rank	0.00156562826235251	0.00442076542121239	0.00428901352688882
rf_017_018	0.00154991087785983	0.000366989393814948	0.000329924117452986
mcuentas_saldo_rank_delta1	0.00151406580636846	0.00252614817893956	0.00247443088089739
cproductos	0.00149316514173958	0.00937682305705911	0.00511382382052128
Visa_mpagospesos_rank	0.0014820654199685	0.00203557146551588	0.00313427911580337
Master_Fvencimiento_tend6	0.00146795188227219	0.000956161433025467	0.00164962058726493
ctrx_quarter_normalizado_delta2	0.00146257622335111	0.00349711445864293	0.00362916529198284
mcuenta_debitos_automaticos_rank	0.0014452598268071	0.00397505080263536	0.0023094688221709
mcuenta_corriente_rank_lag1	0.00141887756920622	0.00533840160247456	0.00428901352688882
vm_mpagominimo_rank	0.00137861899653155	0.0013392383678333	0.00148465852853844
mprestamos_personales_rank_tend6	0.00130092489355472	0.00418603902491839	0.00214450676344441
Visa_cconsumos_tend6	0.00125666852275495	0.00383365013513723	0.00626855823160673
internet_lag1	0.00122158251629219	0.00169958440459872	0.00164962058726493
Visa_mpagominimo_rank_lag2	0.00121171919100482	0.00282629309585532	0.00412405146816232
mrentabilidad_annual_rank_delta2	0.00119764904883386	0.00353396721028644	0.00626855823160673
mcuentas_saldo_rank_lag1	0.00117980261817215	0.00525427573489539	0.00379412735070934
Master_fechaalta_tend6	0.00116326468949814	0.0016178084774269	0.00247443088089739
ccomisiones_mantenimiento_delta2	0.00114784983450377	0.000651868582545687	0.000329924117452986
mcomisiones_otras_rank_tend6	0.00114542707082229	0.00224158216752209	0.00263939293962389
mpagomiscuentas_rank	0.00113085529506064	0.00329719516643556	0.00197954470471792
mrentabilidad_annual_rank_delta1	0.00111928643299732	0.00293618057384536	0.0046189376443418
mrentabilidad_annual_rank	0.00106755911932471	0.00334014488066715	0.00395908940943583
rf_011_016	0.00105585346529346	0.000761626125267465	0.000659848234905972
mcaja_ahorro_rank_lag2	0.00103689051330684	0.0013758412439609	0.00131969646981194
Master_delinquency	0.00102259229187888	0.00497801891730014	0.00379412735070934
mactivos_margen_rank_delta2	0.000999225733184999	0.00526060702518949	0.0069284064665127
mcomisiones_rank_lag1	0.000989840003760606	0.00316116404613477	0.00395908940943583
mrentabilidad_annual_rank_lag1	0.000966548871812157	0.00289147062542396	0.00346420323325635
vm_mpagominimo_rank_lag2	0.000950377486884806	0.00149615463903235	0.00131969646981194
cdescubierto_preacordado_lag2	0.000921548403984379	0.009455938087626	0.00527878587924777
rf_004_019	0.000891635737089809	0.0017570224565214	0.0023094688221709
cliente_edad_lag2	0.000888768581750837	0.00358752275197088	0.00313427911580337
cproductos_tend6	0.000874163889626602	0.000258702229684539	0.000164962058726493
Visa_msaldototal_rank_lag1	0.000866601792263259	0.00146686922856829	0.0023094688221709
mcomisiones_otras_rank_lag2	0.000865535780848189	0.0032512969211163	0.00494886176179479
mcuenta_corriente_rank_lag2	0.000857031314513908	0.00524182082862484	0.00412405146816232
Visa_msaldototal_rank	0.000856034876385161	0.00190658017141651	0.0023094688221709
ccallcenter_transacciones_tend6	0.000854707260861782	0.00235829513404881	0.00131969646981194
cliente_edad_lag1	0.00082125710235802	0.00520941252949089	0.00478389970306829
Visa_mconsumototal_rank	0.000803795991945785	0.00323698183044957	0.00544374793797427
Visa_fechaalta	0.000802606069097559	0.00406323575915068	0.00428901352688882
vm_fechaalta_lag2	0.000781953365272817	0.00234339033716454	0.00313427911580337
mprestamos_personales_rank_lag2	0.000779701267880466	0.00509813463307456	0.00280435499835038
mrentabilidad_rank	0.000771293797117411	0.00350345685451552	0.00379412735070934
vmr_mpagominimo_tend6	0.000759450895985109	0.00143482630296649	0.00115473441108545
Visa_cconsumos_lag2	0.000756811190908733	0.00219322736824201	0.00329924117452986
Master_fultimo_cierre_tend6	0.000752396719381196	0.00198309538606015	0.00280435499835038
cliente_edad	0.000743390015078902	0.00293629274018806	0.00346420323325635
mtransferencias_recibidas_rank	0.000742290089050811	0.00460567996632913	0.00280435499835038
rf_009_025	0.000739257978133175	0.00328087885052589	0.00313427911580337
internet_tend6	0.000739216297515646	0.0032988709982289	0.00181458264599142
mcomisiones_otras_rank_lag1	0.000732677311055842	0.00270060682191299	0.00412405146816232
ctrx_quarter_tend6	0.00073229282100291	0.00268997989386101	0.0023094688221709
mcuenta_debitos_automaticos_rank_lag2	0.000730411231579096	0.00176075393089225	0.00115473441108545
ccajas_consultas_tend6	0.000726122514167451	0.00456308007781981	0.0023094688221709
Master_fechaalta_lag1	0.000725594788744257	0.00404919830794607	0.00560870999670076
vm_mpagospesos_rank_tend6	0.000724433459624534	0.00202179277428996	0.0023094688221709
Visa_mpagominimo_rank_delta2	0.000709550105972637	0.00276684937645831	0.00362916529198284
Visa_mconsumospesos_rank	0.000687345345554564	0.00245679495186068	0.00379412735070934
Visa_mfinanciacion_limite_rank	0.000685446278525256	0.00223357393487679	0.00329924117452986
mcaja_ahorro_dolares_rank	0.000682861672874735	0.00476841889232769	0.00329924117452986
Visa_mpagominimo_rank_lag1	0.000679309555745425	0.00284238174740605	0.00296931705707687
rf_012_027	0.000676471897411815	0.00193487274316404	0.00379412735070934
chomebanking_transacciones_delta1	0.000670134810700669	0.00392160298506222	0.00313427911580337
mrentabilidad_rank_lag2	0.00065663389494034	0.00288759699964851	0.0046189376443418
Visa_delinquency_lag1	0.000651773955439465	0.00295199824928107	0.00197954470471792
vm_msaldopesos_rank	0.000637308695630897	0.000201374122988858	0.000329924117452986
mrentabilidad_rank_lag1	0.000636632557621019	0.00224380439377687	0.00329924117452986
vm_cconsumos_delta2	0.00063589893577284	0.000977802873818531	0.000494886176179479
tcallcenter_delta2	0.000625112612013368	0.00231756875662985	0.00148465852853844
Visa_mpagado_rank_tend6	0.000620090426802951	0.00138585292296482	0.00131969646981194
Visa_mconsumospesos_rank_lag1	0.00061788681033943	0.00179353648802112	0.00296931705707687
mcomisiones_rank_delta2	0.000607818112395067	0.00308066748160438	0.00494886176179479
mpasivos_margen_rank_delta2	0.000600610924309309	0.00264812518966801	0.00428901352688882
thomebanking_lag2	0.000591152116268729	0.00322869706890001	0.00626855823160673
Visa_cconsumos	0.000590968085737402	0.00210186399516438	0.00362916529198284
mactivos_margen_rank_lag2	0.000584146542085823	0.00303339658678441	0.00395908940943583
mcomisiones_otras_rank_delta1	0.000576099403447848	0.00363978449376186	0.00478389970306829
chomebanking_transacciones	0.00057254802236378	0.00359568535215711	0.00329924117452986
vmr_msaldopesos_delta2	0.000565537261893652	0.000708083910277205	0.000824810293632465
vm_mpagominimo_rank_lag1	0.000561573283356603	0.00322684354785092	0.0023094688221709
mprestamos_personales_rank_delta2	0.00055386701938855	0.00335543615168268	0.00181458264599142
vmr_msaldopesos2_tend6	0.000552004722346768	0.00328845063393674	0.0023094688221709
vm_Fvencimiento_tend6	0.000549225431958866	0.000753392449378935	0.000824810293632465
rf_010_019	0.000548420169478747	0.00203463304413393	0.0023094688221709
mcaja_ahorro_dolares_rank_delta2	0.000546422081597464	0.00304433002880256	0.00181458264599142
Visa_Fvencimiento	0.000544144568082902	0.00255243286209706	0.00296931705707687
Visa_mpagominimo_rank_tend6	0.000539990455985576	0.00168069492615416	0.00181458264599142
mactivos_margen_rank_delta1	0.000539696648433243	0.00373498817587948	0.00428901352688882
rf_007_026	0.000528307192078506	0.000917778332666773	0.00115473441108545
Master_fechaalta	0.000527778417628955	0.00240394017217862	0.00395908940943583
Visa_delinquency_delta2	0.000526316810419255	0.00158704491446653	0.00164962058726493
Visa_fechaalta_lag1	0.000523203539117381	0.00203690524549189	0.00280435499835038
chomebanking_transacciones_delta2	0.000506095849909138	0.00187274147377374	0.00214450676344441
mtarjeta_visa_consumo_rank_delta2	0.000505886167157859	0.00217736860216591	0.00181458264599142
mrentabilidad_rank_delta2	0.000503673914522673	0.00270226599533859	0.0046189376443418
cmobile_app_trx_lag2	0.000503423923247139	0.00269868111460374	0.00296931705707687
Visa_cconsumos_lag1	0.000501677008209339	0.00300543940350712	0.0046189376443418
Visa_mconsumospesos_rank_delta1	0.000500242870976901	0.0015382303442372	0.00263939293962389
Visa_mconsumototal_rank_lag1	0.000494013732120288	0.00117739344090275	0.0023094688221709
ctrx_quarter_normalizado_lag2	0.000492413422370261	0.00167958214718999	0.00148465852853844
mcaja_ahorro_rank_delta2	0.000489268527281832	0.00232755711391896	0.00313427911580337
Master_mfinanciacion_limite_rank_lag1	0.00048195872353244	0.00206000151706644	0.00280435499835038
Master_mlimitecompra_rank_lag2	0.000481492833104536	0.00210413730708019	0.00346420323325635
mpasivos_margen_rank_delta1	0.000480570789507486	0.0029554887325988	0.00346420323325635
rf_020_016	0.000468776894536689	0.0019721941502196	0.00131969646981194
Master_mfinanciacion_limite_rank_tend6	0.000467782195123388	0.00279085297379506	0.00395908940943583
mactivos_margen_rank_lag1	0.00046121368873711	0.00380862704569559	0.00313427911580337
ctarjeta_visa_debitos_automaticos_tend6	0.000460098464562163	0.00158503369420296	0.000824810293632465
Visa_msaldototal_rank_delta2	0.000458873799576793	0.0010354630373109	0.00164962058726493
Master_mpagominimo_rank	0.000457263079735703	0.00128942873777173	0.00197954470471792
mcomisiones_rank_delta1	0.000456176897741346	0.00204933460893192	0.00280435499835038
rf_017_016	0.000455568793834229	0.00214499806199882	0.00197954470471792
mrentabilidad_annual_rank_tend6	0.000449955554324369	0.00305490698175136	0.00313427911580337
mcaja_ahorro_rank_tend6	0.000447024418861744	0.00458563217604862	0.00313427911580337
cliente_antiguedad	0.000442164429201663	0.00228165997915754	0.00247443088089739
vmr_mpagominimo_lag2	0.000441732426868185	0.002799801848938	0.00247443088089739
mttarjeta_visa_debitos_automaticos_rank_delta2	0.000440707407859092	0.000520535121943905	0.000329924117452986
Visa_fechaalta_lag2	0.000436625603135988	0.00208791094635625	0.00296931705707687
Master_fechaalta_lag2	0.000433888745381117	0.00256593280330302	0.00346420323325635
mtarjeta_master_consumo_rank	0.000431742137117109	0.000490229108817107	0.000329924117452986
mcomisiones_rank_tend6	0.000422936912891261	0.00227612940107218	0.00247443088089739
internet_lag2	0.000413838056670301	0.000468868639159705	0.000329924117452986
vmr_mpagominimo_delta2	0.000411329149074135	0.0011716041028387	0.000824810293632465
Master_Fvencimiento_lag2	0.000411304273294033	0.00225911454427582	0.00428901352688882
thomebanking_lag1	0.000407934431872225	0.00202900140528435	0.00395908940943583
Visa_mlimitecompra_rank_delta2	0.000406883046667861	0.00281450896652524	0.00296931705707687
Visa_mconsumospesos_rank_delta2	0.000405648740309534	0.00254724988861827	0.00362916529198284
rf_020_025	0.000404748662654744	0.00100987578448224	0.00181458264599142
chomebanking_transacciones_lag2	0.000403174520181603	0.00172335922701869	0.00296931705707687
cprestamos_personales_tend6	0.000402457595464747	0.00162967145636422	0.000824810293632465
mcomisiones_otras_rank_delta2	0.000401305209484867	0.00189993126157775	0.00296931705707687
cdescubierto_preacordado_lag1	0.000399800594044683	0.00351961102897931	0.00214450676344441
numero_de_cliente	0.0003958407590384	0.00387821460048049	0.00379412735070934
Master_mfinanciacion_limite_rank	0.000392925442021613	0.0033985835452113	0.00428901352688882
cliente_antiguedad_lag2	0.000391058944557423	0.00238349035995696	0.0023094688221709
mpasivos_margen_rank_lag2	0.000389948233272072	0.00266879489234367	0.00313427911580337
Visa_Fvencimiento_tend6	0.000386204073192115	0.0017763939170722	0.00164962058726493
mpayroll_rank_lag2	0.000383501146907049	0.00490138709408242	0.00263939293962389
Master_status_tend6	0.000376268396538441	0.000363301231200191	0.000329924117452986
mtransferencias_emitidas_rank	0.000375457641214064	0.00134346737212026	0.00131969646981194
Visa_msaldopesos_rank_lag2	0.000375248845705144	0.00193685175725001	0.00247443088089739
Visa_mconsumosdolares_rank	0.000374334644828949	0.00135617437502241	0.00214450676344441
Visa_mpagospesos_rank_lag1	0.00036873108111226	0.00126084075763651	0.0023094688221709
mpasivos_margen_rank_tend6	0.000363634486363499	0.00131978472600171	0.00131969646981194
Visa_mconsumototal_rank_lag2	0.000362798367748534	0.00205406447480854	0.00329924117452986
Visa_mpagominimo_rank_delta1	0.000362679600614822	0.00288192204904284	0.00280435499835038
mrentabilidad_rank_tend6	0.000361463826143242	0.0035333064283666	0.00296931705707687
mpagomiscuentas_rank_tend6	0.000358385674868518	0.0019382699396225	0.000989772352358957
vm_fechaalta_lag1	0.000355193311286063	0.00157229559568105	0.00214450676344441
vmr_Master_mlimitecompra_tend6	0.00035485868503484	0.00259544143589462	0.00214450676344441
Visa_msaldototal_rank_delta1	0.000354692836085247	0.00181534229137576	0.0023094688221709
mcuenta_corriente_rank_delta2	0.0003546780880451	0.00299105656881163	0.00197954470471792
Visa_msaldopesos_rank	0.00035427397423046	0.0010966914231704	0.00164962058726493
vm_fultimo_cierre_tend6	0.000353057301004572	0.00131945266920502	0.00131969646981194
Visa_mconsumosdolares_rank_lag2	0.000352408398621565	0.00278159758468594	0.00362916529198284
vmr_mpagominimo	0.000350431519784741	0.00129256273202011	0.00164962058726493
chomebanking_transacciones_lag1	0.000346563094998693	0.00188418021961295	0.0023094688221709
Visa_mpagospesos_rank_delta2	0.0003417663799057	0.00201120249464698	0.00379412735070934
Visa_mfinanciacion_limite_rank_tend6	0.000337674060494683	0.00259143232206165	0.00296931705707687
vm_fechaalta	0.000333125605812002	0.00237298226159478	0.00313427911580337
rf_012_016	0.000332900175896463	0.00120318725749123	0.00115473441108545
Master_mfinanciacion_limite_rank_delta2	0.000331043226155011	0.0024921217970204	0.00362916529198284
vm_mconsumototal_rank_tend6	0.000324553491513483	0.000537105755600871	0.000659848234905972
Visa_Fvencimiento_lag2	0.000324186165365433	0.00185813541695072	0.00329924117452986
ccomisiones_otras_lag2	0.000323169489641409	0.00123726805674497	0.00197954470471792
Master_mlimitecompra_rank_tend6	0.000322052427691722	0.00164607772745961	0.00313427911580337
rf_010_013	0.000320533666918455	0.0019055762271215	0.00197954470471792
mcomisiones_rank	0.000317707661349693	0.00177257359807347	0.00263939293962389
mtarjeta_visa_consumo_rank_tend6	0.000314896938921137	0.00143793142271081	0.00131969646981194
rf_013_024	0.000314842366526699	0.000627402993143973	0.000989772352358957
mrentabilidad_rank_delta1	0.000314055300326607	0.00180440107545267	0.00296931705707687
ccajas_transacciones_tend6	0.000313954160453725	0.00239554324428637	0.00131969646981194
Visa_mlimitecompra_rank	0.000310699619806637	0.00159039102526396	0.00214450676344441
mprestamos_personales_rank_delta1	0.000309412916105592	0.0029075181863343	0.00164962058726493
Visa_mconsumospesos_rank_tend6	0.000308930525662797	0.00212399408141077	0.00362916529198284
mcomisiones_mantenimiento_rank_lag2	0.00030582020537711	0.0024509523070199	0.00214450676344441
vm_mlimitecompra_rank_tend6	0.000305390566282314	0.00344091578927914	0.00263939293962389
Visa_msaldopesos_rank_delta1	0.000305197431957784	0.00134450463315073	0.00197954470471792
thomebanking_tend6	0.000303635897330121	0.00261601896226885	0.00148465852853844
ccomisiones_otras_tend6	0.000303476925125518	0.00182351044435123	0.00181458264599142
ctarjeta_master	0.000302547070465471	0.00175264796915629	0.00148465852853844
Visa_mconsumospesos_rank_lag2	0.000300075222711262	0.00146820967189139	0.00263939293962389
Visa_mlimitecompra_rank_tend6	0.000299850015171631	0.00321904410008114	0.00329924117452986
vmr_msaldototal_lag2	0.000299302215478938	0.00154736246142513	0.00214450676344441
rf_003_021	0.000297377384707672	0.000778985254996842	0.000494886176179479
Master_mlimitecompra_rank_delta2	0.000295061760680233	0.00182095838241546	0.00296931705707687
Visa_mpagospesos_rank_delta1	0.000292624771724437	0.00236577363060038	0.00362916529198284
vm_msaldopesos_rank_delta2	0.000291564550203024	0.00213825364418508	0.00148465852853844
vmr_msaldopesos2_lag2	0.000290224562212411	0.00314576616156578	0.00280435499835038
Master_msaldopesos_rank	0.00028994676161408	0.00185620748852578	0.00164962058726493
Master_mpagospesos_rank_tend6	0.000285444647614167	0.00135345128717797	0.00115473441108545
Visa_msaldopesos_rank_lag1	0.00028208228893033	0.00102656635838684	0.00164962058726493
Visa_fechaalta_tend6	0.000279439708282146	0.00140740774024571	0.00131969646981194
Master_mlimitecompra_rank_lag1	0.000276330015500468	0.00199999807651381	0.00280435499835038
Master_mfinanciacion_limite_rank_lag2	0.000275325092859705	0.00160481828227339	0.0023094688221709
mcaja_ahorro_rank_lag1	0.000274990067801676	0.00113910584851903	0.00131969646981194
vm_cconsumos_tend6	0.00027059839080692	0.000300522506584236	0.000329924117452986
cproductos_lag2	0.000268985736136108	0.000825288853930798	0.000494886176179479
Master_msaldototal_rank	0.000268060119106732	0.00171775535211533	0.00164962058726493
mtransferencias_recibidas_rank_lag2	0.000266980065991817	0.00125943701251605	0.00148465852853844
rf_011_021	0.000266127922743784	0.000875798135436896	0.00115473441108545
ctrx_quarter_lag2	0.00026478490176574	0.00151443331066026	0.00181458264599142
Master_mconsumototal_rank_delta2	0.000262580232781163	0.00116753390832407	0.000989772352358957
vmr_mpagominimo_delta1	0.000261738365592216	0.0017083944600106	0.00115473441108545
Visa_mlimitecompra_rank_lag2	0.000259488633083111	0.00171169059570485	0.00263939293962389
Visa_mfinanciacion_limite_rank_lag2	0.000259206665364798	0.00140963774040543	0.0023094688221709
Visa_mpagospesos_rank_lag2	0.000258460373049222	0.00229690904897483	0.00313427911580337
vm_mconsumototal_rank_delta1	0.000258176731370175	0.000158317795203817	0.000164962058726493
mtransferencias_recibidas_rank_delta2	0.000257085436425878	0.00220717597481875	0.00164962058726493
vm_Fvencimiento	0.000256396298264884	0.0011460068549894	0.00197954470471792
Visa_mconsumototal_rank_delta1	0.000256360908888961	0.00125162201693639	0.00214450676344441
rf_005_019	0.000254574806971048	0.00126076079747142	0.00181458264599142
mpayroll_rank_delta2	0.00025269738569507	0.000123045367378678	0.000164962058726493
rf_011_024	0.000245644514463951	0.000777352734959597	0.000659848234905972
Master_msaldototal_rank_lag2	0.000242811085024264	0.000462000949424789	0.000659848234905972
Visa_msaldopesos_rank_delta2	0.000239977913472793	0.0016036499754168	0.00164962058726493
vmr_mconsumospesos_lag2	0.000239729155363407	0.000304035201058936	0.000494886176179479
cliente_antiguedad_lag1	0.000239189554131353	0.00167510993073422	0.00214450676344441
Master_mfinanciacion_limite_rank_delta1	0.000238996240549331	0.00177520784129004	0.00247443088089739
vmr_mpagominimo_lag1	0.000235463735669779	0.000995351908939996	0.00115473441108545
Visa_mfinanciacion_limite_rank_lag1	0.000234561017140473	0.00105237794390089	0.00181458264599142
mextraccion_autoservicio_rank_lag2	0.000233279107343923	0.000490009218363111	0.000659848234905972
mcuenta_debitos_automaticos_rank_delta2	0.000232565772710604	0.00211575374217515	0.00115473441108545
Visa_mfinanciacion_limite_rank_delta2	0.00023177535653334	0.0013340231881769	0.0023094688221709
Visa_fultimo_cierre_lag2	0.000231507241595565	0.00193285708066908	0.00164962058726493
Visa_msaldodolares_rank	0.000231254492642917	0.000496282759649097	0.000494886176179479
Master_Fvencimiento_lag1	0.000230621289808899	0.00131700833138055	0.00247443088089739
vm_msaldototal_rank_lag2	0.000225847465853981	0.00103647031327946	0.00115473441108545
mcaja_ahorro_rank_delta1	0.000225504052079799	0.00249491929224068	0.00214450676344441
Visa_Fvencimiento_lag1	0.000220592721799403	0.0016499569060243	0.0023094688221709
vm_msaldopesos_rank_lag1	0.000218969672455318	0.00116990939156194	0.000824810293632465
Master_mlimitecompra_rank	0.000218886256872552	0.00167852156444471	0.00247443088089739
mcomisiones_mantenimiento_rank_lag1	0.000217008670523448	0.00151989281304332	0.00181458264599142
ccomisiones_mantenimiento_delta1	0.000215359929798227	0.00293340862145559	0.00148465852853844
Master_msaldopesos_rank_lag1	0.000211671060581671	0.00079666311482873	0.000989772352358957
mautoservicio_rank_delta2	0.000211304317842753	0.00106898189429331	0.000659848234905972
Visa_mconsumototal_rank_delta2	0.000208080897694197	0.00127483600764289	0.00263939293962389
Master_msaldototal_rank_tend6	0.000205105029675578	0.000957905008847559	0.000989772352358957
vm_Fvencimiento_lag2	0.000203275730813446	0.000765519741084188	0.00131969646981194
rf_015_025	0.000202922225993645	0.000974193560811015	0.00131969646981194
Master_mpagosdolares_rank_tend6	0.00020291056685611	0.000821414117597499	0.00131969646981194
Visa_msaldopesos_rank_tend6	0.000202674056329869	0.00156774341906019	0.00181458264599142
mttarjeta_visa_debitos_automaticos_rank	0.000200206717970556	0.00136269001791936	0.00148465852853844
ctransferencias_emitidas_tend6	0.000199580365568501	0.00168330140542451	0.000989772352358957
tcallcenter_tend6	0.000199337042435273	0.00175518004105079	0.000989772352358957
rf_015_015	0.000198264552465308	0.000981200070276989	0.00131969646981194
Visa_msaldototal_rank_tend6	0.000197618839637379	0.00174712183330232	0.0023094688221709
Master_mlimitecompra_rank_delta1	0.000197593111664691	0.00151272749380501	0.0023094688221709
mpayroll_sobre_edad_rank_lag2	0.000197100021584757	0.00256768748470359	0.00131969646981194
rf_016_020	0.000195603043911622	0.00100653966870545	0.00181458264599142
mcuenta_corriente_rank_delta1	0.000192216122428796	0.00331260970937228	0.0023094688221709
Master_msaldototal_rank_delta2	0.000191789994478458	0.000470639978928009	0.000329924117452986
cmobile_app_trx_delta2	0.000191305674447989	0.000871039395056218	0.000989772352358957
rf_008_013	0.000189925959954652	0.000739664843814043	0.000824810293632465
mttarjeta_visa_debitos_automaticos_rank_lag1	0.00018980816393607	0.000988000015983149	0.00164962058726493
rf_011_017	0.000189584456341729	0.000617495706577805	0.000494886176179479
vm_msaldototal_rank	0.000189436385952869	0.00058070625673166	0.000659848234905972
Visa_fultimo_cierre_delta2	0.000187200584135529	0.000376997741145326	0.000494886176179479
Visa_mpagosdolares_rank_lag2	0.000186960719520706	0.000192571841481913	0.000494886176179479
cproductos_lag1	0.000185102743571225	0.000580127656092609	0.000329924117452986
ccajas_consultas_delta2	0.00018453578830368	0.00391121149527412	0.00197954470471792
rf_002_015	0.000184241583177964	0.00136200591428471	0.00131969646981194
mttarjeta_visa_debitos_automaticos_rank_delta1	0.000183193953878669	0.00111595960184129	0.000659848234905972
Visa_mpagosdolares_rank_tend6	0.000182894397135641	0.00101944768257817	0.00181458264599142
mtransferencias_recibidas_rank_tend6	0.000180862091835963	0.00113619396584035	0.00115473441108545
Master_fultimo_cierre_lag1	0.000180189500457153	0.00151396243413251	0.00197954470471792
Visa_mconsumototal_rank_tend6	0.000180062987837441	0.00169106642590098	0.00247443088089739
matm_rank_lag2	0.000179524310028156	0.00143775595457075	0.00131969646981194
cseguro_accidentes_personales	0.000178592168190518	0.00226463290622485	0.00131969646981194
mautoservicio_rank	0.000176392007367415	0.00188391146461362	0.00131969646981194
vm_cconsumos_delta1	0.000176107086217461	0.000325934291272844	0.000164962058726493
Master_mpagominimo_rank_lag2	0.000175777467869642	0.00160852421381372	0.00164962058726493
ccomisiones_otras_delta2	0.000173854643466639	0.00107593287586687	0.00131969646981194
ccajas_extracciones_tend6	0.000172161697062663	0.00260747433018275	0.00131969646981194
Visa_mlimitecompra_rank_lag1	0.000170688493414437	0.0015001037827415	0.00197954470471792
cpayroll_trx_tend6	0.000170331666369484	0.00113001926420287	0.000659848234905972
mcomisiones_otras_rank	0.000170320700004598	0.00115104989817928	0.00197954470471792
rf_007_021	0.000165986140778441	0.000487136205209128	0.000329924117452986
Visa_fultimo_cierre_tend6	0.000165040250795659	0.00104045055260837	0.00131969646981194
vmr_msaldopesos2	0.000164500476267657	0.00133365781464475	0.00148465852853844
vm_mfinanciacion_limite_rank_lag2	0.000162826773525501	0.000228925952651459	0.000494886176179479
rf_008_019	0.000162504854204745	0.000579858901093281	0.000659848234905972
vm_msaldototal_rank_delta2	0.000161662936856592	0.00153800490099396	0.00131969646981194
Visa_mfinanciacion_limite_rank_delta1	0.000160925753987407	0.000848485075711715	0.00164962058726493
chomebanking_transacciones_tend6	0.000160183539163068	0.00105531536941009	0.000989772352358957
ctrx_quarter_lag1	0.000159583979177846	0.000785244359030799	0.000989772352358957
ccuenta_debitos_automaticos_tend6	0.000159157093083435	0.000977802873818531	0.000494886176179479
rf_007_018	0.000156635703245379	0.00103223686676111	0.000659848234905972
mtransferencias_emitidas_rank_lag1	0.000154846154321009	0.000301518676974311	0.000329924117452986
Master_mpagominimo_rank_lag1	0.000154399079557105	0.000955002010631668	0.000989772352358957
mtarjeta_visa_consumo_rank_lag2	0.000154365802623832	0.00131107239968049	0.00131969646981194
vm_msaldopesos_rank_tend6	0.000153712413176027	0.00131874746497125	0.00115473441108545
ccajas_transacciones	0.000153672381195512	0.000864463782035449	0.000494886176179479
vmr_msaldopesos2_lag1	0.000152489725367905	0.000591538637985601	0.00115473441108545
vmr_msaldopesos_lag1	0.000151884797525301	0.000420191778103577	0.000494886176179479
vmr_Visa_mlimitecompra_tend6	0.000151303200703137	0.00288859205948073	0.00164962058726493
cmobile_app_trx_tend6	0.000151057459238327	0.00216418072771537	0.00131969646981194
vm_cconsumos_lag1	0.000149730577190559	0.000878587856752244	0.000659848234905972
vm_cconsumos_lag2	0.000149192447021135	0.000899396379158958	0.000494886176179479
Visa_msaldototal_rank_lag2	0.000148581958496002	0.00107702677534761	0.00131969646981194
vm_msaldopesos_rank_delta1	0.000147282751173733	0.000169566635650933	0.000329924117452986
mcomisiones_mantenimiento_rank_delta2	0.000145822646273382	0.00268155520202254	0.00181458264599142
Visa_fechaalta_delta1	0.00014557735953056	0.000379313254259379	0.000494886176179479
Visa_mconsumosdolares_rank_lag1	0.000145393592437852	0.000748519321539865	0.00131969646981194
rf_019_021	0.000144314665643808	0.00176574922009465	0.000989772352358957
vmr_msaldopesos_tend6	0.000142797135030221	0.000814637493606158	0.000824810293632465
mcaja_ahorro_dolares_rank_lag2	0.000141418117009801	0.000418781369636024	0.000494886176179479
mactivos_margen_rank_tend6	0.000140623470191264	0.00108782361875039	0.00115473441108545
Master_mconsumototal_rank_lag2	0.000139764850649613	0.00136276997808445	0.000989772352358957
vm_mfinanciacion_limite_rank_delta2	0.000138103856482488	0.00146445709692142	0.00164962058726493
vmr_msaldopesos_lag2	0.000137508854817946	0.000345735537710999	0.000329924117452986
ctarjeta_debito_transacciones_delta2	0.000137506541738471	0.00150903266784317	0.000989772352358957
vmr_mconsumototal_lag2	0.000137165271859227	0.00064196795932661	0.00115473441108545
Master_fultimo_cierre	0.000136922795059823	0.00087113934526258	0.00148465852853844
Master_Fvencimiento	0.000136593774511073	0.000843584183926433	0.00148465852853844
mtransferencias_emitidas_rank_lag2	0.000136373105660138	0.000604729844109684	0.000659848234905972
vm_status04	0.000134218798163496	0.00115964339481071	0.000989772352358957
vm_mfinanciacion_limite_rank_delta1	0.000131368758420334	0.00201321815714195	0.00197954470471792
vmr_Master_mlimitecompra_lag2	0.000129974560456107	0.00169245684432726	0.00164962058726493
rf_008_018	0.000126798173608789	0.00130373716509137	0.000659848234905972
ctarjeta_debito_transacciones_lag2	0.000126208235557262	0.00260790078439656	0.00148465852853844
mcaja_ahorro_dolares_rank_lag1	0.000125332271619813	0.000980232774390975	0.000824810293632465
rf_013_016	0.000123797947539419	0.000113652269096349	0.000164962058726493
vmr_mconsumospesos_lag1	0.000122657406943962	0.000616462887778731	0.000989772352358957
vm_msaldopesos_rank_lag2	0.00012225995525869	0.00132781294868828	0.000989772352358957
cpagomiscuentas_tend6	0.000121035565737815	0.00187806437754144	0.000989772352358957
vm_mpagominimo_rank_delta2	0.000120299241742257	0.00126141047381278	0.000989772352358957
vm_mfinanciacion_limite_rank_lag1	0.000120019449576743	0.00102747701582258	0.00131969646981194
vm_status02_delta2	0.000119645595742444	0.00173025690181551	0.00115473441108545
mtransferencias_emitidas_rank_tend6	0.000119043907280073	0.00051251578372013	0.000494886176179479
Master_cconsumos_tend6	0.000119018260302169	0.000732859345318641	0.000659848234905972
vm_status02	0.000118517160783689	0.00061303903793191	0.000659848234905972
vm_mfinanciacion_limite_rank_tend6	0.000118474765564492	0.000651195584489516	0.000989772352358957
cseguro_accidentes_personales_lag1	0.000118214173685417	0.000472885526897608	0.000329924117452986
rf_014_023	0.000117415205774578	0.00132067872506973	0.00115473441108545
vmr_Master_mlimitecompra_lag1	0.000116136098932049	0.00067397423651941	0.00148465852853844
ccajas_transacciones_lag1	0.000114480257389974	0.00167420926831911	0.000989772352358957
Master_msaldopesos_rank_delta2	0.000113057580097237	0.000807830884552907	0.000989772352358957
vmr_Visa_mlimitecompra_lag2	0.000112964358184022	0.00103172712070866	0.00115473441108545
vmr_Master_mlimitecompra	0.00011284010498988	0.000857753791515015	0.00148465852853844
rf_002_026	0.00011273202896213	0.000385834449945573	0.000659848234905972
Visa_mconsumosdolares_rank_delta2	0.00011094399797047	0.000412712170994156	0.000989772352358957
mttarjeta_visa_debitos_automaticos_rank_lag2	0.000109356880091764	0.000376884464244783	0.000494886176179479
vm_status03_lag1	0.000109183219051323	0.000152114219062284	0.000164962058726493
vmr_Visa_mlimitecompra_delta1	0.000108483693823163	0.000608654555546165	0.000494886176179479
vm_mfinanciacion_limite_rank	0.000106279979508076	0.000524846307511651	0.000824810293632465
Master_madelantodolares_rank_tend6	0.000105984564188716	0.000437130006408385	0.000824810293632465
Master_msaldototal_rank_delta1	0.000104783656371472	0.000193981139391617	0.000329924117452986
mtransferencias_recibidas_rank_lag1	0.000104042517092086	0.00105491778970034	0.000824810293632465
vm_msaldototal_rank_delta1	0.000103768149521417	0.00038767575485833	0.000494886176179479
vm_mlimitecompra_rank_lag1	0.000103600769893743	0.000541621283812736	0.000989772352358957
Visa_cconsumos_delta1	0.000102607169049294	0.000506270006380355	0.000989772352358957
vmr_msaldototal_lag1	0.000101940605846069	0.000737478155410413	0.00115473441108545
Master_fultimo_cierre_delta2	0.000101720265059985	0.000424942744579316	0.000824810293632465
vmr_Visa_mlimitecompra	0.000101599497313986	0.000742457896802936	0.00115473441108545
vm_mpagospesos_rank	0.000101585488916565	0.000150448382289585	0.000329924117452986
Master_mpagospesos_rank	0.000101007667191405	0.000335599476228046	0.000329924117452986
Master_msaldopesos_rank_lag2	0.000100197945475596	0.000253271601805539	0.000494886176179479
Visa_mlimitecompra_rank_delta1	9.9930629898783e-05	0.00102389657731913	0.00181458264599142
Master_mconsumospesos_rank_tend6	9.99093721598079e-05	0.000539842170139492	0.000659848234905972
vm_fultimo_cierre_lag1	9.94601709744592e-05	0.000524699713875654	0.000824810293632465
vm_mlimitecompra_rank_delta2	9.84072864704261e-05	0.000952041263407657	0.00115473441108545
Visa_mconsumosdolares_rank_delta1	9.8011418728484e-05	0.000793519125559721	0.00131969646981194
ctarjeta_visa_transacciones_lag2	9.72654466692918e-05	0.000593273329344906	0.000659848234905972
vm_Fvencimiento_lag1	9.66899310342103e-05	0.00100432299523991	0.00115473441108545
rf_014_024	9.66618538016355e-05	0.00170257513688464	0.000989772352358957
vm_mconsumospesos_rank_lag2	9.64617625596147e-05	0.000244660336248531	0.000494886176179479
vmr_msaldototal	9.50573245111435e-05	0.000824307120792754	0.000824810293632465
vm_mpagominimo_rank_delta1	9.43780664804152e-05	0.000458513797780605	0.000329924117452986
Visa_cconsumos_delta2	9.37887722757523e-05	0.00069456842126137	0.000989772352358957
mpagomiscuentas_rank_delta2	9.35940271006388e-05	0.000553703042646201	0.000329924117452986
ctransferencias_recibidas_delta2	9.27849891123747e-05	0.00168456966248745	0.00115473441108545
ctransferencias_recibidas_lag2	9.15586980642023e-05	0.00194095193682655	0.000989772352358957
Master_mconsumototal_rank_lag1	9.0781855297142e-05	0.000694923799772879	0.000659848234905972
Master_mconsumosdolares_rank_tend6	9.05299870085952e-05	0.000702985339194896	0.000824810293632465
Master_cconsumos_lag1	8.89705537227738e-05	0.000936454584004431	0.000659848234905972
mforex_sell_rank_tend6	8.85580608537948e-05	0.00162967145636422	0.000824810293632465
Visa_fultimo_cierre	8.51991709668885e-05	0.000637142585475023	0.000824810293632465
Master_fultimo_cierre_lag2	8.49125111014877e-05	0.000535116746494268	0.000824810293632465
vm_cconsumos	8.47075449601882e-05	0.000580113218840579	0.000659848234905972
mcaja_ahorro_dolares_rank_delta1	8.26753825320205e-05	0.000993236296238667	0.000659848234905972
rf_018_021	8.229203462889e-05	0.00146157297818896	0.000989772352358957
ctrx_quarter_normalizado_lag1	8.0462996430175e-05	0.00100265826902506	0.000659848234905972
rf_015_029	8.02610003717286e-05	0.00038917500795376	0.000659848234905972
mcomisiones_mantenimiento_rank_delta1	8.01648410613727e-05	0.000801204185871109	0.000494886176179479
rf_002_017	7.89735007016358e-05	0.000899810617236436	0.000989772352358957
vmr_mpagospesos_delta2	7.811717039328e-05	0.000516131760074736	0.000659848234905972
Visa_fultimo_cierre_lag1	7.70775797235453e-05	0.000647165370057432	0.000824810293632465
vm_mpagado_rank	7.69210862882553e-05	0.000977802873818531	0.000494886176179479
vm_status04_lag1	7.60107221802203e-05	0.00029561050922047	0.000164962058726493
vm_mpagado_rank_delta2	7.59915457399609e-05	0.00161233564834966	0.000824810293632465
vm_mpagospesos_rank_delta2	7.47562124669563e-05	0.000805530919248734	0.000659848234905972
ctarjeta_visa_transacciones_delta1	7.45620445338591e-05	0.000651868582545687	0.000329924117452986
rf_006_013	7.45110260425469e-05	0.000383184658919132	0.000329924117452986
Master_mconsumosdolares_rank	7.43828848931856e-05	0.000379787462460674	0.000494886176179479
vm_mconsumospesos_rank	7.39504319491303e-05	0.000166019513882932	0.000164962058726493
Visa_mpagado_rank	7.34048963073439e-05	0.000624325637345873	0.000494886176179479
Master_delinquency_tend6	7.31610469135876e-05	0.000429542675187663	0.000329924117452986
Visa_delinquency_lag2	7.26868935786883e-05	0.000404615093720987	0.000329924117452986
Visa_mpagado_rank_delta2	7.24869877612753e-05	0.000701948078164429	0.000659848234905972
vmr_mpagospesos_lag2	7.24601764319542e-05	0.000588313577993655	0.000659848234905972
vm_mpagominimo_rank_tend6	7.19732259211295e-05	0.000567597231888364	0.000659848234905972
Master_cconsumos_lag2	7.10186312603073e-05	0.000623751478938216	0.000494886176179479
Master_madelantopesos_rank_tend6	7.00473409842444e-05	0.000376784514038421	0.000494886176179479
ccajas_transacciones_lag2	6.87132917203438e-05	0.00106551251157471	0.000989772352358957
Visa_fechaalta_delta2	6.83497388191632e-05	0.000293083990115209	0.000329924117452986
ctarjeta_visa_transacciones_lag1	6.83072687722975e-05	0.000946732796891988	0.000824810293632465
Master_delinquency_delta2	6.80648764623773e-05	0.000928418587412929	0.000824810293632465
ctarjeta_master_transacciones_tend6	6.76432320050502e-05	0.000738736417452725	0.000494886176179479
Visa_mconsumosdolares_rank_tend6	6.75285409235814e-05	0.000664681088443443	0.00115473441108545
vm_mlimitecompra_rank_delta1	6.69748428987825e-05	0.00103875250965806	0.000824810293632465
Master_status	6.54561808250609e-05	0.000336492364738213	0.000329924117452986
rf_018_019	6.51070711029483e-05	0.000350347684455679	0.000329924117452986
vmr_msaldototal_tend6	6.48614011766791e-05	0.000666338040753355	0.000659848234905972
mcaja_ahorro_dolares_rank_tend6	6.42008792541592e-05	0.00131544799760345	0.000824810293632465
ctarjeta_debito_lag2	6.29236799004726e-05	0.00195560574763706	0.000989772352358957
mpayroll_sobre_edad_rank_tend6	6.21119341373372e-05	0.00113419385115526	0.000659848234905972
rf_009_021	6.17264310328894e-05	0.000828737136050286	0.000494886176179479
vm_mconsumospesos_rank_tend6	6.1689847703395e-05	0.000194460900382155	0.000329924117452986
Master_mpagominimo_rank_tend6	6.13984671166045e-05	0.000446653039958984	0.000494886176179479
vm_mconsumototal_rank_lag2	6.12880453236665e-05	0.000259833888132126	0.000494886176179479
cmobile_app_trx	6.11943676606115e-05	0.000932876366616673	0.000494886176179479
cmobile_app_trx_lag1	6.10617064266867e-05	0.000199591677642069	0.000164962058726493
Master_Fvencimiento_delta2	6.06789102748282e-05	0.000260592399142629	0.000329924117452986
Master_delinquency_lag1	6.05332635623829e-05	0.000472049276837713	0.000329924117452986
Master_cadelantosefectivo_tend6	5.97918049548929e-05	0.000395924978556738	0.000989772352358957
rf_003_023	5.93367987407577e-05	0.000811208090970093	0.000494886176179479
Visa_cadelantosefectivo_tend6	5.92832258301811e-05	0.000250065421297016	0.000494886176179479
mextraccion_autoservicio_rank_delta2	5.89294994053612e-05	0.00135730048068075	0.000824810293632465
vmr_msaldototal_delta2	5.843854684768e-05	0.00049019801319735	0.000329924117452986
vm_mlimitecompra_rank	5.83177482661029e-05	0.000389765824729144	0.000659848234905972
rf_018_025	5.78525368376227e-05	0.0002870436659774	0.000164962058726493
ctransferencias_recibidas_tend6	5.6420917432897e-05	0.000535166721597449	0.000494886176179479
rf_005_013	5.63862911347399e-05	0.000392583309990703	0.000329924117452986
vmr_Visa_mlimitecompra_lag1	5.63796898542458e-05	0.000311832427713018	0.000494886176179479
Visa_Fvencimiento_delta2	5.63143496760421e-05	0.000117866836131279	0.000164962058726493
tcallcenter_lag2	5.62530748604148e-05	0.000314896456816936	0.000329924117452986
rf_020_015	5.59466103312497e-05	0.000436783512359664	0.000494886176179479
Visa_madelantopesos_rank	5.57478750323697e-05	0.000340132773365486	0.000659848234905972
cextraccion_autoservicio_tend6	5.55702074225204e-05	0.0010739516406652	0.000659848234905972
vm_fultimo_cierre_lag2	5.53491335976636e-05	0.000651005679097429	0.000659848234905972
cextraccion_autoservicio_delta2	5.51883272928929e-05	0.00129018391710869	0.000659848234905972
ccomisiones_otras_lag1	5.41557934479215e-05	0.000886732688012896	0.000494886176179479
vm_mpagospesos_rank_delta1	5.29529110744532e-05	0.000160632197760021	0.000329924117452986
Master_msaldopesos_rank_tend6	5.28612303748088e-05	0.000692522773704495	0.000659848234905972
mtarjeta_visa_descuentos_rank_delta1	5.25241432389074e-05	0.000853362645782179	0.000494886176179479
ctransferencias_recibidas_lag1	5.21855875072209e-05	0.00130373716509137	0.000659848234905972
tcallcenter_lag1	5.10426943627492e-05	0.00116902427695671	0.000659848234905972
vm_status01_tend6	5.05613082347226e-05	0.000891027215212916	0.000494886176179479
vmr_msaldopesos2_delta2	5.05234931266807e-05	0.000431490593653873	0.000494886176179479
vmr_msaldopesos	4.99859804910951e-05	0.000429330558638606	0.000329924117452986
mtarjeta_master_consumo_rank_delta2	4.99482911922106e-05	0.000257671632001162	0.000164962058726493
Master_cconsumos	4.94450052256939e-05	0.000274884168094542	0.000329924117452986
thomebanking_delta2	4.94027103249101e-05	0.000914685429058794	0.000659848234905972
vm_mlimitecompra_rank_lag2	4.91599841684676e-05	0.000382949220655257	0.000659848234905972
Master_cconsumos_delta2	4.90416289980749e-05	0.000141541708344885	0.000329924117452986
vm_msaldodolares_rank_tend6	4.89500308863863e-05	0.00130373716509137	0.000659848234905972
Master_msaldopesos_rank_delta1	4.79829786521354e-05	0.000202484680837324	0.000329924117452986
Master_mpagosdolares_rank_lag2	4.77449814399033e-05	0.000396019375973858	0.000494886176179479
Visa_cadelantosefectivo_lag1	4.76972841458901e-05	0.000172492955581642	0.000329924117452986
Visa_madelantodolares_rank_delta1	4.71274188220835e-05	0.000151339049684055	0.000329924117452986
vm_fechaalta_delta2	4.65172402972926e-05	0.000175334873115867	0.000164962058726493
ctarjeta_debito_transacciones_tend6	4.65041076302808e-05	0.00121319005203237	0.000659848234905972
vmr_mpagado	4.59332539234206e-05	0.000864915779079775	0.000494886176179479
mautoservicio_rank_lag1	4.58401896827932e-05	0.00021640552346785	0.000329924117452986
vmr_Master_mlimitecompra_delta2	4.51660647479149e-05	0.000443936615461636	0.000329924117452986
vmr_mpagospesos	4.41911251840054e-05	0.000443485728975158	0.000494886176179479
vm_status05	4.41137262391792e-05	0.000561214855933227	0.000329924117452986
cpagomiscuentas_delta2	4.38244391825504e-05	0.000651868582545687	0.000329924117452986
vmr_mpagospesos_tend6	4.33713814942723e-05	0.000180396795789177	0.000329924117452986
vm_mconsumosdolares_rank_delta1	4.22033914786049e-05	0.000977802873818531	0.000494886176179479
Visa_status_tend6	4.14541288746053e-05	0.000353117415729754	0.000329924117452986
rf_019_024	4.12727260484325e-05	0.000542861776929473	0.000494886176179479
mautoservicio_rank_lag2	4.04287233929377e-05	0.000166468179253712	0.000329924117452986
vmr_mpagado_delta2	4.0289054671174e-05	0.000977802873818531	0.000494886176179479
mpagomiscuentas_rank_lag2	3.9105031799618e-05	0.00033797162779237	0.000329924117452986
ctarjeta_visa	3.86820844363438e-05	0.000468127897074778	0.000329924117452986
vm_mconsumospesos_rank_lag1	3.85526654606388e-05	0.000124656786816802	0.000164962058726493
mpayroll_rank_tend6	3.84755896726678e-05	0.000977802873818531	0.000494886176179479
Master_mconsumospesos_rank_delta1	3.81057255509949e-05	0.000225799732308027	0.000164962058726493
rf_016_015	3.73921771243369e-05	0.00054770047747524	0.000329924117452986
vm_msaldototal_rank_lag1	3.68932073164293e-05	0.000379466511242467	0.000494886176179479
Master_madelantodolares_rank_lag2	3.67253902346914e-05	7.51825452254749e-05	0.000164962058726493
mv_status07_rank	3.64590316914279e-05	0.000533937334059197	0.000329924117452986
vmr_mpagospesos_lag1	3.6360001383209e-05	0.000461808822917004	0.000659848234905972
ctarjeta_debito	3.60262276329268e-05	0.000576206276329675	0.000329924117452986
vm_fultimo_cierre_delta1	3.59518061714923e-05	0.000255211746366809	0.000494886176179479
Visa_madelantopesos_rank_lag1	3.56453994590357e-05	0.000226526037140924	0.000494886176179479
vm_status06	3.54749228601057e-05	0.000262136074551997	0.000164962058726493
rf_014_017	3.49470046117654e-05	0.00045685906658639	0.000329924117452986
mtransferencias_recibidas_rank_delta1	3.46225403279896e-05	0.000171550091968294	0.000329924117452986
cforex_sell_tend6	3.40052507078185e-05	0.000651868582545687	0.000329924117452986
Visa_mpagosdolares_rank_lag1	3.4005090362814e-05	0.000201936065260182	0.000494886176179479
ccomisiones_otras	3.35133426583667e-05	0.00123734357467866	0.000659848234905972
ctarjeta_visa_debitos_automaticos	3.30528350944936e-05	0.000202888923894166	0.000164962058726493
vmr_mconsumosdolares	3.28258457723929e-05	0.000299627396958373	0.000164962058726493
Visa_cadelantosefectivo_lag2	3.20711799528817e-05	0.000224957929458889	0.000494886176179479
Master_mconsumospesos_rank	3.18838756082604e-05	0.000181520680331825	0.000164962058726493
Visa_madelantopesos_rank_lag2	3.17861843863997e-05	0.000202498007531506	0.000494886176179479
Master_mconsumosdolares_rank_delta1	3.15555317976571e-05	7.70927047248371e-05	0.000164962058726493
Master_fultimo_cierre_delta1	3.11840033770654e-05	0.000242262641853692	0.000494886176179479
mextraccion_autoservicio_rank_tend6	3.06352600129064e-05	0.000340640298302235	0.000329924117452986
vm_mpagospesos_rank_lag2	3.04026405254416e-05	0.000456143867331978	0.000329924117452986
Master_madelantodolares_rank_delta1	2.9600971417988e-05	0.00031422790099216	0.000329924117452986
rf_003_028	2.88058567209503e-05	0.000325934291272844	0.000164962058726493
ctarjeta_visa_debitos_automaticos_lag1	2.87469352766201e-05	0.000190015337314744	0.000164962058726493
Master_madelantopesos_rank_delta2	2.77161981179815e-05	7.97369429620354e-05	0.000164962058726493
vmr_Master_mlimitecompra_delta1	2.72387614107587e-05	0.000243227716624009	0.000164962058726493
vm_fultimo_cierre_delta2	2.72333359936312e-05	0.000139925846675366	0.000164962058726493
rf_016_019	2.71234314161181e-05	0.000677897837398041	0.000494886176179479
ccomisiones_otras_delta1	2.70005331372638e-05	0.000454790097314697	0.000329924117452986
ctarjeta_debito_transacciones	2.58465983890957e-05	9.67529103162368e-05	0.000164962058726493
vm_mconsumototal_rank_delta2	2.57567147355324e-05	0.000136626379307573	0.000164962058726493
vmr_msaldopesos_delta1	2.56932279811246e-05	0.000259103141067836	0.000164962058726493
Master_mconsumototal_rank_tend6	2.5464286561379e-05	0.000210118655487682	0.000164962058726493
Master_mconsumospesos_rank_delta2	2.53861426289934e-05	0.000241925032267758	0.000329924117452986
vmr_mconsumosdolares_delta2	2.52000009912253e-05	0.000977802873818531	0.000494886176179479
mpagomiscuentas_rank_delta1	2.50071174627285e-05	0.000290571908261978	0.000164962058726493
mtarjeta_master_consumo_rank_tend6	2.49684060672253e-05	0.000325934291272844	0.000164962058726493
Visa_fultimo_cierre_delta1	2.49298015683918e-05	0.000117414839086953	0.000164962058726493
vmr_mconsumototal_lag1	2.47666279135286e-05	9.51070635848097e-05	0.000164962058726493
cmobile_app_trx_delta1	2.47413328723529e-05	0.000291622495986627	0.000164962058726493
Master_mconsumospesos_rank_lag2	2.43316941444545e-05	0.000320521432319419	0.000329924117452986
rf_019_016	2.34584651171858e-05	0.000380000689567579	0.000329924117452986
Master_fechaalta_delta1	2.26954506677723e-05	0.000294921963354421	0.000329924117452986
mpagomiscuentas_rank_lag1	2.24775985440834e-05	0.000264198380476599	0.000164962058726493
vm_mconsumosdolares_rank_lag2	2.18311565575251e-05	0.000230540703763129	0.000164962058726493
rf_014_030	2.16636971684896e-05	0.000119453823296737	0.000164962058726493
vm_fultimo_cierre	2.16178750887472e-05	0.000591931775463958	0.000494886176179479
rf_019_023	2.05156433817183e-05	0.000349985642597079	0.000329924117452986
Master_mpagosdolares_rank_lag1	2.03710056093784e-05	6.22911897204776e-05	0.000164962058726493
Visa_mpagosdolares_rank	2.02123183255137e-05	0.000217139602205686	0.000494886176179479
Master_mpagospesos_rank_delta2	1.94040972744906e-05	0.000292861878545516	0.000164962058726493
Visa_delinquency_delta1	1.91320600512206e-05	0.000284782570197923	0.000164962058726493
vm_mpagado_rank_delta1	1.89906476803179e-05	0.000651868582545687	0.000329924117452986
Master_msaldototal_rank_lag1	1.89600999012503e-05	0.000122943196056619	0.000329924117452986
vmr_mconsumospesos_tend6	1.81210486172671e-05	0.000385643433995637	0.000329924117452986
rf_005_022	1.80864379424694e-05	0.000108180550576956	0.000164962058726493
ccheques_depositados_lag2	1.80198709194106e-05	0.000325934291272844	0.000164962058726493
mextraccion_autoservicio_rank	1.78145125495615e-05	0.000138566523868843	0.000164962058726493
Visa_mpagosdolares_rank_delta2	1.75276726043864e-05	6.55173602702723e-05	0.000164962058726493
rf_016_017	1.72882339316778e-05	0.000157448228408468	0.000164962058726493
matm_rank	1.70579127226112e-05	7.45450850204553e-05	0.000164962058726493
ctransferencias_recibidas_delta1	1.66647401932546e-05	0.000651868582545687	0.000329924117452986
vm_mpagospesos_rank_lag1	1.63250291552535e-05	6.75696711742381e-05	0.000164962058726493
catm_trx_tend6	1.62308104305934e-05	0.000259537369186586	0.000164962058726493
rf_019_020	1.57012591300532e-05	0.000256848708635449	0.000164962058726493
rf_001_015	1.52024578899708e-05	0.000141282948366192	0.000164962058726493
Visa_delinquency_tend6	1.50468179834742e-05	0.000176495406067515	0.000164962058726493
mautoservicio_rank_tend6	1.50351859812484e-05	0.000193200417224145	0.000164962058726493
matm_other_rank_lag2	1.46642002668258e-05	0.000325934291272844	0.000164962058726493
Master_madelantopesos_rank_lag2	1.44752472466451e-05	0.000152460713111006	0.000329924117452986
ccomisiones_mantenimiento	1.42089141941259e-05	0.000169543313936115	0.000164962058726493
Master_mpagominimo_rank_delta1	1.42062582230252e-05	0.000226295041108443	0.000164962058726493
Master_fechaalta_delta2	1.40792255099003e-05	0.000103749424761575	0.000164962058726493
vm_mconsumototal_rank	1.37152546838554e-05	0.000174784036423028	0.000164962058726493
vm_mpagado_rank_tend6	1.30760808485535e-05	0.000325934291272844	0.000164962058726493
vm_mpagado_rank_lag1	1.29614748732795e-05	0.000651868582545687	0.000329924117452986
Visa_cadelantosefectivo	1.29372204300691e-05	0.000179136312631168	0.000329924117452986
rf_020_023	1.29050149303393e-05	0.00022219819320545	0.000164962058726493
rf_020_021	1.25318822374203e-05	0.000325934291272844	0.000164962058726493
vm_Fvencimiento_delta2	1.23342944331752e-05	0.000105333080253488	0.000164962058726493
cseguro_accidentes_personales_lag2	1.23151558178913e-05	0.000325934291272844	0.000164962058726493
Visa_madelantopesos_rank_tend6	1.09672463729136e-05	9.45562268919704e-05	0.000164962058726493
rf_012_023	1.08678464489021e-05	0.000254467672608337	0.000164962058726493
Visa_cadelantosefectivo_delta2	1.08659531444256e-05	0.000141831563943334	0.000329924117452986
mcheques_depositados_rank_lag2	1.07433677439006e-05	0.000325934291272844	0.000164962058726493
Master_cadelantosefectivo_lag1	1.06535013582609e-05	7.02772112087991e-05	0.000164962058726493
vmr_msaldototal_delta1	1.05910646580623e-05	8.74664255873612e-05	0.000164962058726493
Visa_mpagosdolares_rank_delta1	1.05411768046025e-05	6.8760189187794e-05	0.000164962058726493
Master_madelantodolares_rank	1.02158277453146e-05	0.000113134749138964	0.000164962058726493
Visa_madelantodolares_rank_tend6	1.00764780689958e-05	7.74314248686193e-05	0.000164962058726493
vmr_mconsumototal	9.61327588676466e-06	0.000291650259932839	0.000164962058726493
Master_madelantopesos_rank_lag1	9.58623678530898e-06	6.38359756876942e-05	0.000164962058726493
vmr_msaldopesos2_delta1	9.43630680553763e-06	0.000170113030112379	0.000164962058726493
Master_status_delta2	9.27090229940633e-06	0.000262136074551997	0.000164962058726493
mv_status07_rank_tend6	9.1158873272863e-06	0.000325934291272844	0.000164962058726493
cseguro_vida_lag2	8.57318691409278e-06	0.000325934291272844	0.000164962058726493
cpagomiscuentas_delta1	8.55952963111746e-06	0.000325934291272844	0.000164962058726493
vm_mconsumosdolares_rank_delta2	8.53992971558975e-06	0.000281234337872073	0.000164962058726493
Master_mpagospesos_rank_lag2	8.45249152891603e-06	0.00010450571465638	0.000164962058726493
vmr_mpagospesos_delta1	8.35671540200691e-06	0.000325934291272844	0.000164962058726493
Visa_madelantodolares_rank	7.95156468967111e-06	8.27854242560756e-05	0.000164962058726493
mautoservicio_rank_delta1	7.84552319334397e-06	0.000269375801166149	0.000164962058726493
cextraccion_autoservicio_lag2	7.72481300708988e-06	0.000325934291272844	0.000164962058726493
rf_006_017	7.67543496851634e-06	0.000325934291272844	0.000164962058726493
ccuenta_debitos_automaticos_lag2	7.54456713179598e-06	0.000325934291272844	0.000164962058726493
Master_mconsumosdolares_rank_lag1	7.51457274856455e-06	6.29897306071629e-05	0.000164962058726493
cprestamos_personales_lag2	7.45421888886062e-06	0.000179125207052683	0.000164962058726493
rf_011_019	7.42377965102689e-06	0.000325934291272844	0.000164962058726493
rf_005_015	7.35630400627574e-06	0.000325934291272844	0.000164962058726493
vmr_mconsumototal_tend6	6.97885433246559e-06	0.000325934291272844	0.000164962058726493
vmr_mconsumospesos_delta2	6.75226998428652e-06	6.4206902009082e-05	0.000164962058726493
ctransferencias_recibidas	6.67794760784207e-06	0.000325934291272844	0.000164962058726493
cprestamos_personales_lag1	6.40801994923419e-06	0.000325934291272844	0.000164962058726493
cforex_tend6	6.36201326716608e-06	0.000325934291272844	0.000164962058726493
vm_msaldototal_rank_tend6	6.31430610576791e-06	0.000325934291272844	0.000164962058726493
vmr_mconsumospesos	1.17106535062607e-06	5.9949023218062e-05	0.000164962058726493
Master_Fvencimiento_delta1	7.30419753299375e-07	5.9701368817854e-05	0.000164962058726493
