Feature	Gain	Cover	Frequency
rf_004_022	0.113897692693496	0.00277203261531139	0.00350010294420424
rf_007_015	0.067704665792984	0.00209819779508287	0.00240203143229703
rf_018_027	0.0663471717445599	0.0027513426022428	0.00363736188319264
rf_006_019	0.046662904159768	0.00230762699559103	0.00363736188319264
rf_009_015	0.0360590547094133	0.00111482530513374	0.00164710726786082
rf_017_021	0.0356973031870448	0.00392204052742246	0.000960812572918811
mcuentas_saldo_rank	0.0287243239862219	0.00571288336420763	0.00377462082218104
mcaja_ahorro_rank	0.0177762667462132	0.00188164319630693	0.00150984832887242
rf_003_019	0.0175192914520179	0.00177704949473945	0.000754924164436209
rf_009_026	0.0139267017636564	0.00124379043923558	0.000480406286459406
ccomisiones_mantenimiento_tend6	0.0127152081239064	0.00409150127564779	0.000960812572918811
rf_013_026	0.0125537207542667	0.00109586054899823	0.000549035755953607
ctrx_quarter	0.0118376427541292	0.00261152054824901	0.00123533045089561
rf_013_016	0.0114933581125848	0.00113821647804703	0.00226477249330863
rf_016_022	0.0109728182942371	0.00210213408205011	0.000617665225447807
rf_010_015	0.00888505879366357	0.00141761878866143	0.00150984832887242
rf_007_020	0.00862739057478328	0.00160762795689896	0.000960812572918811
mprestamos_personales_rank_lag1	0.00827870812534183	0.00173461514492096	0.00102944204241301
mtarjeta_visa_consumo_rank	0.00822787176796913	0.00112645118423956	0.00123533045089561
mpasivos_margen_rank_lag1	0.00814699118245339	0.00198029434621605	0.00164710726786082
mprestamos_personales_rank	0.0078480786231907	0.00809956503070536	0.00212751355432023
mcomisiones_mantenimiento_rank_tend6	0.00735564389672675	0.00242961268119089	0.00171573673735502
rf_016_020	0.00559734895067735	0.00122095910348365	0.00226477249330863
cdescubierto_preacordado	0.00526442588612616	0.00332119583857833	0.00150984832887242
mpasivos_margen_rank	0.00514564505717296	0.0021227434959943	0.00205888408482602
rf_010_020	0.00485077918187475	0.00130456653574152	0.00102944204241301
mprestamos_personales_rank_lag2	0.00474697531065713	0.00156639170217289	0.000754924164436209
mactivos_margen_rank	0.00453457193287982	0.00699437676682403	0.00274517877976803
mcomisiones_rank_lag2	0.00441020401544078	0.00251725442637811	0.00521583968155926
tcallcenter	0.00414993163623791	0.00274465069656301	0.00192162514583762
rf_010_017	0.00397105733589983	0.000968324415588438	0.000960812572918811
mrentabilidad_annual_rank_lag1	0.00380707500397079	0.00240013300685344	0.00226477249330863
rf_014_025	0.00368962036723525	0.00167243183127012	0.00370599135268684
rf_019_026	0.00360748426016408	0.00103751549635253	0.000686294694942008
mcuenta_debitos_automaticos_rank	0.00360587570153477	0.00396501510920989	0.00144121885937822
vm_status04	0.00357997724940803	0.000564511910578086	0.000411776816965205
mcomisiones_otras_rank_lag2	0.00356187116156584	0.00294938554266363	0.00562761649852447
mprestamos_personales_rank_delta2	0.00347280482046143	0.00547030831837924	0.00150984832887242
rf_005_014	0.00342358997282805	0.000729019080184973	0.000480406286459406
cproductos_tend6	0.00338218917919457	0.00464016783404006	0.00102944204241301
ctrx_quarter_normalizado	0.00336224550732204	0.00136437544275468	0.00082355363393041
rf_019_021	0.00331475665585382	0.00046937662517651	0.000411776816965205
mpayroll_sobre_edad_rank	0.00312736222410641	0.00107513350389952	0.000480406286459406
vm_status02	0.00306826602546058	0.000599583421465027	0.000343147347471004
mrentabilidad_annual_rank_delta2	0.00306798437143443	0.00208605564590996	0.00500995127307666
rf_010_018	0.00306746510701996	0.00026703796926071	0.000205888408482602
mcuentas_saldo_rank_tend6	0.00293505826725855	0.00220447318648915	0.00260791984077963
rf_010_019	0.00290932248334594	0.00127275602186065	0.00281380824926223
mrentabilidad_annual_rank_lag2	0.00267464572401115	0.00573915432205213	0.00665705854093748
thomebanking	0.00265995527405329	0.00304003995241959	0.00459817445611146
Visa_msaldototal_rank	0.0026038137283991	0.00220926992356822	0.00233340196280283
mcomisiones_otras_rank_tend6	0.00245456214787483	0.00206636767600957	0.00356873241369844
ctrx_quarter_normalizado_delta1	0.00239626797193122	0.00305644296341206	0.00150984832887242
Master_Fvencimiento_tend6	0.00220907926390528	0.00139295327824075	0.00199025461533182
ccaja_seguridad	0.00214720593434272	0.00380170821305012	0.000686294694942008
rf_013_017	0.00214323248253006	5.49620677756774e-05	6.86294694942008e-05
mcuentas_saldo_rank_delta1	0.00214195863221875	0.00403348297620911	0.00308832612723904
mprestamos_personales_rank_tend6	0.00205511119086358	0.00373822877834476	0.00116670098140141
rf_003_018	0.00204967968439844	0.00144134107149116	0.00295106718825063
foto_mes	0.0020489562450736	0.00671682605771609	0.00253929037128543
mcomisiones_rank_tend6	0.00199945386451466	0.00149293540287981	0.00240203143229703
rf_014_023	0.00193487332559787	0.00162993213081023	0.00150984832887242
Visa_cconsumos_tend6	0.00188157619455523	0.00270525515156982	0.00521583968155926
rf_017_022	0.00187647543887846	0.00173504863750894	0.000686294694942008
ctarjeta_visa_transacciones_tend6	0.00183978212182953	0.00212376732270963	0.00157847779836662
vm_status01	0.00183009760591861	0.000879676270523589	0.000480406286459406
Master_status	0.00182336975378647	0.000996621243316473	0.000480406286459406
rf_019_023	0.0018030257251651	0.000415436205761452	0.000754924164436209
mplazo_fijo_dolares_rank	0.00172206835428148	0.00589967945924279	0.00116670098140141
Visa_mpagominimo_rank	0.00168762744174241	0.0027705469773968	0.00350010294420424
mttarjeta_visa_debitos_automaticos_rank_tend6	0.0016871421998325	0.00330509561889104	0.00130395992038982
vm_Fvencimiento_tend6	0.00165054885072427	0.00195736498450202	0.00185299567634342
mcomisiones_otras_rank_lag1	0.00161111942226216	0.00215235387161456	0.00253929037128543
mactivos_margen_rank_delta2	0.00159178439740919	0.00490811417721629	0.00542172809004187
ctarjeta_visa_tend6	0.00158073274540104	9.81958737740075e-05	6.86294694942008e-05
Visa_fechaalta	0.00157404054454382	0.00254122939835461	0.00398050923066365
rf_014_030	0.00154200404063008	0.00121581600800514	0.000617665225447807
mcuentas_saldo_rank_delta2	0.00150683803676849	0.00372333101045931	0.00535309862054766
mpasivos_margen_rank_lag2	0.00150503667644944	0.00166088437293399	0.00329421453572164
cproductos_delta1	0.00150442150707471	0.00261433280418411	0.000480406286459406
Master_fechaalta	0.00146714702484122	0.00281069623312085	0.00500995127307666
mcuenta_corriente_rank	0.0014161093293655	0.00317152326457021	0.00219614302381443
Master_fechaalta_lag2	0.0014125145224753	0.00375247957488031	0.00562761649852447
Master_fechaalta_tend6	0.00136524497837998	0.000573846160525325	0.000960812572918811
vm_mpagominimo_rank	0.00135814011171542	0.000856424512311962	0.00102944204241301
Master_fechaalta_lag1	0.00130176138383604	0.00249409198070974	0.00473543339509986
cliente_edad_lag1	0.00129505574554538	0.00341192649074926	0.00301969665774484
ctarjeta_visa_delta2	0.00127178607940686	0.000223274823067005	6.86294694942008e-05
mrentabilidad_annual_rank_delta1	0.0012699478349103	0.00279524516313817	0.00274517877976803
Visa_mpagominimo_rank_lag1	0.0012697790850716	0.00203268813378454	0.00274517877976803
Visa_mconsumospesos_rank	0.00126411162631753	0.00240040094448319	0.00494132180358246
Visa_mconsumospesos_rank_lag1	0.00126406683868051	0.00174074939179411	0.00377462082218104
vmr_msaldopesos_delta2	0.00125291365017222	0.00057453887732421	0.00102944204241301
rf_014_015	0.00124892824135356	0.000897567097785356	0.000754924164436209
mtransferencias_recibidas_rank	0.0012314260993476	0.00294569323142429	0.00219614302381443
tcallcenter_delta2	0.00120408938889449	0.00122871840297305	0.000686294694942008
vm_mpagospesos_rank	0.00120300957496981	0.000238667077472416	0.000411776816965205
Visa_fechaalta_lag1	0.00120055041450484	0.00208304733805065	0.00404913870015785
thomebanking_lag1	0.00118677443412129	0.00220542948420837	0.00480406286459406
rf_001_022	0.00118441452987648	0.00106632423743823	0.00274517877976803
vm_status06	0.00117707258833957	0.00014294799300763	0.000343147347471004
Master_mfinanciacion_limite_rank_tend6	0.00117058571570941	0.00307263903070674	0.00480406286459406
mcuenta_corriente_rank_tend6	0.0011645286186354	0.00496675984281245	0.00260791984077963
vm_fultimo_cierre_tend6	0.00115589728570925	0.00106557706177151	0.00171573673735502
chomebanking_transacciones_delta2	0.0011557093328232	0.00314500833099779	0.00274517877976803
rf_003_015	0.00115021088251606	0.000672793566675481	0.000549035755953607
rf_009_025	0.00114843232538132	0.00111054048141234	0.00212751355432023
vm_fechaalta_lag1	0.00114806873817783	0.00151064324834564	0.00350010294420424
ctrx_quarter_normalizado_tend6	0.00114764978154944	0.00272270595117947	0.00219614302381443
rf_002_026	0.00114621208339846	0.00231999787200885	0.00157847779836662
rf_017_016	0.00113778310095661	0.00104486744351051	0.00233340196280283
mcuentas_saldo_rank_lag2	0.00111509423223618	0.00246230542873072	0.00404913870015785
Visa_mpagospesos_rank_tend6	0.00110828664816002	0.00288381488743334	0.00514721021206506
rf_012_027	0.0010970592288404	0.00137087565321969	0.00377462082218104
vm_fechaalta	0.0010905481034771	0.00212198325019929	0.00301969665774484
Master_Fvencimiento_lag2	0.00108658818911751	0.00188983163167488	0.00363736188319264
Master_mlimitecompra_rank_tend6	0.00108525364177126	0.00223806123781621	0.00494132180358246
Visa_fultimo_cierre_tend6	0.00107844149146007	0.00154155192337514	0.00199025461533182
cdescubierto_preacordado_delta2	0.00105406936329985	0.00433772506562125	0.00082355363393041
mcomisiones_rank_delta2	0.00104840225250077	0.00193596482779685	0.00329421453572164
rf_016_015	0.00104676617166307	0.000578960937392563	0.000754924164436209
thomebanking_lag2	0.00103946752905524	0.00165509648446029	0.00452954498661725
mrentabilidad_rank_delta2	0.00102495228742711	0.00159784278752603	0.00377462082218104
rf_015_025	0.00101671713201195	0.00128565406011914	0.00343147347471004
mcomisiones_mantenimiento_rank	0.00101074613379007	0.00192884160788378	0.00233340196280283
rf_011_021	0.00100501589670163	0.00100146154748981	0.00212751355432023
Visa_mlimitecompra_rank_delta2	0.00098714499574398	0.00222531786274239	0.00466680392560566
mactivos_margen_rank_tend6	0.000983433298595227	0.00261230693430058	0.00336284400521584
mtransferencias_emitidas_rank	0.000967725968290739	0.00399257129633534	0.00240203143229703
mcomisiones_otras_rank_delta2	0.000963654139794791	0.00179051172686872	0.00301969665774484
mcaja_ahorro_dolares_rank	0.00096124384702462	0.00297907869576301	0.00178436620684922
Visa_mconsumototal_rank_tend6	0.000957886706721568	0.0020556044253703	0.00439228604762885
cdescubierto_preacordado_tend6	0.000956837163428023	0.00264631322973263	0.000480406286459406
Master_mfinanciacion_limite_rank_lag1	0.000949536513844525	0.00190770067538951	0.00384325029167525
mpasivos_margen_rank_tend6	0.000944920786687075	0.00208569186067281	0.00219614302381443
Visa_mlimitecompra_rank	0.000941206484904039	0.0014264084499303	0.00267654931027383
Master_mfinanciacion_limite_rank_delta2	0.000940779643619043	0.00321134576708723	0.00494132180358246
ccajas_consultas_tend6	0.000934498531197985	0.00381447337167108	0.00082355363393041
numero_de_cliente	0.000934218150234235	0.00447890859131096	0.00301969665774484
Master_Fvencimiento_lag1	0.000931035909651808	0.00168553899158109	0.00370599135268684
Visa_mconsumospesos_rank_tend6	0.000924562018556598	0.00183556881576223	0.00425502710864045
mcaja_ahorro_rank_tend6	0.00092083328252423	0.00373373918928029	0.00281380824926223
ccallcenter_transacciones_tend6	0.000910936388658136	0.00305191416396274	0.000960812572918811
Visa_Fvencimiento_lag2	0.000902873852338132	0.00199100313798749	0.00329421453572164
Master_mlimitecompra_rank_delta1	0.000901454815299436	0.00290658087254386	0.00425502710864045
mrentabilidad_annual_rank_tend6	0.000901123514963737	0.00264509770780251	0.00308832612723904
mcuenta_corriente_rank_lag2	0.000900599023672132	0.00314219825341741	0.00178436620684922
Master_mpagominimo_rank	0.000900497978718537	0.000852294351775214	0.00144121885937822
ctrx_quarter_normalizado_lag2	0.000899574304686718	0.00263658687593696	0.00301969665774484
Master_Fvencimiento	0.000895462175313747	0.00182253789786622	0.00363736188319264
mrentabilidad_rank_tend6	0.000893351544478159	0.00316164878265402	0.00315695559673324
Visa_msaldopesos_rank	0.000879006072856415	0.00229053126779968	0.00247066090179123
vm_Fvencimiento_lag1	0.000876314134634056	0.00140421537210942	0.00281380824926223
cproductos_delta2	0.000871635933974791	0.00157806986179182	0.000343147347471004
Master_mlimitecompra_rank_lag2	0.000871402472447686	0.00156769217993683	0.00370599135268684
mcomisiones_otras_rank	0.000867515608723042	0.00177272328227849	0.00260791984077963
vm_fechaalta_lag2	0.000856509609240998	0.00179551322929086	0.00336284400521584
ctrx_quarter_tend6	0.000855601114806209	0.00305647128202333	0.00205888408482602
vm_fechaalta_tend6	0.000855356026110591	0.00124271215365241	0.00137258938988402
Master_mlimitecompra_rank_lag1	0.000854911092028255	0.00190826051255088	0.00439228604762885
mpasivos_margen_rank_delta1	0.000845408750041871	0.00240859155820586	0.00240203143229703
rf_008_013	0.000840385309505727	0.000407859888067988	0.00109807151190721
Visa_mconsumototal_rank	0.000839417224730847	0.00174244850847062	0.00377462082218104
ctrx_quarter_normalizado_delta2	0.000836691324556608	0.00180737654906044	0.00240203143229703
vm_status01_delta1	0.000833244025823824	0.000418675419220389	0.000411776816965205
Visa_fechaalta_lag2	0.000828660679866543	0.0015527007427987	0.00329421453572164
rf_004_021	0.000827223347379419	0.00149772560489474	0.000549035755953607
mpasivos_margen_rank_delta2	0.00082354291845782	0.00214161458287713	0.00343147347471004
rf_013_024	0.000821264921304407	0.00139485498190562	0.00322558506622744
vm_msaldototal_rank_tend6	0.0008195957591216	0.00146135797295328	0.00157847779836662
Master_mfinanciacion_limite_rank_delta1	0.000818637284498219	0.00156228986024741	0.00418639763914625
mrentabilidad_annual_rank	0.000816897052165272	0.00118734709025474	0.00137258938988402
vm_mconsumototal_rank_tend6	0.000815981726705271	0.000946028955096025	0.00171573673735502
Master_mlimitecompra_rank_delta2	0.000808715219854964	0.00159153862898524	0.00459817445611146
Visa_mconsumototal_rank_delta2	0.000800254181213631	0.00108011975783867	0.00336284400521584
mactivos_margen_rank_lag2	0.000798233708774342	0.00198509761835926	0.00212751355432023
Visa_mpagospesos_rank_lag2	0.0007934227432671	0.00181629255490269	0.00391187976116945
mpagomiscuentas_rank_tend6	0.00079299712983803	0.00398876135394147	0.00144121885937822
cliente_edad_lag2	0.000788499950678185	0.00256458571759249	0.00205888408482602
vm_status06_delta2	0.000778087949134399	0.000223274823067005	6.86294694942008e-05
rf_019_017	0.000773884323099017	0.000896205626089435	0.000480406286459406
Visa_mfinanciacion_limite_rank_lag1	0.000755217307080653	0.00199264997415088	0.00247066090179123
Visa_mconsumospesos_rank_lag2	0.000752505594717505	0.00149886924111931	0.00322558506622744
mttarjeta_visa_debitos_automaticos_rank_delta1	0.00074431015322706	0.00185423731565671	0.000892183103424611
cliente_edad	0.000743763649336893	0.0027202378752891	0.00205888408482602
mrentabilidad_rank_lag2	0.00074324843921745	0.00133726581834549	0.00267654931027383
Visa_mfinanciacion_limite_rank_delta1	0.000742049773833399	0.0017424615785989	0.00384325029167525
mpayroll_rank_delta2	0.000740887402830808	0.00172301976278114	0.000686294694942008
Visa_mconsumototal_rank_lag1	0.000740027550337072	0.00165114494901004	0.00308832612723904
Visa_mlimitecompra_rank_tend6	0.000739244513123492	0.00210251747247969	0.00315695559673324
mcuenta_corriente_rank_lag1	0.000729991675838967	0.00158706864511319	0.00185299567634342
Visa_mpagospesos_rank_delta2	0.000728654692577498	0.00131984551570183	0.00404913870015785
ccajas_transacciones_delta1	0.000725353382898983	0.00219474683269349	0.000686294694942008
chomebanking_transacciones	0.000718714580852315	0.00175164334371619	0.00164710726786082
Visa_mconsumototal_rank_lag2	0.000715957414754152	0.00190289958160101	0.00308832612723904
cliente_antiguedad_lag1	0.000715702932681896	0.00148757882863938	0.00212751355432023
Visa_mpagominimo_rank_tend6	0.000711086195884755	0.00256223309450194	0.00253929037128543
mtransferencias_recibidas_rank_delta2	0.000707371550392852	0.00274122632295343	0.00192162514583762
mcaja_ahorro_dolares_rank_delta2	0.000704565369884106	0.00301395197637102	0.00137258938988402
vmr_msaldopesos2_tend6	0.000703002686614745	0.00210406628268097	0.00219614302381443
Visa_mpagominimo_rank_delta2	0.000693669120504714	0.00135280620087142	0.00233340196280283
mttarjeta_visa_debitos_automaticos_rank_delta2	0.000693133402747276	0.000801571362271958	0.000754924164436209
mtarjeta_visa_consumo_rank_tend6	0.000685011421027252	0.00177729564882207	0.00130395992038982
mtarjeta_visa_consumo_rank_lag2	0.000684357599847715	0.00280476892994548	0.00301969665774484
Visa_mfinanciacion_limite_rank_delta2	0.000678333525252701	0.0019895654238766	0.00418639763914625
mcomisiones_mantenimiento_rank_lag2	0.000674726635198917	0.00192033077601824	0.00164710726786082
Visa_msaldototal_rank_tend6	0.000673692612291368	0.00177015935878073	0.00240203143229703
Visa_cconsumos_lag2	0.000671835033545054	0.00118777840448801	0.00226477249330863
Visa_mpagominimo_rank_delta1	0.000666656604018075	0.00241675603167196	0.00233340196280283
mrentabilidad_rank_delta1	0.000666243261685059	0.00207955107873552	0.00253929037128543
Visa_Fvencimiento	0.00066536883601261	0.00129602956361941	0.00274517877976803
vm_Fvencimiento	0.000660565045688949	0.00124620841296754	0.00260791984077963
Visa_mpagominimo_rank_lag2	0.000658558277278317	0.0013983773814773	0.00253929037128543
Visa_mlimitecompra_rank_delta1	0.000658117475919723	0.00167554252180096	0.00260791984077963
Visa_mpagospesos_rank_lag1	0.000647724084294974	0.00180278239896972	0.00329421453572164
mpayroll_sobre_edad_rank_tend6	0.000644469175813226	0.0023701218139659	0.000754924164436209
Visa_msaldopesos_rank_tend6	0.000644300962623527	0.00174327846161645	0.00219614302381443
Visa_mfinanciacion_limite_rank	0.000642950206968318	0.00120009046532857	0.00240203143229703
vmr_msaldototal	0.000636572335682844	0.000271592908966585	0.000686294694942008
Visa_cconsumos_delta1	0.00063489515290825	0.000735785049925025	0.00171573673735502
mautoservicio_rank_delta2	0.000627636307583515	0.00124572917493057	0.00164710726786082
ccajas_otras_tend6	0.00062757011190509	0.00300464168832563	0.000549035755953607
rf_005_017	0.000625592696875162	0.000136809389425058	0.000137258938988402
ctrx_quarter_delta2	0.000622885570818009	0.00149059802827225	0.00219614302381443
Master_mconsumospesos_rank_tend6	0.000621826749314926	0.00125921536896169	0.00192162514583762
Visa_mlimitecompra_rank_lag2	0.000620871349782959	0.00228717006647679	0.00260791984077963
Visa_cconsumos	0.00061569881828707	0.00177627400046145	0.00247066090179123
vmr_msaldopesos	0.000612105446855308	0.000432542825326368	0.000754924164436209
mcomisiones_mantenimiento_rank_delta2	0.000611270316016494	0.000216728867153014	0.000411776816965205
chomebanking_transacciones_delta1	0.000610156098781525	0.00419126992152492	0.00102944204241301
mcuenta_corriente_rank_delta2	0.00060986249828481	0.00233065438326717	0.00130395992038982
Master_mfinanciacion_limite_rank	0.000608470567776417	0.00103286688739398	0.00301969665774484
Master_fultimo_cierre_tend6	0.000606781410476888	0.000972071185695614	0.00247066090179123
ctrx_quarter_lag2	0.00060613245449299	0.0023619094166961	0.00233340196280283
Master_mlimitecompra_rank	0.000599019562124957	0.00139643864578231	0.00315695559673324
Visa_mconsumosdolares_rank	0.000597067777355543	0.00160151985028238	0.00301969665774484
rf_011_017	0.000592229515278491	0.000435498852672553	0.000754924164436209
mpayroll_rank_tend6	0.000590590458666911	0.00458854300568543	0.00137258938988402
chomebanking_transacciones_tend6	0.000590178263521028	0.00169083457188955	0.00157847779836662
mcaja_ahorro_rank_lag2	0.000589889046443557	0.00198282559439311	0.00164710726786082
vm_msaldopesos_rank_tend6	0.000582315792672567	0.000999041395403143	0.00123533045089561
cpagomiscuentas_tend6	0.000582266851846484	0.00247786323809435	0.00082355363393041
mactivos_margen_rank_lag1	0.000580412154367303	0.00290148134415961	0.00144121885937822
Master_mconsumospesos_rank_lag2	0.000580017483239688	0.00241261062265222	0.00150984832887242
rf_007_018	0.000576715596159846	0.00165881275760147	0.00109807151190721
Visa_Fvencimiento_lag1	0.000575005784182759	0.00112819168965562	0.00199025461533182
Master_msaldototal_rank_tend6	0.000573923385532002	0.00158995714346325	0.00171573673735502
Visa_mfinanciacion_limite_rank_lag2	0.000571970926703589	0.00104534668154747	0.00253929037128543
ccaja_ahorro	0.000567314173014039	0.00263483330039262	0.000480406286459406
ccajas_transacciones	0.000566840169947963	0.00133197023803703	0.000754924164436209
internet_lag2	0.000566819494961694	8.58184622920449e-05	0.000205888408482602
mcaja_ahorro_rank_delta1	0.000566495569447888	0.0022722352665612	0.00164710726786082
rf_019_024	0.000566383918697088	0.000783251399131637	0.00171573673735502
vmr_Master_mlimitecompra	0.00056586781917402	0.00105991551787119	0.00226477249330863
cprestamos_personales_tend6	0.000565317842368798	0.00220197897034222	0.000411776816965205
Visa_cconsumos_lag1	0.000563480138451598	0.00167314415326142	0.00247066090179123
mtransferencias_recibidas_rank_lag2	0.000560653562256722	0.00205223451062855	0.00164710726786082
vm_mlimitecompra_rank_delta1	0.000558469974746851	0.0016654284208663	0.00240203143229703
mtransferencias_recibidas_rank_tend6	0.000558342445792043	0.00125426832540739	0.00137258938988402
internet_lag1	0.00055493152431244	0.00244989316357334	0.000480406286459406
Visa_msaldototal_rank_lag2	0.000554350308880292	0.000759045521555507	0.00157847779836662
vm_mfinanciacion_limite_rank_delta2	0.00055430083767222	0.00299294392351427	0.00240203143229703
mtransferencias_emitidas_rank_tend6	0.000552954271905449	0.00309124871502395	0.00150984832887242
rf_017_018	0.000549008995705394	0.000620395422397563	0.000892183103424611
mcomisiones_rank_delta1	0.000548207021404448	0.00288192189718733	0.00199025461533182
mextraccion_autoservicio_rank_lag2	0.000548176437331965	0.000903300527391221	0.00144121885937822
vmr_Master_mlimitecompra_lag2	0.000546022589753147	0.00166106081966578	0.00212751355432023
chomebanking_transacciones_lag2	0.00054436729569303	0.00117279568076873	0.00212751355432023
cproductos	0.000544251944794906	0.000380170821305012	6.86294694942008e-05
Master_status_delta1	0.000540260025293261	0.000170153465024214	0.000343147347471004
Visa_mlimitecompra_rank_lag1	0.000540004278673129	0.00130732215445407	0.00226477249330863
ctarjeta_visa_debitos_automaticos_tend6	0.000539629231367075	0.00265597423288689	0.00102944204241301
vmr_mpagominimo_lag1	0.000536785551174027	0.000701865888681513	0.00123533045089561
rf_007_026	0.000536231720406544	0.0012197544733271	0.00288243771875643
ctarjeta_debito_transacciones_tend6	0.000535172805598475	0.00267842653491867	0.00116670098140141
mactivos_margen_rank_delta1	0.000524944861836089	0.00128593288952246	0.00212751355432023
ctarjeta_visa_transacciones_delta2	0.000523777650683633	0.0017069609318334	0.00116670098140141
Visa_mconsumospesos_rank_delta1	0.000522561658950504	0.000763992565109808	0.00253929037128543
Visa_msaldopesos_rank_delta2	0.000522022361556709	0.000975380106505382	0.00205888408482602
Master_mpagospesos_rank_tend6	0.000521287104890812	0.000851324983927718	0.00144121885937822
ctrx_quarter_delta1	0.000518743917530202	0.00141656664333482	0.00116670098140141
ccaja_ahorro_lag1	0.000516535031573614	0.00190085410652506	0.000343147347471004
vm_Fvencimiento_lag2	0.00051567222899816	0.000885732096627049	0.00226477249330863
vmr_Visa_mlimitecompra	0.000514131080355012	0.000405130409612004	0.000892183103424611
tcallcenter_delta1	0.00051345319852944	0.00160356314700362	0.000686294694942008
mcomisiones_rank_lag1	0.000511844970376572	0.000850895848049163	0.00164710726786082
Visa_mconsumototal_rank_delta1	0.000511714558293008	0.0014988997380853	0.00329421453572164
Master_mpagominimo_rank_lag2	0.000510256665911024	0.00119143586205193	0.00137258938988402
Visa_mpagospesos_rank	0.000505333039660378	0.00142016746367619	0.00226477249330863
rf_012_028	0.000504328903888641	0.000310853395967537	0.000274517877976803
mcuentas_saldo_rank_lag1	0.00050237209893846	0.00138302215910202	0.00116670098140141
vmr_mpagominimo_lag2	0.000501342563914662	0.0013988784030614	0.00164710726786082
ccaja_ahorro_delta2	0.000501335297116372	0.00418187903435514	0.000754924164436209
cliente_antiguedad	0.000499688394958527	0.0013921037199025	0.00192162514583762
mplazo_fijo_dolares_rank_tend6	0.000497300405216862	0.0023793689297246	0.000549035755953607
vm_mfinanciacion_limite_rank_tend6	0.000495020223367535	0.00141901293567805	0.00185299567634342
vmr_Master_mlimitecompra_lag1	0.000493774207136895	0.0013905679798295	0.00178436620684922
ccomisiones_otras_tend6	0.000492842467102498	0.0025547264841593	0.00178436620684922
mpagomiscuentas_rank	0.000492117718755145	0.00243952201678248	0.00102944204241301
Master_mfinanciacion_limite_rank_lag2	0.000490644680517995	0.000911101215620174	0.00212751355432023
mcomisiones_rank	0.000489119535151703	0.000855372366985354	0.00199025461533182
rf_002_015	0.000488178130048618	0.00116416503939394	0.00171573673735502
ctarjeta_visa_transacciones	0.000487250950589044	0.00177015718042601	0.00116670098140141
Visa_mconsumosdolares_rank_lag1	0.000485362772042804	0.000855049970487759	0.00233340196280283
Visa_status	0.000481946131418828	0.000503979789800054	0.000274517877976803
Master_mconsumosdolares_rank_tend6	0.000479450933159714	0.000828576425654903	0.00240203143229703
mcaja_ahorro_rank_delta2	0.000479259383489387	0.00171218680479103	0.00171573673735502
Master_fultimo_cierre_lag2	0.00047419992066504	0.00173897185434791	0.00185299567634342
cliente_antiguedad_lag2	0.000472590530138576	0.00151548137416427	0.00150984832887242
vm_msaldopesos_rank	0.000471565605853592	0.00082787281708245	0.000892183103424611
Visa_msaldototal_rank_delta2	0.000468203631701126	0.00120573240403647	0.00233340196280283
mcomisiones_mantenimiento_rank_delta1	0.000461614486866972	0.00133750761571868	0.000892183103424611
vm_mpagospesos_rank_tend6	0.00046136116455303	0.00125993204766243	0.00130395992038982
Visa_mconsumospesos_rank_delta2	0.000454424460050467	0.000847878826771001	0.00219614302381443
Visa_msaldopesos_rank_lag2	0.000450274183670245	0.00123420132178687	0.00157847779836662
rf_004_017	0.000447415752697119	0.000457378247414692	0.000343147347471004
rf_003_021	0.000447165326688176	0.000257250621533068	0.000480406286459406
mprestamos_personales_rank_delta1	0.000446838803130299	0.00236525972624542	0.000617665225447807
Visa_msaldopesos_rank_delta1	0.000438240625787583	0.00123587647656153	0.00205888408482602
vmr_mconsumototal_lag1	0.00043531907654925	0.000368961007949472	0.000892183103424611
rf_020_015	0.000433710296453183	0.000188547492224793	0.000686294694942008
mttarjeta_visa_debitos_automaticos_rank	0.000427827921684178	0.00161127887939874	0.00123533045089561
vm_mpagominimo_rank_lag1	0.000426947874227141	0.000809406904176326	0.00144121885937822
vm_mfinanciacion_limite_rank_lag2	0.000426481908573866	0.000926911714130572	0.00185299567634342
Visa_mpagado_rank_tend6	0.000425322005408522	0.00117881665319677	0.00109807151190721
mtarjeta_visa_consumo_rank_delta1	0.000422694345893224	0.00155063348417561	0.00116670098140141
mcaja_ahorro_rank_lag1	0.000420167787916694	0.00117306361839849	0.00102944204241301
mtransferencias_recibidas_rank_lag1	0.000415929362586246	0.0020767998167324	0.00157847779836662
rf_008_022	0.000413580774941601	0.000839627219116359	0.00219614302381443
mtransferencias_emitidas_rank_lag2	0.000413167419149546	0.00117600439726168	0.00157847779836662
Visa_mfinanciacion_limite_rank_tend6	0.000412838291585202	0.000860264951671817	0.00212751355432023
rf_008_019	0.000411059995937716	0.000581775371682372	0.00137258938988402
thomebanking_delta2	0.000410635782831963	0.00111257506471473	0.000686294694942008
ctarjeta_debito_transacciones_delta2	0.000410605233257322	0.00250031989683556	0.00109807151190721
thomebanking_delta1	0.000409911006162304	0.000665182395306601	0.000549035755953607
Visa_mpagospesos_rank_delta1	0.000405118817285271	0.00145211085719458	0.00247066090179123
Master_mpagominimo_rank_lag1	0.000401638828964606	0.00100449599560568	0.00123533045089561
rf_002_024	0.000400239966074462	0.00113619714322764	0.00144121885937822
mautoservicio_rank_lag2	0.00039917972015887	0.000834246682974077	0.00144121885937822
vmr_Visa_mlimitecompra_lag2	0.000397021054123741	0.00072258422036137	0.00178436620684922
rf_011_022	0.000391441968650844	0.000502949428020581	0.000137258938988402
Master_fultimo_cierre_delta2	0.000391318707597123	0.000636417221315169	0.00171573673735502
vm_mpagominimo_rank_tend6	0.000390674269986921	0.00182047935266199	0.00171573673735502
Visa_madelantodolares_rank_lag1	0.00038977181991266	0.000172323106318834	0.000549035755953607
cmobile_app_trx_lag2	0.000387042446645052	0.00222256224402984	0.00102944204241301
vm_mfinanciacion_limite_rank_lag1	0.000385914626144047	0.000537624478349669	0.00137258938988402
ctarjeta_debito_tend6	0.000385150276466516	0.00435494278127655	0.00082355363393041
ccajas_transacciones_delta2	0.0003848809633726	0.000967797253747777	0.000686294694942008
vm_mlimitecompra_rank_tend6	0.00038486632291355	0.000902612167301763	0.00150984832887242
vm_mpagado_rank_tend6	0.000384376698175058	0.00116651548412978	0.000480406286459406
Visa_mconsumosdolares_rank_lag2	0.000382569809699603	0.000935274417875601	0.00178436620684922
vm_mconsumospesos_rank_tend6	0.000380259460522751	0.00108073405386787	0.00137258938988402
rf_011_016	0.000379953718761604	0.000636099181527001	0.000617665225447807
vm_mfinanciacion_limite_rank	0.000379365959881154	0.000698389234558807	0.00199025461533182
vm_mlimitecompra_rank_delta2	0.000376088194847016	0.00158623433525793	0.00171573673735502
vm_mpagominimo_rank_delta2	0.000375580849680412	0.000909201690310024	0.00130395992038982
mcuenta_debitos_automaticos_rank_delta2	0.000374459072975273	0.00225409392850739	0.00082355363393041
vm_status05	0.000373910426694337	0.000556179703799046	0.000480406286459406
Visa_msaldototal_rank_delta1	0.000373831676299304	0.00103354435570987	0.00137258938988402
vmr_msaldopesos2_delta2	0.000372580189732629	0.00252203373661948	0.00164710726786082
internet_tend6	0.000369354525140834	0.00173172882492561	0.000480406286459406
mcaja_ahorro_dolares_rank_delta1	0.000369319407145527	0.00153462039867686	0.00109807151190721
Visa_mpagosdolares_rank_tend6	0.000368894950224244	0.00143288687684817	0.00130395992038982
mcaja_ahorro_dolares_rank_lag2	0.000365361356574967	0.000900259544211211	0.00144121885937822
mtransferencias_emitidas_rank_lag1	0.000364189586690273	0.000831933270268367	0.000960812572918811
vmr_Visa_mlimitecompra_lag1	0.000357386095129191	0.000688272955269431	0.00144121885937822
Visa_fechaalta_tend6	0.00035401512016716	0.000626514420787713	0.00082355363393041
Visa_mconsumosdolares_rank_tend6	0.000353041575339056	0.000723388033250642	0.00178436620684922
Master_cadelantosefectivo_tend6	0.000352484172502442	0.00054765580180522	0.00171573673735502
rf_004_019	0.00034988520392902	0.000690470915175327	0.00219614302381443
rf_005_022	0.000347996004255669	0.000563714632752954	0.00178436620684922
ccallcenter_transacciones_delta2	0.000346852011785731	0.0018706773586793	0.000549035755953607
vmr_msaldopesos_delta1	0.000343316298124169	0.000668086142139662	0.000754924164436209
rf_016_019	0.000343040596409022	0.000905004000777159	0.00150984832887242
vmr_msaldototal_lag2	0.000340645213054109	0.000812770283853931	0.00123533045089561
rf_004_025	0.0003402080036653	0.000593497098395579	0.000343147347471004
Visa_msaldodolares_rank_tend6	0.000338443701239358	0.00133172408395441	0.000686294694942008
Visa_fultimo_cierre_lag2	0.000336030734908872	0.00100557210283414	0.00150984832887242
Master_mconsumototal_rank_lag2	0.000334797056861448	0.00182403660590909	0.000960812572918811
Master_mconsumototal_rank_tend6	0.000331554156853604	0.0011408457521862	0.00116670098140141
ctarjeta_debito_transacciones_lag2	0.000331229379233649	0.000951607721517234	0.00116670098140141
rf_001_013	0.000331188823415007	0.0012110236276355	0.00150984832887242
vm_msaldopesos_rank_delta2	0.000330968176067146	0.000525981172406147	0.000892183103424611
vm_mconsumototal_rank_lag1	0.000327540290506914	0.000224825811622999	0.000686294694942008
vmr_mpagominimo_delta2	0.000326208940743076	0.000541698001663867	0.000754924164436209
vmr_Master_mlimitecompra_tend6	0.000324640214034478	0.00134287290337797	0.00082355363393041
ccaja_seguridad_lag1	0.000323669546253394	0.000760341642610025	0.000137258938988402
vm_cconsumos_lag1	0.000323384631818644	0.00177789251801356	0.000754924164436209
vm_mfinanciacion_limite_rank_delta1	0.000317843226469588	0.000818621344614324	0.00157847779836662
Master_msaldopesos_rank	0.000316330230451325	0.000976909311514241	0.00102944204241301
Visa_Fvencimiento_tend6	0.000314409137165272	0.000447251076351749	0.00102944204241301
mtarjeta_visa_consumo_rank_delta2	0.000313804926702711	0.00163502294577562	0.00178436620684922
rf_017_020	0.000313132845132378	0.000455670417319328	0.00130395992038982
rf_007_016	0.000311936137769204	0.000898251101165387	0.000411776816965205
mcomisiones_mantenimiento_rank_lag1	0.000310959725047564	0.00103601896666437	0.00109807151190721
rf_015_015	0.000310014294135213	0.000584448212915805	0.000960812572918811
vmr_msaldototal_lag1	0.000309085749023372	0.000974506586265279	0.00109807151190721
vm_cconsumos_delta2	0.00030884795957745	0.000842637705330381	0.000343147347471004
tcallcenter_tend6	0.000307188417230854	0.00163884813665248	0.000617665225447807
Visa_fultimo_cierre_lag1	0.000305170044045054	0.000680500585651754	0.00123533045089561
rf_020_019	0.000303135760439738	0.00106498019258002	0.000617665225447807
Visa_msaldopesos_rank_lag1	0.000302624930351561	0.000704292575832323	0.00150984832887242
vmr_mconsumospesos_delta1	0.000301545226922514	0.000654970268409832	0.000892183103424611
rf_006_017	0.000301441527101922	0.00140417616172457	0.000480406286459406
vm_mpagominimo_rank_lag2	0.000300482323238597	0.000563686314141679	0.000892183103424611
Master_mpagominimo_rank_tend6	0.0003001969564085	0.000535254428421409	0.000892183103424611
Visa_msaldototal_rank_lag1	0.000298524969603173	0.000498651534170895	0.00130395992038982
rf_018_021	0.000298169117093695	0.00116055986234314	0.000960812572918811
mrentabilidad_rank_lag1	0.000298122121085778	0.000488018984814426	0.000892183103424611
mextraccion_autoservicio_rank_delta2	0.000295143203040098	0.00254541837446862	0.00144121885937822
mcuenta_corriente_rank_delta1	0.000294860700845581	0.00199272185985643	0.000892183103424611
rf_006_018	0.000294402497406202	0.000677392073475626	0.00109807151190721
chomebanking_transacciones_lag1	0.000291628382384153	0.000700519665468585	0.00137258938988402
rf_003_028	0.000290768141521166	0.000407783645653016	0.000617665225447807
rf_020_025	0.00029027394182752	0.000661838620821417	0.00199025461533182
Master_mpagosdolares_rank	0.000289910542879699	0.000236037803333253	0.000892183103424611
ctransferencias_emitidas_tend6	0.000288670622319621	0.00133282197473	0.000549035755953607
vmr_mpagominimo	0.000286537477282719	0.000572576179727369	0.000549035755953607
rf_018_025	0.000285949088476141	0.000585252025805078	0.000549035755953607
vm_msaldototal_rank	0.000285617148195493	0.00146236219447619	0.000960812572918811
Master_fultimo_cierre_delta1	0.000285277459550051	0.000400492692427017	0.00109807151190721
mrentabilidad_rank	0.000284658178581861	0.00126449787914187	0.000960812572918811
vmr_msaldopesos2	0.00028172031365945	0.00079919042057013	0.00123533045089561
ccomisiones_otras_delta2	0.000281136717236706	0.000560318577754647	0.000617665225447807
Visa_fultimo_cierre	0.000279970053629023	0.000619659138504409	0.00109807151190721
mextraccion_autoservicio_rank	0.000278360641467052	0.000419668748969734	0.000274517877976803
rf_020_016	0.000275110262587248	0.00121559163746965	0.000960812572918811
Visa_mpagado_rank_delta2	0.000274582683822507	0.00203161638326551	0.000960812572918811
mcaja_ahorro_dolares_rank_lag1	0.000272715064952414	0.000364414781662451	0.00123533045089561
mtransferencias_recibidas_rank_delta1	0.000272086541090268	0.000947420923757936	0.00109807151190721
Master_madelantodolares_rank_lag2	0.000270568279381721	0.000123127143469724	0.000343147347471004
vm_mpagominimo_rank_delta1	0.000269714025551111	0.00104442523750367	0.000892183103424611
mcomisiones_otras_rank_delta1	0.000265013798042973	0.000776650984349809	0.00116670098140141
rf_005_020	0.000264783430289453	0.00106797978702047	0.000754924164436209
Master_msaldopesos_rank_lag1	0.000264546440644057	0.000524510782974552	0.00123533045089561
Visa_delinquency_lag2	0.000264489795556331	0.000220649905637268	0.000205888408482602
rf_011_019	0.000262678193630982	0.000720303482976362	0.000754924164436209
vm_mlimitecompra_rank_lag2	0.000262640662682183	0.000805241889964163	0.00116670098140141
mplazo_fijo_dolares_rank_delta2	0.000262235541128838	0.00246794083237447	0.000480406286459406
matm_rank_lag2	0.000261563753948519	0.00073482221714167	0.000960812572918811
Master_cconsumos_tend6	0.0002601477022716	0.000599550746144325	0.000960812572918811
rf_006_013	0.000259708003848393	0.000707144042152262	0.00109807151190721
mpayroll_rank_delta1	0.000259537713501359	0.0017634129942331	0.000754924164436209
Master_mpagosdolares_rank_tend6	0.000258727399785793	0.000641061473564296	0.00164710726786082
ccomisiones_otras_lag2	0.000258175007586398	0.00147405560257813	0.000960812572918811
Visa_madelantopesos_rank	0.000257899840542253	0.000407234700265221	0.000411776816965205
rf_018_024	0.000257703281716948	0.00122797122730633	0.000686294694942008
rf_012_016	0.000257304397371397	0.000594549243722187	0.00130395992038982
vmr_msaldopesos2_lag1	0.000256477280114086	0.000412843963652418	0.00082355363393041
vm_mlimitecompra_rank	0.000256313351319578	0.000470380846699422	0.00130395992038982
minversion2_rank_lag2	0.000255415613506447	0.00310605499201144	0.000617665225447807
mcaja_ahorro_dolares_rank_tend6	0.000254418280080986	0.00106161027783827	0.000686294694942008
mpayroll_sobre_edad_rank_delta2	0.000254327043620475	0.00183728971598587	0.000754924164436209
mpayroll_rank	0.000253307108222041	0.00197429297898043	0.000686294694942008
ctarjeta_visa_transacciones_lag2	0.000252827092592557	0.000507685171167674	0.00102944204241301
Master_fultimo_cierre_lag1	0.000252688996745172	0.000767850431307372	0.00102944204241301
Master_cconsumos_lag1	0.000251130969036606	0.00100986128326497	0.000892183103424611
rf_012_025	0.000251106195068921	0.000467252729330873	0.000274517877976803
Master_msaldototal_rank_lag2	0.000249910071864456	0.00107272206523171	0.000892183103424611
cplazo_fijo_tend6	0.000249234448809664	0.00109399152065407	0.000205888408482602
Visa_mconsumosdolares_rank_delta1	0.000248927488624691	0.000325409162162975	0.00102944204241301
ctarjeta_debito_transacciones_delta1	0.000248856629127275	0.00322757668805733	0.000686294694942008
vm_msaldopesos_rank_lag2	0.000246826003705908	0.000897943953150787	0.000754924164436209
vm_status02_delta2	0.000245923335493424	5.19559382710824e-05	0.000137258938988402
vm_fultimo_cierre_lag2	0.000245674643401025	0.0011910110828828	0.00102944204241301
rf_003_009	0.00024518111299646	0.000157255426765731	6.86294694942008e-05
rf_007_028	0.000243824190062508	0.000478249063924492	0.000549035755953607
Master_status_delta2	0.000243399077537791	0.000104981448706481	0.000205888408482602
cextraccion_autoservicio_tend6	0.000242541138835476	0.00191541205107521	0.000686294694942008
Master_msaldopesos_rank_delta2	0.000241471033904324	0.000701809251458962	0.00123533045089561
vmr_msaldopesos2_lag2	0.000241152235530341	0.000889491936862506	0.000960812572918811
rf_005_019	0.000239293493340544	0.000559734778691436	0.00192162514583762
Visa_mconsumosdolares_rank_delta2	0.000238844376517213	0.000558652136398839	0.00109807151190721
Master_msaldopesos_rank_lag2	0.00023779037627936	0.000751992008993276	0.00123533045089561
Master_msaldototal_rank	0.00023675661873369	0.0017088844190454	0.00123533045089561
Master_msaldototal_rank_delta1	0.000236267116441622	0.000654155563746992	0.000960812572918811
Visa_fechaalta_delta2	0.00023544200855237	0.000165722691537006	0.000411776816965205
Master_mpagominimo_rank_delta2	0.000235415124650894	0.000365035612755791	0.000686294694942008
Visa_fultimo_cierre_delta2	0.000234678164456236	0.000437505117363664	0.000754924164436209
vmr_msaldopesos_lag1	0.000234440747212372	0.000434612262304169	0.000960812572918811
rf_005_013	0.00023443236458246	0.000568330566390807	0.00123533045089561
vmr_msaldopesos2_delta1	0.000234134251061488	0.00159468417319149	0.00123533045089561
vmr_mpagominimo_tend6	0.000233423973688851	0.000625542874585504	0.00116670098140141
vm_cconsumos_tend6	0.000230748049635401	0.000348809048495119	0.000480406286459406
vmr_mconsumototal_delta2	0.000229743452147664	0.000817612766381985	0.00082355363393041
ccaja_seguridad_lag2	0.000229460919520784	0.00137498838691873	0.000274517877976803
Visa_cconsumos_delta2	0.000226542478900729	0.00134543900523045	0.00116670098140141
Master_msaldodolares_rank_delta1	0.000226489913532723	0.000196742462656884	0.000274517877976803
vmr_msaldopesos_tend6	0.00022604113278045	0.000899799911366668	0.000892183103424611
Visa_mpagosdolares_rank_lag1	0.000225949055083552	0.000530191932067294	0.000892183103424611
mtarjeta_master_consumo_rank_lag2	0.000225727479192006	0.000409676635899026	0.00082355363393041
vmr_mconsumospesos_lag2	0.000224574217146799	0.000560242335339676	0.00082355363393041
rf_010_013	0.00022295012217234	0.000462669471013722	0.000960812572918811
vmr_mconsumototal	0.000222068819202035	0.00055506656454046	0.000960812572918811
mttarjeta_visa_debitos_automaticos_rank_lag2	0.00022197880648507	0.0011520011066739	0.00116670098140141
cdescubierto_preacordado_delta1	0.000221521868395982	0.000380170821305012	6.86294694942008e-05
Master_msaldopesos_rank_tend6	0.000219201279026342	0.00123155026410057	0.00116670098140141
vm_mconsumototal_rank_delta2	0.000219104937358709	0.000805013162719248	0.000892183103424611
ctransferencias_recibidas_tend6	0.000215956621430688	0.00295868929564488	0.000960812572918811
vmr_mconsumospesos_tend6	0.000215446048175008	0.000344840086207168	0.000549035755953607
mprestamos_prendarios_rank_lag2	0.000215259580530903	0.00243990976392148	0.000480406286459406
vm_fultimo_cierre	0.000215206894027829	0.000455428619946132	0.000892183103424611
mtransferencias_emitidas_rank_delta2	0.00021406483641174	0.00168508153709126	0.000549035755953607
vmr_mconsumospesos_lag1	0.000212528632982917	0.000817876347302316	0.000892183103424611
rf_008_018	0.000210530562581329	0.000649936090666992	0.000617665225447807
vmr_mpagospesos_delta1	0.000209132894042536	0.00117877744281193	0.000754924164436209
cseguro_vida_lag2	0.000209006765689662	0.00174678996941457	0.000343147347471004
vm_fultimo_cierre_delta1	0.000203948036867745	0.000199417482245031	0.000274517877976803
Master_mpagospesos_rank_lag1	0.000202234664664706	0.00112116649570467	0.00102944204241301
vmr_mpagado_tend6	0.000201464704733598	0.000559196725077208	0.000480406286459406
mautoservicio_rank_delta1	0.000200316363310159	0.00221406012558315	0.000754924164436209
rf_015_019	0.000200065516478704	0.000283691491045223	0.000754924164436209
vmr_mconsumototal_tend6	0.000199782495269754	0.000669375728130039	0.000892183103424611
rf_018_019	0.000199758147239983	0.000488304349281891	0.000480406286459406
ctransferencias_recibidas_delta2	0.000199222918064615	0.00181719003704464	0.000343147347471004
tcuentas_lag2	0.000198949022998121	0.00178890192273546	0.000480406286459406
vm_fultimo_cierre_lag1	0.000198765826832984	0.000373213156350174	0.000754924164436209
Master_mconsumosdolares_rank_delta2	0.000197992187676802	0.000125854443570994	0.000411776816965205
cprestamos_personales	0.000197872377367684	0.000377482731588585	6.86294694942008e-05
Master_cconsumos_lag2	0.000193179832010177	0.000521559112337794	0.00102944204241301
Master_mpagospesos_rank_lag2	0.000192918271203977	0.000447248897997035	0.000686294694942008
rf_015_029	0.000192453600887569	0.000448250941165234	0.00123533045089561
Master_mconsumototal_rank_delta1	0.000191766780506526	0.000766735113694073	0.00082355363393041
vmr_mpagominimo_delta1	0.000191331269623949	0.00129267271900595	0.000754924164436209
rf_011_024	0.000189993258025759	0.000200593793790308	0.000686294694942008
rf_014_017	0.00018945121105018	0.000639654256419392	0.000549035755953607
mcuenta_debitos_automaticos_rank_tend6	0.000189171947762493	0.00102264169036893	0.000617665225447807
vm_cconsumos_lag2	0.000189128074519148	0.00161622810130776	0.000480406286459406
rf_019_020	0.00018755575798054	0.00040958514500106	0.000480406286459406
active_quarter_lag2	0.000186637166628763	0.000482224561276583	0.000686294694942008
rf_020_023	0.000186268598384572	0.00041329052636868	0.00082355363393041
rf_016_017	0.00018593216291113	0.000232859583806293	0.000274517877976803
tcallcenter_lag2	0.000184045778685513	0.000441426155847918	0.000549035755953607
rf_017_017	0.000183969453369366	0.000193132928896657	0.000137258938988402
vmr_mpagospesos_tend6	0.000183923234456581	0.000597169804442497	0.000754924164436209
rf_009_018	0.000183862039492908	0.00120983860267137	0.000480406286459406
mtarjeta_visa_consumo_rank_lag1	0.00018278020371815	0.000144263719254568	0.000549035755953607
rf_017_015	0.000182427765933721	0.000387407315663175	0.000892183103424611
Master_msaldototal_rank_lag1	0.000181324821273775	0.00055763048803822	0.000960812572918811
Master_mconsumosdolares_rank_lag2	0.000179367455940168	0.000414667246547596	0.00116670098140141
ctrx_quarter_normalizado_lag1	0.00017868503918736	0.000850858816019034	0.000549035755953607
vm_mconsumospesos_rank_lag2	0.000176685813752794	0.000533999696106447	0.00102944204241301
thomebanking_tend6	0.000175826085068846	0.00173065925276129	0.000480406286459406
vmr_mconsumototal_lag2	0.000175756408510646	0.000416470924250353	0.000960812572918811
Visa_mpagosdolares_rank_lag2	0.00017571505636124	0.000299774283894806	0.000892183103424611
tcallcenter_lag1	0.000174895831821784	0.000604484719570345	0.000480406286459406
rf_006_014	0.000174625405687985	0.00061767901406986	0.000549035755953607
vm_mpagospesos_rank_delta1	0.000173937057507243	0.00054482829738713	0.000686294694942008
Visa_delinquency_lag1	0.000173354985793411	5.13329288230287e-05	6.86294694942008e-05
mautoservicio_rank_lag1	0.00017187954021968	0.000931044053022034	0.000754924164436209
Master_mpagado_rank_delta1	0.000169908535481608	0.000745138905064686	0.000480406286459406
Visa_mpagosdolares_rank_delta2	0.000169623123667932	0.000864835139860687	0.00082355363393041
Visa_delinquency_tend6	0.000169428594776307	0.000759010667880092	0.000343147347471004
rf_011_026	0.000169019444501224	0.000557506321819552	0.000549035755953607
internet	0.000167256663693406	0.00144979090942473	0.000274517877976803
Master_madelantodolares_rank_tend6	0.000166888520408662	0.000383706291004982	0.00123533045089561
vm_msaldototal_rank_delta1	0.000166795337311141	0.00059357334081055	0.000754924164436209
vmr_msaldopesos_lag2	0.00016609744650442	0.00119046213749501	0.000892183103424611
Master_mpagominimo_rank_delta1	0.000165668203737506	0.000280402175427876	0.000617665225447807
Visa_mpagosdolares_rank	0.000164095583826285	0.000298436774100732	0.000754924164436209
mcuenta_debitos_automaticos_rank_lag2	0.000164040311998916	0.00104410719771551	0.000480406286459406
mplazo_fijo_dolares_rank_delta1	0.000162048939926739	0.00183930033738641	0.000343147347471004
mplazo_fijo_dolares_rank_lag2	0.000161560147683503	0.000246271713777156	6.86294694942008e-05
ctrx_quarter_lag1	0.000161367928798393	0.000769704211168538	0.000411776816965205
vm_msaldototal_rank_lag2	0.000160339786915177	0.000443083883784872	0.000960812572918811
mttarjeta_visa_debitos_automaticos_rank_lag1	0.000160078312502412	0.000229250050046066	0.000480406286459406
mpagomiscuentas_rank_lag1	0.000159740348516013	0.000393596021404156	0.000411776816965205
rf_001_019	0.000159583654183552	0.000442212541899482	0.000617665225447807
cmobile_app_trx_tend6	0.000159575152142281	0.000919259154022136	0.000549035755953607
cprestamos_personales_delta2	0.000159475059151025	0.000358851263724236	6.86294694942008e-05
ccajas_transacciones_tend6	0.000158582666259311	0.000472533061156335	0.000274517877976803
Master_mpagado_rank_lag1	0.000157772738412876	0.000792317711449118	0.000549035755953607
vm_mpagospesos_rank_delta2	0.000156718354649986	0.000655081364500219	0.00082355363393041
rf_007_021	0.000156498751274812	0.000474060087810481	0.000549035755953607
vm_mconsumototal_rank	0.000154746004007992	0.000301630242110686	0.000274517877976803
ccaja_ahorro_tend6	0.000154249308964638	0.00189863218471732	0.000343147347471004
mautoservicio_rank_tend6	0.000153398972646879	0.00035509795855292	0.000480406286459406
Master_madelantopesos_rank_lag2	0.000152789284752847	0.000302878439361507	0.00082355363393041
mv_status07_rank	0.000152771219579415	0.00214914515512161	0.000411776816965205
vmr_msaldototal_tend6	0.000152325223796947	0.000464721481153815	0.000549035755953607
Master_fechaalta_delta1	0.00015201356906343	0.000192612302120137	0.000754924164436209
Visa_cadelantosefectivo	0.000151671136274801	0.00014125541139526	0.000549035755953607
Master_mconsumototal_rank	0.000151416892906388	0.000464081044868054	0.000617665225447807
vmr_mpagospesos_lag2	0.000151202082628305	0.000570086320289867	0.000617665225447807
vm_mpagospesos_rank_lag1	0.00015118276342756	0.000345676574417142	0.000411776816965205
Visa_madelantopesos_rank_lag2	0.000150073838095125	0.00033696097720853	0.000686294694942008
rf_019_016	0.000148980394276097	0.000352292237681964	0.000686294694942008
Master_Fvencimiento_delta2	0.000148300938051272	0.000235946312435287	0.000617665225447807
rf_016_018	0.00014820197533698	0.000628139473403965	0.000343147347471004
Master_mpagospesos_rank	0.000147391606459043	0.00046500684562128	0.000617665225447807
Master_mconsumototal_rank_delta2	0.000146568742243267	0.000376247604466045	0.000549035755953607
vm_Finiciomora	0.000146518473210989	0.00202916137750343	0.000411776816965205
rf_016_013	0.000146449676100514	0.000116199975480875	0.000205888408482602
vmr_mconsumospesos	0.000144474983845737	0.000469995277915137	0.000754924164436209
mtransferencias_emitidas_rank_delta1	0.000144465072375958	0.000908062410794877	0.000480406286459406
minversion2_rank_lag1	0.000144352531597431	0.00188740712287878	0.000343147347471004
vm_status02_delta1	0.000144050109044133	6.45185099036904e-05	0.000274517877976803
Master_mconsumototal_rank_lag1	0.000143770409004493	0.000628690597146474	0.00082355363393041
vmr_mpagospesos_delta2	0.000143698962376458	0.000585918602347401	0.000686294694942008
rf_001_020	0.000143401156269899	0.00126100597653617	0.000549035755953607
vm_mlimitecompra_rank_lag1	0.000143347860465755	0.000533753542023825	0.000686294694942008
mpagomiscuentas_rank_lag2	0.000142926926744251	0.000789993406969841	0.00082355363393041
Visa_mpagado_rank_lag1	0.000142826573057016	0.000349680390380508	0.000411776816965205
vm_mpagado_rank_delta2	0.00014263886529414	0.00164866162463668	0.000480406286459406
Master_cconsumos_delta1	0.000141766794355458	0.000533254698794439	0.000480406286459406
rf_015_023	0.000141051717733873	0.00101023160356626	0.000480406286459406
rf_004_016	0.000140252754097038	0.000472071249957078	0.000411776816965205
vm_mconsumospesos_rank_delta2	0.000140231091723257	0.000429179445648764	0.000754924164436209
vm_mconsumospesos_rank_delta1	0.000140221013975091	0.000346974873826373	0.000617665225447807
Master_mconsumosdolares_rank_lag1	0.000139957276244524	0.000500893061171061	0.000892183103424611
rf_013_021	0.000139293043392969	0.000448277081421795	0.000686294694942008
Master_fultimo_cierre	0.000137218058523716	0.000736434199629641	0.000754924164436209
vm_status01_tend6	0.000137154372742499	9.94767463455306e-05	0.000205888408482602
Master_cadelantosefectivo_lag1	0.000136874415573171	0.000213509258886498	0.000617665225447807
ccajas_transacciones_lag2	0.000135463485300287	0.000279565687217902	0.000480406286459406
mforex_sell_rank_tend6	0.000134299177823169	0.00219675527573931	0.000549035755953607
rf_012_023	0.000134209693363277	0.00059340996420704	0.000480406286459406
Master_madelantodolares_rank_delta1	0.000134139323109297	0.000145816886165276	0.000617665225447807
vm_msaldototal_rank_lag1	0.000134038036769594	0.000361487072927541	0.000549035755953607
vm_mconsumospesos_rank_lag1	0.000133499880381358	0.000250833188547172	0.000480406286459406
rf_002_017	0.000133217480219954	0.000418109046994886	0.00109807151190721
Visa_cadelantosefectivo_tend6	0.000132861123637324	0.000220771893501223	0.000617665225447807
Master_msaldopesos_rank_delta1	0.000131177789364831	0.000675411949041077	0.000549035755953607
vmr_mpagado_delta2	0.000130654270942955	0.000835118024859467	0.000343147347471004
cseguro_accidentes_personales	0.00013047881696104	0.000923709532701765	0.000411776816965205
rf_009_021	0.000129822108451673	0.00037524773965256	0.000480406286459406
cprestamos_personales_lag2	0.00012914347342513	0.000331595689549242	6.86294694942008e-05
rf_002_020	0.000129116573118708	0.000307559723640764	0.000343147347471004
rf_009_023	0.000128689709782136	0.000449579737540453	0.000343147347471004
vmr_mconsumosdolares_tend6	0.000128581217458832	0.00182715600985879	0.000480406286459406
Master_Fvencimiento_delta1	0.000128401864761399	0.000326746671957048	0.00082355363393041
vm_msaldototal_rank_delta2	0.000126967201807652	0.00038784298660587	0.000549035755953607
Visa_mpagado_rank_lag2	0.000126249442293953	0.000286558205848155	0.000411776816965205
rf_004_023	0.000125538763891726	0.000361794220942141	0.000205888408482602
cdescubierto_preacordado_lag2	0.000125226466036798	0.000343358805002005	0.000617665225447807
mcuenta_debitos_automaticos_rank_lag1	0.000125005066795607	0.000501672912158485	0.000480406286459406
cdescubierto_preacordado_lag1	0.00012400479878694	0.00027265594606676	0.000343147347471004
mextraccion_autoservicio_rank_tend6	0.000123996893980782	0.0006237479103016	0.000411776816965205
vmr_mpagospesos	0.000123765887623156	0.000644309400442087	0.000686294694942008
Master_cconsumos	0.000122241902431246	0.000204841585481583	0.000686294694942008
vm_status03	0.000120550553986293	0.000163348284899319	0.000411776816965205
vmr_msaldototal_delta2	0.000120406154476876	0.000337819248965639	0.000617665225447807
mplazo_fijo_dolares_rank_lag1	0.000120041342103329	0.000976379971318867	0.000205888408482602
Master_cadelantosefectivo	0.000119975765354963	0.000136001219826359	0.000480406286459406
mautoservicio_rank	0.000117523612364957	0.000660440117095366	0.000549035755953607
Visa_mpagado_rank_delta1	0.000117364282304601	0.000483174323931658	0.000274517877976803
Master_mpagosdolares_rank_lag1	0.000117322560011127	0.000141364329130933	0.000480406286459406
mtarjeta_master_consumo_rank_delta1	0.000116909659898378	0.00134954738222006	0.000411776816965205
rf_010_016	0.000116114315810657	0.000222335952185497	0.000137258938988402
rf_004_015	0.000114873759573804	0.00108234385800112	0.000343147347471004
vm_mpagospesos_rank_lag2	0.000114598804129679	0.000646163180303254	0.000480406286459406
vmr_mconsumospesos_delta2	0.000113860847394027	0.000372927791882709	0.000549035755953607
Master_mpagosdolares_rank_lag2	0.000113816844575388	0.000297811586297965	0.000343147347471004
cextraccion_autoservicio_lag2	0.000113780667153462	0.000103232229871561	0.000274517877976803
vm_fultimo_cierre_delta2	0.000113460768102743	0.000283342954291067	0.000549035755953607
Master_mconsumosdolares_rank	0.000112878923680618	0.000274422591739388	0.000754924164436209
Master_madelantodolares_rank	0.00011198334371219	0.00020331020211801	0.000549035755953607
Visa_fechaalta_delta1	0.000111195609022734	0.000228738136688399	0.000411776816965205
vmr_msaldototal_delta1	0.000110530010578351	0.000359452489625155	0.000411776816965205
rf_003_022	0.00011020238860239	0.000411578339563889	0.000480406286459406
active_quarter_lag1	0.000110113931499418	0.000206176916920943	0.000549035755953607
matm_rank_delta2	0.000109628472821144	0.000575861138635289	0.000549035755953607
Master_madelantopesos_rank_tend6	0.000109317771953847	0.0002426251479868	0.000892183103424611
mpagomiscuentas_rank_delta2	0.000107551930968033	0.000595396623705729	0.000343147347471004
rf_014_022	0.000106825549466758	0.00129356584443848	0.000274517877976803
Visa_Finiciomora_tend6	0.000106429610165537	0.000347828788874055	6.86294694942008e-05
vmr_Visa_mlimitecompra_tend6	0.000105661177796375	0.000681149735356369	0.000343147347471004
rf_001_015	0.000105407271085972	0.000271669151381556	0.000480406286459406
Master_mpagado_rank_tend6	0.000103931830267297	0.0013271800360221	0.000549035755953607
vmr_mpagospesos_lag1	0.000103623023574954	0.000151040580768188	0.000343147347471004
ctransferencias_recibidas_lag2	0.000103146036235332	0.00143155154540881	0.000274517877976803
Master_mpagado_rank_delta2	0.0001025904264117	0.000592512482065088	0.000343147347471004
rf_017_019	0.00010163609367669	0.000519128068477556	0.000343147347471004
vmr_mconsumosdolares	0.000101448880439705	0.000276110816642331	0.000205888408482602
mpayroll_rank_lag1	0.000101213140423194	0.000745023452264871	0.000343147347471004
vm_mconsumosdolares_rank_tend6	0.000100160655711049	0.000989626546331506	0.000343147347471004
Master_mpagospesos_rank_delta2	9.93737972596553e-05	0.000749460760816219	0.000617665225447807
Master_mconsumospesos_rank_lag1	9.91969945059239e-05	0.000835102776376473	0.000480406286459406
Master_mpagado_rank	9.87049578875425e-05	9.03341916130777e-05	0.000274517877976803
Master_mconsumospesos_rank_delta1	9.64700006686576e-05	0.000871021667246955	0.000549035755953607
mextraccion_autoservicio_rank_lag1	9.63283862850716e-05	0.000227021593174181	0.000274517877976803
Master_fechaalta_delta2	9.61927932297084e-05	0.000200861731420065	0.000343147347471004
Master_cconsumos_delta2	9.60045303139696e-05	0.0001934792872961	0.000549035755953607
Visa_status_delta2	9.53107547115795e-05	0.000183700652987312	0.000137258938988402
vmr_mconsumototal_delta1	9.50722335367376e-05	0.000828201748644185	0.000686294694942008
ccuenta_debitos_automaticos_tend6	9.49665599367124e-05	0.000763931571177831	0.000205888408482602
cinversion2_lag2	9.49315408465834e-05	0.000333079149109119	6.86294694942008e-05
Visa_madelantodolares_rank_tend6	9.4690217672889e-05	0.000198790116087551	0.00082355363393041
Visa_madelantopesos_rank_tend6	9.29136499424033e-05	0.000284318857202703	0.000617665225447807
Master_msaldodolares_rank_tend6	9.18935099576574e-05	0.000225183061796009	0.000343147347471004
vm_status03_delta2	9.09750089519565e-05	0.00144489614638355	0.000343147347471004
vm_Finiciomora_tend6	9.0916764738682e-05	0.000691448996441677	0.000205888408482602
Master_mconsumospesos_rank	9.05939510759955e-05	0.000143477333203004	0.000411776816965205
ctarjeta_master_transacciones_tend6	9.0240120476039e-05	0.000939236845099412	0.000343147347471004
Master_msaldodolares_rank	8.99832748434414e-05	6.27257239745008e-05	0.000137258938988402
rf_001_017	8.97260681237302e-05	0.00044263732106861	0.000274517877976803
Master_madelantopesos_rank	8.96043776652175e-05	0.000194899574569285	0.000617665225447807
rf_015_022	8.93008386246201e-05	1.30091343488702e-05	6.86294694942008e-05
ccomisiones_mantenimiento_delta2	8.91426074578537e-05	0.00179084283678517	0.000343147347471004
Master_cadelantosefectivo_delta2	8.87606827350673e-05	8.88594454720554e-05	0.000411776816965205
Master_cadelantosefectivo_lag2	8.74071918821211e-05	0.000127834568005543	0.000617665225447807
Master_mpagosdolares_rank_delta1	8.73001215585057e-05	0.000169088249569325	0.000480406286459406
rf_005_015	8.724797178245e-05	0.000738183418464561	0.000274517877976803
Visa_madelantodolares_rank_delta1	8.67239172279378e-05	0.000140684682460329	0.000480406286459406
Visa_cadelantosefectivo_delta1	8.44942547646213e-05	0.000168236512876356	0.000480406286459406
vm_mconsumosdolares_rank_lag2	8.40052071748436e-05	0.000220628122090133	0.000411776816965205
vm_mconsumototal_rank_delta1	8.34682439491951e-05	0.000123231704495971	0.000343147347471004
Visa_fultimo_cierre_delta1	8.33438418007571e-05	0.000152944462787764	0.000549035755953607
Visa_madelantodolares_rank_delta2	8.25391484395481e-05	8.34832660392002e-05	0.000343147347471004
matm_rank	8.24095107954351e-05	0.000248210449472149	0.000411776816965205
matm_rank_lag1	8.15181708515751e-05	7.7322878909494e-05	0.000274517877976803
Visa_mpagosdolares_rank_delta1	8.08634311585508e-05	0.000150881560874104	0.000480406286459406
rf_009_019	7.92758910832178e-05	0.00108716673533676	0.000343147347471004
Master_mconsumospesos_rank_delta2	7.92426841451742e-05	0.000207747510669358	0.000137258938988402
vm_mconsumospesos_rank	7.90246181986874e-05	0.000326960150718969	0.000274517877976803
rf_009_008	7.86568202736719e-05	0.000912730624945853	0.000343147347471004
vm_status04_tend6	7.8546528636936e-05	0.000353695098117442	0.000137258938988402
ccajas_otras_delta2	7.8475910339768e-05	0.000347419258187922	6.86294694942008e-05
cinversion2_lag1	7.84141250358139e-05	0.000380170821305012	6.86294694942008e-05
rf_007_025	7.84077042828333e-05	0.000686593443785342	0.000480406286459406
ccajas_extracciones	7.83918618606267e-05	0.00152068328522005	0.000274517877976803
vm_msaldopesos_rank_lag1	7.73378211750734e-05	0.00020525982958657	0.000343147347471004
cmobile_app_trx_delta2	7.71846243056479e-05	0.000221821860473117	0.000274517877976803
Visa_cadelantosefectivo_delta2	7.64280434396546e-05	0.000180267565958876	0.000617665225447807
mcuenta_debitos_automaticos_rank_delta1	7.63390810849818e-05	0.000427541322904231	0.000205888408482602
vmr_mconsumosdolares_lag1	7.62347313670228e-05	0.000511965638179652	0.000205888408482602
vm_Fvencimiento_delta1	7.60890376203456e-05	0.000137288627462023	0.000411776816965205
rf_017_014	7.58420045820679e-05	0.000290204771638512	6.86294694942008e-05
Master_msaldototal_rank_delta2	7.52494384582319e-05	0.000177934548060745	0.000411776816965205
rf_012_015	7.46691765189569e-05	0.000135284541125626	0.000137258938988402
vm_Finiciomora_lag1	7.44779728384392e-05	0.0001922506952377	6.86294694942008e-05
rf_002_016	7.3994037410055e-05	0.000549581467371931	0.000274517877976803
rf_003_025	7.34559742209293e-05	0.000255919646803135	0.000137258938988402
Master_madelantodolares_rank_delta2	7.25855192585276e-05	0.000118598344020411	0.000205888408482602
cmobile_app_trx_delta1	7.25354323449186e-05	0.00142733860739295	0.000274517877976803
vm_msaldopesos_rank_delta1	7.23371307913548e-05	0.000556628444870021	0.000343147347471004
rf_014_016	7.21664518373169e-05	0.000332750217547384	0.000411776816965205
rf_007_024	7.18274700310439e-05	0.000429782849904396	0.000137258938988402
cmobile_app_trx_lag1	7.05502741807587e-05	0.000584493958364788	0.000205888408482602
ctarjeta_master_transacciones_lag2	7.03069455693563e-05	0.000390764160276639	0.000274517877976803
Visa_madelantopesos_rank_delta2	6.95029901929377e-05	0.000133694342184789	0.000343147347471004
matm_rank_tend6	6.83552306695549e-05	0.000344966430780549	0.000205888408482602
ccomisiones_otras	6.71945974247022e-05	0.000428103338420307	0.000137258938988402
ccajas_transacciones_lag1	6.67901285028811e-05	0.000530836725062482	0.000274517877976803
rf_018_023	6.63516923094598e-05	0.00159572107003511	0.000343147347471004
tcuentas_lag1	6.55665573283448e-05	0.0014114387963393	0.000274517877976803
cextraccion_autoservicio_delta2	6.52393970683839e-05	0.000579553449874628	0.000274517877976803
Visa_delinquency_delta1	6.50827664536824e-05	4.80414348509686e-05	0.000137258938988402
rf_002_022	6.46770536090444e-05	0.000534126040679829	0.000137258938988402
Visa_msaldodolares_rank_lag2	6.45295103830871e-05	0.000395016308677342	0.000343147347471004
mv_status07_rank_lag1	6.44596914109402e-05	0.00070135615367856	0.000205888408482602
ccallcenter_transacciones_lag2	6.43688422497928e-05	0.000114130538503074	0.000205888408482602
ccajas_extracciones_delta2	6.43581852168518e-05	0.0011710290350961	0.000274517877976803
vm_mconsumosdolares_rank_lag1	6.40128425713119e-05	0.000228208796493025	0.000205888408482602
rf_008_010	6.34323015102121e-05	0.000343602780729914	0.000137258938988402
ctarjeta_visa_transacciones_lag1	6.2653077540006e-05	0.000147722946539566	0.000274517877976803
Visa_msaldodolares_rank_delta2	6.25451363277671e-05	0.000123316660329797	0.000343147347471004
mpayroll_sobre_edad_rank_delta1	6.15442590774687e-05	0.000459580564030015	0.000205888408482602
ctransferencias_recibidas	6.1093535461061e-05	0.000471812025746175	0.000137258938988402
cinversion1	6.0994663568351e-05	0.000380170821305012	6.86294694942008e-05
Visa_status_tend6	6.03907158598186e-05	0.000299133847609044	0.000274517877976803
mttarjeta_master_debitos_automaticos_rank_lag2	5.91262981543649e-05	0.0003778247332786	0.000274517877976803
vm_mpagado_rank	5.90282878779181e-05	0.000724976053836765	0.000205888408482602
rf_016_016	5.85487727501861e-05	5.1435311494562e-05	6.86294694942008e-05
catm_trx_tend6	5.81805530516467e-05	0.000833068193074087	0.000274517877976803
vm_status01_delta2	5.71921531888474e-05	0.000143122261384707	0.000205888408482602
mtarjeta_master_consumo_rank_lag1	5.6800801922902e-05	0.000260951646191261	0.000205888408482602
ctarjeta_master_transacciones_delta1	5.67020599621147e-05	0.00151846136341231	0.000274517877976803
vm_cconsumos	5.62018441708073e-05	0.000398793575750507	0.000137258938988402
Master_madelantopesos_rank_delta2	5.58036728459999e-05	9.1124934374069e-05	0.000274517877976803
mprestamos_prendarios_rank_lag1	5.54515523427256e-05	0.00114051246391504	0.000205888408482602
active_quarter	5.46934122936601e-05	0.000245589888751839	0.000411776816965205
Visa_cadelantosefectivo_lag2	5.44106281837221e-05	0.000147326485981713	0.000343147347471004
Visa_madelantodolares_rank	5.42147131336475e-05	0.000137754795370706	0.000411776816965205
rf_011_010	5.40556046589311e-05	0.000383333792348977	0.000137258938988402
Master_mpagosdolares_rank_delta2	5.40411260464069e-05	0.000131925518157448	0.000411776816965205
mttarjeta_master_debitos_automaticos_rank_lag1	5.39536457834506e-05	0.00101748552476213	0.000205888408482602
ccajas_extracciones_lag1	5.37581920333083e-05	0.00109009662242638	0.000205888408482602
vmr_msaldodolares2_delta2	5.34087743042281e-05	0.000555646006894244	0.000205888408482602
ctarjeta_visa_transacciones_delta1	5.32125426268196e-05	0.00114051246391504	0.000205888408482602
ctarjeta_debito_transacciones_lag1	5.26370362196899e-05	0.000234658904799623	0.000137258938988402
rf_020_027	5.22638707867396e-05	0.000470189151484636	0.000205888408482602
ccomisiones_mantenimiento_delta1	5.2000793474101e-05	0.000760341642610025	0.000137258938988402
rf_005_016	5.19993241615993e-05	0.000501609739871794	0.000205888408482602
mforex_sell_rank_delta2	5.16309523012475e-05	0.00106377774077818	0.000274517877976803
minversion1_pesos_rank_tend6	5.14010638574372e-05	0.00114051246391504	0.000205888408482602
rf_014_024	4.91149752767525e-05	0.000443236368614815	0.000205888408482602
vmr_mconsumosdolares_delta2	4.90161357184276e-05	0.000138103332124862	0.000137258938988402
Master_mpagospesos_rank_delta1	4.88481875934179e-05	0.000297861688456375	0.000480406286459406
rf_002_021	4.78033956119054e-05	0.000332708828807828	0.000205888408482602
catm_trx_lag2	4.76094035661742e-05	0.000569670254539594	0.000205888408482602
rf_003_023	4.68871237767572e-05	0.000135201763646514	0.000137258938988402
rf_016_014	4.68235524735293e-05	0.000105484648645294	0.000137258938988402
Master_madelantodolares_rank_lag1	4.65929560017854e-05	3.27951302113599e-05	0.000137258938988402
vm_mconsumototal_rank_lag2	4.63424747338835e-05	0.000113209094459274	0.000480406286459406
rf_012_022	4.53959142392535e-05	0.000125416594273586	0.000137258938988402
mforex_sell_rank	4.47650313935089e-05	0.000711339553330414	0.000137258938988402
Visa_status_lag2	4.46393628546113e-05	6.61871296142119e-05	0.000137258938988402
vm_mconsumosdolares_rank_delta2	4.38890883824865e-05	6.47341670203244e-05	0.000205888408482602
mprestamos_prendarios_rank_tend6	4.37422301224381e-05	0.000377550260584702	6.86294694942008e-05
vm_mpagado_rank_lag2	4.33847963188746e-05	3.67924111105858e-05	0.000137258938988402
mpayroll_sobre_edad_rank_lag2	4.16361133029823e-05	0.000602792137957975	0.000274517877976803
vmr_msaldodolares_delta2	4.15910130172714e-05	0.000523783212500252	0.000137258938988402
matm_rank_delta1	4.10593396732582e-05	8.5855494322174e-05	6.86294694942008e-05
ctarjeta_debito_lag2	4.05317300006493e-05	0.000409781196925272	0.000137258938988402
rf_020_021	4.05054364394542e-05	0.000108632371206264	6.86294694942008e-05
rf_014_019	4.00081659302295e-05	0.000298149231278554	0.000205888408482602
active_quarter_delta2	3.99492317582366e-05	0.000726248212989434	0.000205888408482602
rf_001_021	3.98473518761345e-05	7.70941516645792e-05	0.000274517877976803
Master_msaldodolares_rank_lag2	3.93655618698679e-05	3.40781811375965e-05	0.000137258938988402
rf_011_025	3.88205415573726e-05	9.41136370409562e-05	0.000137258938988402
rf_019_015	3.81944403371467e-05	0.000255379414834194	0.000343147347471004
vm_status01_lag2	3.80437093806563e-05	5.20016837200654e-05	0.000137258938988402
cpayroll_trx_tend6	3.79455627529603e-05	0.000189965601143265	0.000137258938988402
rf_004_020	3.7676532466038e-05	0.000359077812614438	0.000205888408482602
ccajas_depositos_tend6	3.73301132756748e-05	0.00103720616998322	0.000205888408482602
vmr_msaldodolares_lag2	3.63321362532974e-05	0.000319403438217925	0.000137258938988402
mtarjeta_master_consumo_rank_delta2	3.6315562027874e-05	8.20063415434644e-05	0.000205888408482602
rf_010_010	3.58783450309751e-05	5.8935386773055e-05	0.000137258938988402
rf_015_027	3.58643604093976e-05	0.000199474119467582	6.86294694942008e-05
catm_trx_delta2	3.56319883995044e-05	0.000266068601413213	0.000205888408482602
cforex_sell_delta2	3.50650715266888e-05	0.000739695196635712	0.000137258938988402
minversion1_pesos_rank_lag1	3.50284766107894e-05	0.000760341642610025	0.000137258938988402
ccajas_extracciones_tend6	3.48973568749601e-05	0.000733595803437984	0.000137258938988402
ctarjeta_visa_descuentos_delta2	3.48486270545161e-05	0.00071564398224424	0.000137258938988402
catm_trx_other_delta2	3.46990776701625e-05	0.00022750954463	0.000137258938988402
mtarjeta_visa_descuentos_rank_delta1	3.45313601653998e-05	0.000524711191608192	0.000137258938988402
vmr_Master_mlimitecompra_delta2	3.4482782982274e-05	0.000481070033278442	0.000205888408482602
vm_status06_lag2	3.4473719368813e-05	0.000119543749966059	0.000137258938988402
mttarjeta_master_debitos_automaticos_rank	3.43225646773378e-05	0.000680075806482626	0.000137258938988402
ctransferencias_recibidas_delta1	3.36377138407548e-05	0.000707416336491446	0.000137258938988402
Master_msaldodolares_rank_delta2	3.31836953267251e-05	6.6348327863009e-05	6.86294694942008e-05
mtarjeta_master_consumo_rank	3.30934681269861e-05	4.5995959775016e-05	0.000137258938988402
vmr_mconsumosdolares_lag2	3.30292125711078e-05	0.000105580496252686	0.000137258938988402
rf_003_016	3.29306312123585e-05	0.000176359597602903	6.86294694942008e-05
Master_delinquency_tend6	3.29269660147006e-05	6.55249097813157e-05	0.000205888408482602
matm_other_rank_delta2	3.21528670445408e-05	0.000269022450404685	0.000274517877976803
Visa_madelantopesos_rank_lag1	3.19545324433333e-05	0.000120571933390819	0.000205888408482602
rf_020_009	3.19112535820683e-05	0.000197947092813436	0.000137258938988402
Visa_mpagado_rank	3.16823518125108e-05	0.000199031913460746	0.000137258938988402
ctransferencias_recibidas_lag1	3.16709691579266e-05	0.000172168443134178	6.86294694942008e-05
mpagomiscuentas_rank_delta1	3.12952112680963e-05	0.000790596811225473	0.000205888408482602
vm_mconsumosdolares_rank	3.11439215330125e-05	4.66233259324966e-05	0.000137258938988402
Master_mpagado_rank_lag2	3.05922170373988e-05	8.35616868088852e-05	0.000137258938988402
rf_003_024	3.01319855663635e-05	0.000665300026461128	0.000137258938988402
rf_008_015	2.99307910363401e-05	0.000511529967236957	0.000205888408482602
ctarjeta_debito_delta2	2.95709117071468e-05	0.000380170821305012	6.86294694942008e-05
matm_other_rank_lag2	2.9316708756715e-05	0.000236652099362452	0.000205888408482602
ctransferencias_emitidas_lag2	2.88192608838776e-05	0.000560429673845035	0.000137258938988402
vmr_msaldodolares2_lag2	2.87274055527452e-05	0.00037561152488971	0.000137258938988402
matm_other_rank_delta1	2.83523561663542e-05	0.000102042848198004	6.86294694942008e-05
cmobile_app_trx	2.7957494360968e-05	0.000380170821305012	6.86294694942008e-05
rf_018_017	2.79260149350017e-05	0.000390132437409732	0.000137258938988402
vmr_msaldodolares_lag1	2.78489288097923e-05	5.0875474333199e-05	6.86294694942008e-05
mcheques_emitidos_rank_lag2	2.77160478009836e-05	6.3649346373014e-05	6.86294694942008e-05
Master_status_tend6	2.76190170662045e-05	0.000316721883565638	0.000137258938988402
rf_014_028	2.6465750355098e-05	0.000401721284485416	0.000137258938988402
Master_cadelantosefectivo_delta1	2.58839582385963e-05	8.92515493204809e-05	0.000274517877976803
Visa_delinquency_delta2	2.53953062695311e-05	6.05386558421723e-05	6.86294694942008e-05
vm_status05_tend6	2.47966560507246e-05	0.000222584284622834	6.86294694942008e-05
ctarjeta_visa_debitos_automaticos	2.47546280071086e-05	0.000760341642610025	0.000137258938988402
ccajas_consultas_delta2	2.45728906933493e-05	0.000319285807063398	6.86294694942008e-05
active_quarter_tend6	2.36152260901523e-05	0.000148879652892421	6.86294694942008e-05
vmr_Master_mlimitecompra_delta1	2.35626770082153e-05	7.9300824989329e-05	0.000137258938988402
rf_006_015	2.34893178964001e-05	0.000101772732213533	0.000137258938988402
vm_status02_lag1	2.34173310939312e-05	5.89201382900607e-05	0.000137258938988402
cprestamos_prendarios_lag2	2.33375764309356e-05	0.000326694391443925	6.86294694942008e-05
rf_012_020	2.3172718617236e-05	0.000354466235686012	0.000137258938988402
cseguro_vivienda_delta2	2.30375875156254e-05	0.000701321300003144	0.000137258938988402
mv_status07_rank_delta1	2.2531891046035e-05	0.000519829498695295	0.000137258938988402
Visa_madelantodolares_rank_lag2	2.1751143674558e-05	4.35104570469415e-05	0.000205888408482602
mtarjeta_master_descuentos_rank_lag1	2.17212765694217e-05	0.000743363545973204	0.000137258938988402
vm_msaldodolares_rank_lag1	2.14663893663395e-05	4.6762740634159e-05	6.86294694942008e-05
cproductos_lag1	2.14473558256219e-05	0.000279742133949693	6.86294694942008e-05
rf_009_024	2.12813358760796e-05	0.000107832915026419	0.000137258938988402
cpayroll_trx_delta2	2.12026957983604e-05	0.000760341642610025	0.000137258938988402
vmr_mpagado_lag1	2.07929763429977e-05	5.19799001729307e-05	6.86294694942008e-05
Master_madelantopesos_rank_lag1	2.0784161418999e-05	3.12267148176582e-05	0.000137258938988402
ctarjeta_master	2.06404417340857e-05	5.52931776921255e-05	6.86294694942008e-05
Master_mconsumosdolares_rank_delta1	2.04990897404688e-05	5.64150303695649e-05	0.000274517877976803
Visa_msaldodolares_rank	2.01997069462847e-05	2.94469990167495e-05	6.86294694942008e-05
vm_status03_tend6	1.98526676965357e-05	1.29372486433256e-05	6.86294694942008e-05
Visa_madelantopesos_rank_delta1	1.95419549397388e-05	4.67736324077264e-05	0.000205888408482602
vm_status02_lag2	1.93806465380679e-05	4.79390521794353e-05	6.86294694942008e-05
rf_018_015	1.92319102683997e-05	5.40776557620067e-05	6.86294694942008e-05
rf_008_017	1.9216741637719e-05	4.32229142247628e-05	6.86294694942008e-05
Visa_Fvencimiento_delta1	1.81696505863211e-05	4.45974560489653e-05	0.000137258938988402
rf_013_015	1.80036277837448e-05	6.1978548307779e-05	6.86294694942008e-05
Master_delinquency_delta1	1.78832345046834e-05	6.13010799918884e-05	0.000137258938988402
cseguro_vivienda_tend6	1.77312695515568e-05	0.000380170821305012	6.86294694942008e-05
cprestamos_personales_lag1	1.73340111976242e-05	0.000297887828712937	6.86294694942008e-05
mpayroll_sobre_edad_rank_lag1	1.719316261591e-05	0.000351364258574024	6.86294694942008e-05
vm_mpagosdolares_rank_tend6	1.70789461554236e-05	0.000380170821305012	6.86294694942008e-05
Master_delinquency	1.69358555645037e-05	0.000191311824356192	0.000137258938988402
vm_status05_delta1	1.68779442051941e-05	0.000343960030902924	6.86294694942008e-05
ctransferencias_emitidas	1.67142789596998e-05	0.000380170821305012	6.86294694942008e-05
mcheques_emitidos_rank_lag1	1.59409041846662e-05	0.000346284335382202	6.86294694942008e-05
vm_Fvencimiento_delta2	1.57919282601433e-05	5.6282150732043e-05	0.000205888408482602
Visa_status_lag1	1.53287524580368e-05	1.34469836462786e-05	6.86294694942008e-05
ctransferencias_emitidas_lag1	1.53089581082569e-05	0.000319176889327724	6.86294694942008e-05
vm_status04_lag1	1.52514048047122e-05	3.06668776562953e-05	6.86294694942008e-05
ccheques_emitidos_tend6	1.51584776838133e-05	0.000380170821305012	6.86294694942008e-05
vm_mpagosdolares_rank_delta2	1.50720811577033e-05	0.000339204682563409	6.86294694942008e-05
cseguro_vida_lag1	1.48688728611929e-05	0.000380170821305012	6.86294694942008e-05
cproductos_lag2	1.48283816518829e-05	0.000339635996796677	6.86294694942008e-05
vmr_mpagosdolares_lag2	1.47746913563524e-05	0.000254111612390951	6.86294694942008e-05
rf_012_019	1.4669763423506e-05	6.29108841251461e-05	6.86294694942008e-05
vm_status01_lag1	1.45800859083146e-05	0.000203793796864402	6.86294694942008e-05
ccheques_emitidos_lag2	1.44088059151175e-05	0.000102670214355484	6.86294694942008e-05
mpayroll_rank_lag2	1.43083125480933e-05	3.78249512447728e-05	0.000137258938988402
matm_other_rank_tend6	1.42888529543009e-05	0.000244213168572923	6.86294694942008e-05
rf_019_022	1.39659551271118e-05	0.000202955130299714	6.86294694942008e-05
Visa_delinquency	1.38553368179847e-05	2.72882494956962e-05	0.000137258938988402
mcheques_depositados_rank_delta2	1.38505984040432e-05	5.31736385559147e-05	6.86294694942008e-05
vmr_msaldodolares2	1.37053456888692e-05	0.000286810894994918	6.86294694942008e-05
ccajas_extracciones_lag2	1.34981906953479e-05	0.000185007665815397	6.86294694942008e-05
mv_status07_rank_lag2	1.33776328913268e-05	1.2429691995086e-05	6.86294694942008e-05
Visa_msaldodolares_rank_lag1	1.31267361317765e-05	6.44836562282748e-05	6.86294694942008e-05
vm_cconsumos_delta1	1.31187428815651e-05	0.000324740407265938	6.86294694942008e-05
vm_msaldodolares_rank_delta2	1.29332595341851e-05	0.000326827271081447	6.86294694942008e-05
Visa_Fvencimiento_delta2	1.27744558585992e-05	1.78036930732278e-05	6.86294694942008e-05
internet_delta1	1.23381242532466e-05	0.000380170821305012	6.86294694942008e-05
catm_trx_delta1	1.22514766601461e-05	0.000358206470729048	6.86294694942008e-05
ccheques_emitidos_lag1	1.22113639533446e-05	0.000380170821305012	6.86294694942008e-05
cseguro_vida_delta2	1.21544126399705e-05	0.00036989987883098	6.86294694942008e-05
cpagomiscuentas_delta2	1.18709618116533e-05	0.000369523023465549	6.86294694942008e-05
cplazo_fijo	1.17740708755395e-05	0.000380170821305012	6.86294694942008e-05
vm_msaldodolares_rank_lag2	1.16982353302263e-05	0.000317928692076903	6.86294694942008e-05
vmr_mpagosdolares_tend6	1.16753787239705e-05	0.000374609481721512	6.86294694942008e-05
vmr_msaldodolares_tend6	1.14112876332563e-05	0.000195884190899776	6.86294694942008e-05
ccheques_depositados_delta2	1.13636980753945e-05	4.13408157523208e-05	6.86294694942008e-05
rf_017_013	1.12692112959177e-05	0.000282563103303643	6.86294694942008e-05
ctarjeta_master_debitos_automaticos_delta2	1.12038292671213e-05	0.000380170821305012	6.86294694942008e-05
Visa_msaldodolares_rank_delta1	1.09995605929803e-05	1.99101620811577e-05	6.86294694942008e-05
vm_msaldodolares_rank	1.09065041345408e-05	0.000354967257270111	6.86294694942008e-05
ccallcenter_transacciones_delta1	1.07981630220384e-05	0.000340119591543069	6.86294694942008e-05
cplazo_fijo_delta1	1.07623526904846e-05	0.000380170821305012	6.86294694942008e-05
rf_013_022	1.07372450404155e-05	0.000301647668948394	6.86294694942008e-05
ctarjeta_master_transacciones_delta2	1.06837240249013e-05	0.000193272343598319	6.86294694942008e-05
mv_status07_rank_tend6	1.06087025452849e-05	0.000353185363114489	6.86294694942008e-05
vmr_msaldodolares	1.01857193349313e-05	0.000315567355567496	6.86294694942008e-05
Visa_cadelantosefectivo_lag1	9.72220307076939e-06	2.94252154696148e-05	0.000137258938988402
rf_016_010	9.69941018227249e-06	0.000325799087656687	6.86294694942008e-05
mtarjeta_master_descuentos_rank_lag2	9.66271350816101e-06	0.000363377884818837	6.86294694942008e-05
vm_mconsumosdolares_rank_delta1	9.52415876576979e-06	0.000256076488342505	6.86294694942008e-05
ctarjeta_master_descuentos_delta2	9.49828269854769e-06	0.000380170821305012	6.86294694942008e-05
vm_fechaalta_delta2	9.49312156007092e-06	1.46058683538471e-05	6.86294694942008e-05
mtarjeta_visa_descuentos_rank	9.39173043835321e-06	0.000380170821305012	6.86294694942008e-05
Master_delinquency_lag2	9.3260669102038e-06	1.79539995484576e-05	6.86294694942008e-05
vmr_mpagado	8.69031964151672e-06	0.000211113068701676	6.86294694942008e-05
vmr_mpagado_lag2	8.18932687395438e-06	0.000211143565667665	6.86294694942008e-05
rf_019_028	8.04096577825504e-06	3.66813150201986e-05	0.000137258938988402
vm_status03_lag2	7.91314082117139e-06	2.24414102582152e-05	6.86294694942008e-05
vmr_msaldodolares2_delta1	7.82755313019583e-06	0.000211302585561749	6.86294694942008e-05
rf_013_019	7.82166589457017e-06	0.000295567880943086	6.86294694942008e-05
ccajeros_propios_descuentos_tend6	7.59721676005013e-06	0.000380170821305012	6.86294694942008e-05
mextraccion_autoservicio_rank_delta1	6.42042155318459e-06	4.45277486981341e-05	6.86294694942008e-05
mtarjeta_master_consumo_rank_tend6	6.41294184909029e-06	6.36057792787445e-05	6.86294694942008e-05
ctarjeta_debito_lag1	6.24613588868542e-06	0.000361293199358041	6.86294694942008e-05
vm_status03_lag1	3.89250814775971e-06	1.18480712865883e-05	6.86294694942008e-05
vm_status06_lag1	2.31192042588011e-06	1.32509317220659e-05	6.86294694942008e-05
Master_status_lag2	2.23949021437953e-06	1.15518150455557e-05	6.86294694942008e-05
matm_other_rank_lag1	1.25137874576543e-06	7.93879591778679e-05	6.86294694942008e-05
ctarjeta_debito_transacciones	6.60339411178247e-07	1.67602611654735e-05	6.86294694942008e-05
