Feature	Gain	Cover	Frequency
rf_018_027	0.106010039554059	0.00298091707621865	0.00317816414283044
rf_009_015	0.0918946864726235	0.0032192041506633	0.00289773789493363
mcaja_ahorro_rank	0.062382199233241	0.00701801455130445	0.00429986913441765
ctarjeta_visa_transacciones	0.053033867854967	0.00293887074560895	0.00196298373527762
rf_004_022	0.0525443888977396	0.00448831413210166	0.00523462329407366
rf_008_022	0.033918072336047	0.00119801395484122	0.00186950831931202
ctrx_quarter	0.0278794122965288	0.00249657717958039	0.00177603290334642
ctrx_quarter_normalizado	0.0234253280071028	0.00256174055306431	0.00205645915124322
mpayroll_sobre_edad_rank	0.0225758905555676	0.00112796930858725	0.000654327911759207
rf_013_026	0.018397047054481	0.00330842237036918	0.00186950831931202
mprestamos_personales_rank	0.0174420949727145	0.0141134752888164	0.00729108244531688
ccomisiones_mantenimiento_tend6	0.0164620932556147	0.00296787412248653	0.00149560665544962
vm_status01	0.0163301092850001	0.000733210570433556	0.000467377079828005
cdescubierto_preacordado	0.0126303606729361	0.0138990634947295	0.00757150869321368
rf_014_025	0.0124405920574153	0.00310341335558539	0.00299121331089923
mpayroll_rank	0.0120813661811823	0.00149286300751815	0.00102822957562161
mcuentas_saldo_rank_lag2	0.0120344952123339	0.00543191498267229	0.00439334455038325
Visa_status	0.00953953809711147	0.000796720415146025	0.000654327911759207
mcuentas_saldo_rank	0.00803829247663156	0.00485667415017241	0.00383249205458964
mtarjeta_visa_consumo_rank	0.00788365471717373	0.00102139284383128	0.000934754159656011
rf_003_018	0.00763255670952466	0.00204728308287823	0.00243036081510563
mcuentas_saldo_rank_tend6	0.00743024136409586	0.00484009444687311	0.00486072163021126
rf_016_022	0.00737318891997825	0.000281005983909967	0.000186950831931202
rf_006_019	0.00697992241053898	0.00275750033956666	0.00401944288652085
mprestamos_personales_rank_lag2	0.00662417295976717	0.00672468768416962	0.00355206580669284
rf_010_017	0.00658501839219776	0.00103415153782065	0.000841278743690409
foto_mes	0.00644338514832615	0.0109643678140922	0.00944101701252571
ctarjeta_visa_transacciones_tend6	0.00634843769751066	0.00350489978582031	0.00233688539914003
cproductos_delta2	0.00595664536026977	0.00297951925431401	0.00149560665544962
vm_status03	0.0058826329494145	0.00147930800554406	0.00112170499158721
rf_017_021	0.00585290113551771	0.000475822256489396	0.000373901663862404
cproductos_delta1	0.00567334590592464	0.000558659860183876	0.000280426247896803
mactivos_margen_rank	0.00563372945083274	0.00384098046037995	0.00308468872686484
mcuenta_corriente_rank_tend6	0.00555074497811524	0.00478487445381029	0.00355206580669284
rf_003_019	0.00553306919658209	0.000232326502963841	0.000186950831931202
mcuenta_corriente_rank	0.00548723419642577	0.00693672387897789	0.00570200037390166
vm_status05_delta2	0.00489107049902396	0.000186219953394625	9.3475415965601e-05
mpayroll_sobre_edad_rank_lag1	0.00475540648428155	0.000906357748203403	0.000467377079828005
mcomisiones_mantenimiento_rank_tend6	0.00471626319972676	0.0027522757977769	0.00224340998317443
ctrx_quarter_delta2	0.00401586820926218	0.00167467503137507	0.00224340998317443
vm_status05_tend6	0.00401165485396354	0.001489759627157	0.000747803327724808
mpasivos_margen_rank	0.00386761521275111	0.00340272236748508	0.00327163955879604
mcuentas_saldo_rank_delta2	0.00378875823008433	0.00561779610860569	0.00560852495793606
ctarjeta_visa_transacciones_delta2	0.00375240357382423	0.00135432635695332	0.000747803327724808
Visa_mpagominimo_rank	0.00369366446027523	0.00657781613186197	0.00607590203776407
mpasivos_margen_rank_lag1	0.00361495820037568	0.00185866912946262	0.00196298373527762
ctrx_quarter_normalizado_delta2	0.00338918144223128	0.00277488904101777	0.00289773789493363
tcallcenter	0.00330750996128229	0.00330815016628516	0.00186950831931202
cpayroll_trx	0.00302589630255878	0.00242085939413013	0.00121518040755281
ctrx_quarter_delta1	0.00299568075393356	0.00210699856763165	0.00130865582351841
rf_001_022	0.00297676305379509	0.00125082789222432	0.00196298373527762
rf_017_020	0.00288501641257767	0.000564355207172568	0.000654327911759207
mttarjeta_visa_debitos_automaticos_rank_tend6	0.00279150677001609	0.00292704414439213	0.00168255748738082
cliente_vip_delta1	0.00266060014916077	0.00108395409855399	0.000560852495793606
thomebanking	0.00245900673833477	0.0034976797152561	0.00523462329407366
internet_lag1	0.00227170624949797	0.00118269628865873	0.000934754159656011
ctrx_quarter_tend6	0.00222676814737947	0.0017320523528427	0.00158908207141522
Master_Fvencimiento_tend6	0.00220978533642169	0.00100973375282	0.00140213123948402
mcomisiones_otras_rank_lag2	0.0021996582252544	0.00458579745763137	0.00691718078145448
mcuenta_corriente_rank_lag1	0.00216214847500802	0.00432111991171238	0.00373901663862404
mrentabilidad_annual_rank_lag1	0.00210320438342377	0.00319563851038255	0.00429986913441765
Visa_delinquency	0.00205892035753691	0.00377540021490722	0.00271078706300243
Master_fultimo_cierre_tend6	0.00205745530109306	0.00151665199473964	0.00177603290334642
mcomisiones_rank_lag2	0.00200551627980962	0.0034440288613536	0.00598242662179847
mcuenta_corriente_rank_delta2	0.00187449539908255	0.0024474218173685	0.00168255748738082
mcuenta_debitos_automaticos_rank	0.0018661386069993	0.00235408563844286	0.00140213123948402
mrentabilidad_annual_rank_lag2	0.00184556092774168	0.00487822839896985	0.00644980370162647
Visa_mpagospesos_rank_tend6	0.00173734337224286	0.00333604696059274	0.00532809871003926
rf_010_015	0.00169288315028813	0.00194668114878687	0.00130865582351841
rf_012_028	0.00167466811453983	0.000293154280862451	0.000280426247896803
mrentabilidad_annual_rank_delta2	0.00166629609317268	0.00442040968252693	0.00626285286969527
cproductos	0.00164298371799175	0.00744980700406844	0.00392596747055524
internet	0.00163307013513435	0.00122528004784457	0.00112170499158721
mcuentas_saldo_rank_delta1	0.00153047237468789	0.00340145461979308	0.00327163955879604
mcaja_ahorro_rank_lag1	0.00150901271378516	0.00135584219741187	0.00140213123948402
mcuentas_saldo_rank_lag1	0.00150297069516483	0.0046845453583113	0.00308468872686484
ctrx_quarter_normalizado_delta1	0.00146006780035512	0.00189095101100715	0.00121518040755281
mrentabilidad_annual_rank_delta1	0.0014350667862376	0.0031697626251836	0.00467377079828005
Master_fechaalta_tend6	0.00141627184333562	0.000917131700060353	0.00149560665544962
mrentabilidad_annual_rank	0.00134539370804569	0.00420696995523882	0.00401944288652085
mactivos_margen_rank_delta2	0.00129850159401623	0.00480822182321714	0.00710413161338568
mrentabilidad_rank_delta2	0.00129640491228567	0.00376534325749069	0.00551504954197046
rf_017_018	0.00125484118603846	0.000269573412381196	0.000280426247896803
mcuenta_corriente_rank_lag2	0.00124943879694943	0.00532491530084397	0.00448681996634885
Visa_cconsumos_tend6	0.00123367294657728	0.00318873759752059	0.00495419704617686
vm_mpagominimo_rank	0.00123318258372518	0.00154608493377311	0.00149560665544962
cdescubierto_preacordado_lag2	0.00122616331972961	0.00650745550044753	0.00373901663862404
ctrx_quarter_normalizado_tend6	0.00120885344613284	0.00243902663733203	0.00224340998317443
Visa_fechaalta	0.00119647785571213	0.00427389916547291	0.00495419704617686
cliente_edad_lag1	0.00114652725914676	0.00288085828127862	0.00280426247896803
mprestamos_personales_rank_tend6	0.00112472518488238	0.00259534475001931	0.00140213123948402
rf_014_023	0.0011123028690835	0.00126923688310923	0.00102822957562161
ccomisiones_mantenimiento_delta2	0.00107719795893183	0.000372439906789251	0.000186950831931202
mpasivos_margen_rank_lag2	0.00106720341801187	0.00346973533282195	0.00486072163021126
Master_delinquency	0.00104115863067732	0.00428605951808413	0.00308468872686484
mactivos_margen_rank_delta1	0.00102680016746271	0.00347945092474383	0.00458029538231445
mpagomiscuentas_rank	0.0010172822010927	0.0024514141439341	0.00130865582351841
mrentabilidad_rank_lag1	0.00101381427438302	0.00288080498257685	0.00317816414283044
rf_009_025	0.0010089883297865	0.00225998170440845	0.00214993456720882
mrentabilidad_rank_lag2	0.00100778307058085	0.00356370475108523	0.00532809871003926
chomebanking_transacciones	0.00100717995517393	0.00341985155501926	0.00308468872686484
mcomisiones_rank_lag1	0.000978736766672058	0.00304104879845253	0.00420639371845205
mcomisiones_mantenimiento_rank	0.000954502280049272	0.00233555862900404	0.00214993456720882
vm_mpagospesos_rank_tend6	0.000954423088636223	0.000964483155020813	0.00112170499158721
cproductos_tend6	0.0009476020111298	0.000626274973949022	0.000373901663862404
mcomisiones_rank_tend6	0.00094588926395056	0.00239678805069096	0.00261731164703683
vm_mconsumospesos_rank	0.000939819435020075	9.5551247590694e-05	0.000186950831931202
Master_fechaalta	0.000930352804924599	0.00364893572029234	0.00486072163021126
mcomisiones_otras_rank_lag1	0.000928941878582484	0.00268158458750984	0.00392596747055524
Master_mfinanciacion_limite_rank_tend6	0.000908247947926085	0.00384839024894211	0.00514114787810806
Visa_mpagominimo_rank_lag2	0.000883006194510386	0.0020057500695272	0.00261731164703683
rf_011_016	0.000878069126188311	0.000841478634462236	0.000747803327724808
Visa_mpagospesos_rank	0.000860875364870344	0.00146237488109139	0.00280426247896803
thomebanking_lag2	0.000859402951572152	0.00373802132775216	0.00654327911759207
Master_mlimitecompra_rank_tend6	0.000849514259884273	0.00340009042683122	0.00504767246214246
cliente_edad_lag2	0.000846826967625621	0.00347339581151822	0.00317816414283044
Visa_mpagominimo_rank_lag1	0.000838999904367888	0.00183846701796831	0.00261731164703683
mcaja_ahorro_dolares_rank	0.000835046881991685	0.0049004387294057	0.00317816414283044
Visa_mconsumototal_rank_lag1	0.000833463289790797	0.00218920102846342	0.00345859039072724
mcomisiones_rank_delta2	0.000833001171014766	0.00325771119367241	0.00486072163021126
vm_fechaalta_lag1	0.000826014015211914	0.00218545869818944	0.00280426247896803
Visa_mconsumototal_rank	0.00080999914651779	0.00349799823844999	0.00523462329407366
ccajas_consultas_tend6	0.000807846020602177	0.00256418467924529	0.00130865582351841
Visa_Fvencimiento	0.000802184986962244	0.00291210147264706	0.00364554122265844
Visa_msaldopesos_rank	0.000801686078470392	0.00165074772133234	0.00224340998317443
mprestamos_personales_rank_delta2	0.000796513103092686	0.00313475426124041	0.00186950831931202
Visa_mconsumospesos_rank_lag1	0.000794676244959772	0.00219002969637421	0.00364554122265844
mactivos_margen_rank_tend6	0.000789774323202718	0.0024237914572356	0.00271078706300243
cmobile_app_trx_lag2	0.000783613952013468	0.00266326760033632	0.00280426247896803
thomebanking_lag1	0.000782327458516218	0.00267792601233863	0.00429986913441765
Visa_mpagominimo_rank_delta2	0.000772698684181055	0.00187561177154061	0.00214993456720882
Master_fechaalta_lag1	0.00077243733217357	0.00237053526752952	0.00336511497476164
vmr_mpagominimo_lag2	0.000766787869352231	0.00352491662087515	0.00299121331089923
rf_012_027	0.000756102500691913	0.00201524485254178	0.00336511497476164
vm_fechaalta	0.000753257342555688	0.00315616891819989	0.00383249205458964
Visa_mconsumospesos_rank	0.000752296444524936	0.00235574424328114	0.00355206580669284
vm_mpagominimo_rank_lag1	0.000750908157389203	0.0038280504491349	0.00271078706300243
Master_msaldopesos_rank	0.000742564776539762	0.00163597446331789	0.00149560665544962
mcomisiones_otras_rank	0.000741750098625168	0.00165412774733599	0.00233688539914003
Visa_Fvencimiento_lag2	0.00074127423936718	0.00204826339828571	0.00308468872686484
Visa_delinquency_lag1	0.000739047947676836	0.00274156402773868	0.00177603290334642
cdescubierto_preacordado_lag1	0.000731586718001211	0.00398309891060512	0.00233688539914003
Visa_mpagospesos_rank_delta2	0.000723958989113384	0.00161726344645631	0.00308468872686484
Visa_fechaalta_lag2	0.000713023353018665	0.00277704129335574	0.00383249205458964
vm_msaldototal_rank_tend6	0.000695611640856949	0.00129617937685186	0.00121518040755281
mcomisiones_otras_rank_delta2	0.000695392108464614	0.00278012119690778	0.00467377079828005
Visa_mconsumototal_rank_lag2	0.000676033886178242	0.00220410309167381	0.00345859039072724
mpasivos_margen_rank_delta2	0.000673629634934005	0.0031189017045152	0.00439334455038325
numero_de_cliente	0.00067060315442998	0.00395056005317708	0.00392596747055524
Master_status	0.00066774896803792	0.000723991164044776	0.000654327911759207
Visa_msaldopesos_rank_delta1	0.000664277333228037	0.0015019314009186	0.00177603290334642
cliente_antiguedad_lag2	0.000662861651940429	0.00309663173029404	0.00327163955879604
mrentabilidad_rank	0.000652504174900507	0.00286153623287179	0.00317816414283044
internet_tend6	0.000648402502455807	0.00223840842036037	0.00121518040755281
mtransferencias_recibidas_rank	0.000639521014487235	0.00287424099365105	0.00196298373527762
Master_mfinanciacion_limite_rank	0.000634052300804487	0.00287103418842814	0.00411291830248645
Visa_mlimitecompra_rank_tend6	0.000629819365026008	0.00492591931589989	0.00476724621424565
Master_mlimitecompra_rank_delta2	0.000628539328676858	0.00309928968579044	0.00476724621424565
mrentabilidad_rank_delta1	0.000624803759078724	0.00210390851194594	0.00308468872686484
vm_msaldopesos_rank	0.000605929762572827	0.000386709999678698	0.000560852495793606
rf_017_016	0.000602808856246512	0.00158287245914191	0.00168255748738082
chomebanking_transacciones_delta1	0.000602130918082991	0.00299558183330451	0.00224340998317443
cprestamos_personales_tend6	0.000601011471939944	0.00204841948734088	0.00102822957562161
vm_mlimitecompra_rank_tend6	0.000600439975335134	0.00455468687850898	0.00401944288652085
mcaja_ahorro_rank_tend6	0.000599524718813404	0.0042509071207445	0.00355206580669284
mpasivos_margen_rank_delta1	0.000592926698758548	0.00175039789289217	0.00243036081510563
mcomisiones_otras_rank_delta1	0.000587915717587746	0.00282548156465227	0.00355206580669284
mactivos_margen_rank_lag1	0.000587617161864203	0.00342448790756453	0.00289773789493363
rf_010_019	0.00058405892257982	0.00113561005819039	0.00140213123948402
mtransferencias_emitidas_rank	0.000583710645628986	0.00205048735006772	0.00196298373527762
mcaja_ahorro_rank_delta2	0.000583429740705708	0.00218177854973418	0.00224340998317443
Visa_msaldototal_rank	0.000580346051926522	0.00153082818039264	0.00205645915124322
rf_004_019	0.000580242474864677	0.00169992148428651	0.00252383623107123
rf_020_025	0.000577049469055793	0.00101022993835311	0.00177603290334642
mcomisiones_rank_delta1	0.000575224932469422	0.00184531082507838	0.00252383623107123
vm_mconsumototal_rank_delta2	0.000574128313184091	0.000995516324123969	0.000934754159656011
Visa_msaldototal_rank_delta1	0.000574009679089129	0.00143443049865724	0.00177603290334642
ctrx_quarter_lag2	0.000572651529561879	0.00192081668473829	0.00214993456720882
chomebanking_transacciones_delta2	0.000558665303813133	0.00380610978474965	0.00392596747055524
mcomisiones_otras_rank_tend6	0.000554149563644352	0.00227649795687231	0.00317816414283044
vmr_msaldopesos2_tend6	0.000548582626014531	0.00346327096170778	0.00233688539914003
vmr_mpagominimo_delta1	0.000543357982073273	0.000982331240520469	0.000747803327724808
vmr_Master_mlimitecompra_tend6	0.000531134086616536	0.00143047878062631	0.00102822957562161
chomebanking_transacciones_lag2	0.000529885926667052	0.00302360235674118	0.00364554122265844
Master_fechaalta_lag2	0.000528586310402094	0.00212949506133532	0.00355206580669284
vm_fechaalta_lag2	0.000527526979511344	0.00210804423739963	0.00271078706300243
mrentabilidad_rank_tend6	0.000523314294185841	0.00334659883452566	0.00317816414283044
Visa_mlimitecompra_rank_lag2	0.000523160167601955	0.00219988805267583	0.00317816414283044
mtarjeta_visa_consumo_rank_delta2	0.000522362428138446	0.00203255741299036	0.00186950831931202
rf_007_026	0.000519311282396908	0.00062027062139176	0.000841278743690409
mactivos_margen_rank_lag2	0.000518702721079526	0.00318755550845642	0.00383249205458964
Visa_cconsumos	0.000516317016884022	0.00204411371364822	0.00289773789493363
Visa_mfinanciacion_limite_rank_lag2	0.000507220196999628	0.00149865860682683	0.00261731164703683
mtransferencias_recibidas_rank_delta2	0.000506155400751535	0.00215602068308913	0.00196298373527762
Visa_msaldototal_rank_lag1	0.000504362356065973	0.00143265641329846	0.00205645915124322
mtransferencias_recibidas_rank_lag2	0.000500654891595598	0.00255175719861689	0.00317816414283044
vm_cconsumos_delta2	0.00049968068071801	0.000355987105160822	0.000186950831931202
Visa_mfinanciacion_limite_rank_delta2	0.000499361748198095	0.0026433700528521	0.00373901663862404
Visa_mpagospesos_rank_lag2	0.00049823316516155	0.00245150487862877	0.00345859039072724
Master_Fvencimiento_lag1	0.000489024518081728	0.00238058016928731	0.00364554122265844
Visa_mfinanciacion_limite_rank_tend6	0.00048896858355061	0.00371030473381722	0.00383249205458964
mcomisiones_rank	0.000486847561327708	0.00202001508634982	0.00289773789493363
Visa_mpagominimo_rank_delta1	0.000485765813484109	0.00330589956515226	0.00289773789493363
Visa_mconsumospesos_rank_delta1	0.000483090166888779	0.00175820361466745	0.00289773789493363
rf_002_015	0.000482092750809936	0.00216493489095947	0.00261731164703683
rf_016_020	0.000481893506587219	0.00144868980490466	0.00233688539914003
Visa_msaldopesos_rank_delta2	0.00048047083423295	0.00135336317327141	0.00214993456720882
chomebanking_transacciones_lag1	0.000478902589468615	0.00200387636635679	0.00252383623107123
Master_mpagominimo_rank	0.00047804574032559	0.00110672533437508	0.00140213123948402
vm_fechaalta_tend6	0.000476689766494405	0.00136465171140374	0.00140213123948402
mrentabilidad_annual_rank_tend6	0.000465564115719022	0.00278200695573692	0.00299121331089923
Visa_mfinanciacion_limite_rank	0.000462521307512045	0.0027858787257152	0.00355206580669284
cliente_edad	0.000460896927485595	0.00185035072493703	0.00186950831931202
Master_mfinanciacion_limite_rank_lag1	0.000457619330334149	0.00134881184484562	0.00224340998317443
Master_mlimitecompra_rank	0.000452661367776716	0.00196074502646115	0.00327163955879604
Visa_mconsumosdolares_rank_lag2	0.000452418997104996	0.00209171706842536	0.00252383623107123
Visa_mconsumospesos_rank_delta2	0.000450380373098744	0.0021157833357977	0.00364554122265844
Visa_Fvencimiento_lag1	0.000448309667341892	0.00270539578252373	0.00336511497476164
Visa_mconsumospesos_rank_lag2	0.000447348031923798	0.00183751462092842	0.00317816414283044
Master_mlimitecompra_rank_lag1	0.000446509100613889	0.00225999820162566	0.00355206580669284
rf_007_015	0.00044307897569146	0.00106995747876527	0.00140213123948402
Visa_mconsumosdolares_rank	0.000442316250294257	0.00155858030679542	0.00233688539914003
mprestamos_personales_rank_lag1	0.000441407210072397	0.000950876123361668	0.000560852495793606
Visa_msaldototal_rank_delta2	0.000440271442187064	0.00132870871665458	0.00196298373527762
Visa_mconsumototal_rank_tend6	0.00043950855525571	0.00169615250466164	0.00308468872686484
vm_status04	0.000437317167890465	0.00153314413588604	0.000934754159656011
mtarjeta_visa_consumo_rank_tend6	0.000436085873803469	0.0021916381750525	0.00149560665544962
vm_Fvencimiento_lag2	0.000435753309341168	0.00152251802447565	0.00243036081510563
vmr_msaldototal_lag2	0.000429106852533869	0.00106395883678319	0.00130865582351841
Visa_msaldopesos_rank_lag2	0.00042488840073096	0.00175368528067608	0.00224340998317443
Master_mfinanciacion_limite_rank_delta2	0.000424040490223828	0.00233366081451617	0.00364554122265844
Visa_msaldototal_rank_lag2	0.000422182194949251	0.0017852514367969	0.00243036081510563
Master_mfinanciacion_limite_rank_lag2	0.000418632221323537	0.00205458119797002	0.00336511497476164
ccallcenter_transacciones_tend6	0.000417787157527838	0.00215404292054861	0.00130865582351841
Visa_mlimitecompra_rank_delta1	0.000417774250893598	0.00211416914654422	0.00327163955879604
mcaja_ahorro_dolares_rank_delta2	0.000415109744381092	0.00309520662453016	0.00177603290334642
Visa_cconsumos_lag2	0.000413931628111915	0.00128985903913413	0.00205645915124322
Master_mfinanciacion_limite_rank_delta1	0.000412363140715289	0.00269330586033985	0.00401944288652085
vmr_mpagominimo	0.000411452143470513	0.00150490153452533	0.00158908207141522
Visa_Fvencimiento_tend6	0.000409383226801875	0.00105645894803472	0.00130865582351841
mcomisiones_mantenimiento_rank_lag1	0.000404284054801444	0.00257266361438453	0.00243036081510563
vmr_msaldototal_tend6	0.000404222733131565	0.000568409081048543	0.000841278743690409
mpayroll_rank_lag2	0.000401169382462339	0.00381584568093888	0.00196298373527762
Master_mlimitecompra_rank_delta1	0.000399867952095528	0.00210111857871184	0.00355206580669284
vmr_mpagominimo_delta2	0.000393108886831584	0.00155789123072259	0.00121518040755281
Visa_mconsumospesos_rank_tend6	0.000390513548238497	0.00168850033390812	0.00289773789493363
mttarjeta_visa_debitos_automaticos_rank_delta2	0.000389057655614584	0.000915765603573426	0.000654327911759207
mpagomiscuentas_rank_tend6	0.000383740278759361	0.000900583087670417	0.000467377079828005
mcomisiones_mantenimiento_rank_lag2	0.000383545131182034	0.002477921999454	0.00205645915124322
rf_010_013	0.000382679673816113	0.00126809096102126	0.00130865582351841
vm_Fvencimiento	0.000380226381887209	0.00228066350421865	0.00252383623107123
mcaja_ahorro_rank_delta1	0.000377786242815948	0.00381260461226483	0.00317816414283044
cliente_antiguedad_lag1	0.000377117493682195	0.00183052424238849	0.00214993456720882
rf_020_016	0.000369152973125295	0.000836860682659239	0.000560852495793606
Visa_fechaalta_lag1	0.000368818333413853	0.00160876547606643	0.00233688539914003
Visa_mlimitecompra_rank_delta2	0.000362930220766924	0.00195356175738149	0.00289773789493363
ctarjeta_visa_transacciones_lag2	0.000357837072344863	0.000578322005068633	0.000467377079828005
Master_Fvencimiento	0.000357405109888497	0.00209309204802925	0.00308468872686484
Master_Fvencimiento_lag2	0.000353784147900738	0.00220186581521635	0.00308468872686484
Visa_mconsumototal_rank_delta2	0.000353494658640135	0.00141192448732826	0.00271078706300243
Visa_mlimitecompra_rank	0.000348568870389895	0.00131137712095537	0.00214993456720882
cliente_antiguedad	0.000345400510150936	0.00299998405226702	0.00280426247896803
mtarjeta_visa_consumo_rank_lag2	0.0003422370898603	0.00186827875848933	0.00177603290334642
vm_mfinanciacion_limite_rank_delta1	0.000341877710777789	0.0023550247108073	0.00243036081510563
rf_005_019	0.000341306032609524	0.00130484231941387	0.00205645915124322
mttarjeta_visa_debitos_automaticos_rank_lag1	0.000341280653674057	0.00105117222442623	0.00121518040755281
vm_cconsumos_lag2	0.000339556879894519	0.00198541344226177	0.00121518040755281
Visa_Fvencimiento_delta1	0.000339440815435901	0.000499905021078945	0.000560852495793606
mpasivos_margen_rank_tend6	0.0003390809337264	0.00233298252508536	0.00205645915124322
ctarjeta_master	0.000338341616901142	0.00114892267797312	0.00102822957562161
Visa_mfinanciacion_limite_rank_delta1	0.000337745299220175	0.00223916221628535	0.00299121331089923
thomebanking_tend6	0.000334432224587989	0.00216016592616813	0.00130865582351841
mtransferencias_recibidas_rank_tend6	0.000332489568917849	0.00252733179951598	0.00233688539914003
rf_003_021	0.000331902928277829	0.000801114385499934	0.000467377079828005
vm_mpagominimo_rank_lag2	0.000330103199948125	0.0012388845414703	0.00149560665544962
ccomisiones_otras_lag2	0.000326198704814879	0.00190842092952761	0.00177603290334642
Visa_mpagospesos_rank_lag1	0.000325918082987131	0.00138698640547704	0.00289773789493363
Visa_msaldopesos_rank_tend6	0.000322633688894476	0.00133917366294296	0.00158908207141522
ccomisiones_otras_delta2	0.000322488677280371	0.00142894580844219	0.00168255748738082
tcallcenter_delta2	0.000317628494408176	0.00159594840730846	0.00102822957562161
vm_mfinanciacion_limite_rank_delta2	0.00031514425952973	0.00255073690918308	0.00205645915124322
Visa_cconsumos_lag1	0.000314441668218622	0.00157090309354535	0.00205645915124322
rf_011_024	0.000313718545124678	0.000989018324067018	0.000841278743690409
ccajas_transacciones	0.000313420821423408	0.00160346352425744	0.00102822957562161
Visa_fechaalta_delta1	0.000308039025915611	0.000422779896098724	0.000373901663862404
vmr_msaldopesos_tend6	0.000306960906717134	0.00190133664375123	0.00168255748738082
mtarjeta_master_consumo_rank	0.0003058245463519	0.000319086002796591	0.000186950831931202
ccajas_transacciones_tend6	0.000302067646202081	0.00228816783452561	0.00130865582351841
vmr_msaldopesos2	0.00030101027753316	0.0007210007261707	0.00130865582351841
ctrx_quarter_normalizado_lag2	0.000298540773235329	0.0012789277292053	0.00130865582351841
Visa_fultimo_cierre_tend6	0.000298111181556883	0.000991225778631819	0.00158908207141522
Master_delinquency_delta2	0.000297662251295193	0.000721316711331169	0.000747803327724808
mcuenta_corriente_rank_delta1	0.000297252930080633	0.00229038290319067	0.00149560665544962
Visa_mconsumototal_rank_delta1	0.000292427250922955	0.00157024193584012	0.00252383623107123
Master_mlimitecompra_rank_lag2	0.000290669471093012	0.00163002087142898	0.00252383623107123
vmr_Master_mlimitecompra	0.000289375161922024	0.00151760566079623	0.00186950831931202
Visa_mpagominimo_rank_tend6	0.000286194805926899	0.00215500610423052	0.00233688539914003
mautoservicio_rank_delta2	0.000285661119257158	0.00139141527379044	0.00102822957562161
mprestamos_personales_rank_delta1	0.000283942869077503	0.00320396897056688	0.00177603290334642
rf_012_016	0.00027667587314762	0.00117282080063155	0.00121518040755281
cseguro_accidentes_personales	0.000272729297423598	0.00208222418893586	0.00121518040755281
vmr_mpagospesos	0.000272269799439254	0.000409689354240023	0.000560852495793606
rf_011_021	0.000270775483512757	0.00158344986174437	0.00177603290334642
vmr_msaldopesos2_lag2	0.000269807380377075	0.00221887381165484	0.00214993456720882
mtransferencias_recibidas_rank_lag1	0.000268549240672576	0.00174801785205498	0.00149560665544962
ccomisiones_mantenimiento_delta1	0.000266788571286147	0.00297951925431401	0.00149560665544962
vmr_mpagominimo_tend6	0.000266620781370212	0.000639199909127236	0.000467377079828005
mttarjeta_visa_debitos_automaticos_rank	0.00026352482315623	0.00128239214482008	0.00149560665544962
Visa_fultimo_cierre_lag2	0.000257675298117157	0.00122430480850393	0.00112170499158721
Visa_msaldopesos_rank_lag1	0.000255676794840209	0.0010261675191978	0.00186950831931202
tcallcenter_tend6	0.000255473715389145	0.00152503448460902	0.000934754159656011
vm_Fvencimiento_lag1	0.000252074885765232	0.00160932828497675	0.00186950831931202
ccomisiones_otras_tend6	0.000252044490369137	0.00126121289046006	0.00121518040755281
vmr_msaldopesos_lag1	0.000251299574412617	0.000773920626448982	0.000934754159656011
Master_mpagominimo_rank_lag1	0.000250109346834075	0.000567465567125617	0.000747803327724808
Visa_delinquency_delta2	0.000249689576589028	0.000730026607511402	0.000560852495793606
mttarjeta_visa_debitos_automaticos_rank_delta1	0.000249143770566321	0.000672380254501529	0.000373901663862404
mcaja_ahorro_dolares_rank_lag2	0.000248665065050578	0.000909796783484007	0.000841278743690409
vm_status06	0.000248187177431759	0.000746447683722113	0.000654327911759207
Visa_mlimitecompra_rank_lag1	0.000247313014534983	0.00111523282239028	0.00177603290334642
Visa_mfinanciacion_limite_rank_lag1	0.000246601107948803	0.0010897979204976	0.00149560665544962
vm_fultimo_cierre_tend6	0.000243164510281535	0.00104705870676495	0.00130865582351841
mautoservicio_rank	0.000242935741823983	0.00251482500534329	0.00149560665544962
mtransferencias_emitidas_rank_tend6	0.000238539053036505	0.000911965533039193	0.000654327911759207
Visa_mconsumosdolares_rank_tend6	0.000234907776282641	0.0011382914904959	0.00186950831931202
cproductos_lag1	0.000234701921691028	0.00032844373200662	0.000186950831931202
vm_mfinanciacion_limite_rank_lag2	0.000234118252475047	0.000906224501448988	0.00121518040755281
Master_mpagosdolares_rank_tend6	0.000232328580293113	0.00102178433548592	0.00158908207141522
mtransferencias_emitidas_rank_lag1	0.000230087032168652	0.000664353089310583	0.000654327911759207
vm_mlimitecompra_rank_delta2	0.000229325358055428	0.0021680871284639	0.00196298373527762
mpayroll_sobre_edad_rank_tend6	0.000229028943499319	0.00205110282317145	0.00121518040755281
Master_mpagospesos_rank_tend6	0.00022801295857064	0.00113131697466483	0.000934754159656011
Master_msaldopesos_rank_lag2	0.000227579969549656	0.000788845531960123	0.00121518040755281
rf_015_015	0.000227304692989263	0.000706617690794178	0.00121518040755281
vm_fultimo_cierre_lag2	0.000224699324417698	0.000932250130619573	0.00112170499158721
Visa_cconsumos_delta1	0.00021830767830625	0.000644808962979736	0.000934754159656011
mcaja_ahorro_rank_lag2	0.000216792646378828	0.00120428670443238	0.00140213123948402
Master_mpagospesos_rank	0.00021554189501642	0.000526048034295085	0.000280426247896803
vmr_Visa_mlimitecompra	0.000213086861451645	0.000824193357872893	0.00149560665544962
cmobile_app_trx_lag1	0.00021248376213193	0.000815420010857225	0.000654327911759207
rf_015_025	0.000212457662411311	0.000573313830627708	0.000934754159656011
Visa_fechaalta_tend6	0.000211717847275142	0.00149677538603111	0.00140213123948402
mcuenta_debitos_automaticos_rank_lag2	0.00021150105220862	0.000782638771237821	0.000841278743690409
vmr_msaldototal_lag1	0.000210895004124279	0.000751915242211591	0.000934754159656011
Master_fultimo_cierre_lag1	0.000209875664425293	0.00115250067058333	0.00149560665544962
Master_mconsumosdolares_rank_lag2	0.000209101792484943	0.000228839245048305	0.000280426247896803
vmr_mconsumospesos_lag1	0.000208790057614913	0.00112534942359212	0.00121518040755281
Visa_mconsumosdolares_rank_lag1	0.000208250182865346	0.000910254898515852	0.00196298373527762
Visa_msaldototal_rank_tend6	0.000207327653891917	0.00135545768534913	0.00168255748738082
Master_mconsumototal_rank_tend6	0.000206999709301462	0.000732655375623495	0.000841278743690409
rf_015_029	0.000206964321379356	0.000359941995733518	0.000467377079828005
Master_msaldototal_rank	0.000206575435620602	0.00083397176612186	0.000841278743690409
rf_002_017	0.000206547771125248	0.000957157121561429	0.00130865582351841
Visa_fultimo_cierre_lag1	0.000205681430925035	0.000941506338492905	0.00130865582351841
mtransferencias_emitidas_rank_lag2	0.000204907934679723	0.000868797391658996	0.000747803327724808
vm_mlimitecompra_rank	0.0002047552408378	0.0010218915673978	0.00112170499158721
vm_mpagominimo_rank_delta2	0.000204449349349851	0.00221838841276376	0.00140213123948402
Visa_mpagospesos_rank_delta1	0.000202344472388208	0.00126067038581708	0.00243036081510563
vm_mfinanciacion_limite_rank_tend6	0.000201915304568315	0.00175207362945602	0.00158908207141522
vm_mlimitecompra_rank_lag2	0.000201273956060556	0.00109770706713464	0.00112170499158721
Master_mconsumototal_rank_lag2	0.000200226668966871	0.0006874187370081	0.000560852495793606
ccajas_extracciones_tend6	0.000197488944112676	0.00260707934752475	0.00130865582351841
cmobile_app_trx_tend6	0.000194244471394306	0.00261428736243023	0.00140213123948402
vm_mfinanciacion_limite_rank_lag1	0.000193992412591035	0.000892067985554971	0.00140213123948402
Master_msaldototal_rank_delta2	0.000193814429470372	0.000924702019236164	0.00112170499158721
Master_fultimo_cierre_lag2	0.000193136428625616	0.00105321280329384	0.00149560665544962
matm_rank_lag2	0.000192238943993457	0.0012595149461038	0.00112170499158721
Master_mpagosdolares_rank	0.000188104224903191	0.000720526748429997	0.000747803327724808
ccajas_consultas_delta2	0.000186592080040086	0.00335195916110326	0.00168255748738082
Master_mpagominimo_rank_lag2	0.000186399456976462	0.000962685592852925	0.00112170499158721
internet_lag2	0.000185401014553709	0.000276855030255776	0.000373901663862404
ctransferencias_emitidas_tend6	0.000184610829601324	0.00127985157336924	0.000747803327724808
Master_mconsumospesos_rank_lag2	0.000184130291910148	0.000738582318161527	0.000654327911759207
mcuenta_debitos_automaticos_rank_delta2	0.000184016008422574	0.00146437992749115	0.000747803327724808
vm_cconsumos_delta1	0.000182459162716516	0.000186219953394625	9.3475415965601e-05
Master_msaldopesos_rank_tend6	0.000180858797595973	0.00100188171193486	0.00112170499158721
Visa_mpagosdolares_rank_tend6	0.00018065473653127	0.000532673570531262	0.000934754159656011
vm_msaldopesos_rank_delta2	0.000178860063899275	0.00183975189738588	0.00130865582351841
rf_011_017	0.000177635952552073	0.00115802977638318	0.000841278743690409
Visa_cconsumos_delta2	0.000177264853451973	0.00102122914067586	0.00158908207141522
cpayroll_trx_tend6	0.000176402742518479	0.000978342721004993	0.000560852495793606
vmr_mconsumospesos_lag2	0.00017531746608431	0.000515300731789018	0.000841278743690409
chomebanking_transacciones_tend6	0.000173012294327144	0.00110631290394475	0.00102822957562161
Master_delinquency_tend6	0.000171783183391257	0.000378707580313571	0.000373901663862404
Visa_mpagado_rank_tend6	0.000169492782825084	0.00127585480524515	0.00102822957562161
mcaja_ahorro_dolares_rank_tend6	0.000166720208773885	0.0015853762291082	0.000934754159656011
Master_fultimo_cierre_delta1	0.000164918450710052	0.000733377446130752	0.00102822957562161
vm_mfinanciacion_limite_rank	0.000162457300182657	0.000841849187341179	0.000934754159656011
Master_mconsumospesos_rank_delta2	0.00016181059542116	0.00054901850573945	0.000373901663862404
ccajas_transacciones_lag1	0.000160647591117012	0.00133912290227461	0.000841278743690409
ctarjeta_debito_transacciones_tend6	0.000159020932052305	0.00182722987501268	0.00121518040755281
rf_008_019	0.000158786380245403	0.000788682463313054	0.000841278743690409
Visa_mpagado_rank	0.00015842259444648	0.000794516767631349	0.000560852495793606
mcaja_ahorro_dolares_rank_lag1	0.000157972777034419	0.000758547758039665	0.000747803327724808
rf_008_013	0.000157031654099423	0.000673956373253748	0.000654327911759207
ctarjeta_debito_transacciones_lag2	0.000156917130480922	0.00248031346144156	0.00149560665544962
vmr_Visa_mlimitecompra_lag2	0.000154520957734484	0.000929509054528758	0.00112170499158721
vmr_msaldopesos	0.000153435108831323	0.000906227039482405	0.00102822957562161
vm_fultimo_cierre_lag1	0.000153285161977344	0.0011736069564826	0.00140213123948402
Master_msaldototal_rank_lag2	0.000151085699228743	0.000532317611344468	0.000747803327724808
mcaja_ahorro_dolares_rank_delta1	0.000150425002917025	0.000602149062791377	0.000373901663862404
vmr_msaldopesos2_lag1	0.000149614733288326	0.000498045911600684	0.000841278743690409
vmr_Master_mlimitecompra_lag1	0.000149300685196266	0.000639421987051261	0.00102822957562161
rf_013_024	0.000146670608447111	0.000657634280346316	0.00112170499158721
Master_msaldopesos_rank_lag1	0.000143951348366397	0.00042679316144002	0.000560852495793606
mforex_sell_rank_tend6	0.000142864938961554	0.00204841948734088	0.00102822957562161
vm_msaldototal_rank_lag2	0.000141041332514678	0.000485774520027456	0.000467377079828005
cmobile_app_trx	0.000139968911717274	0.000785362081094713	0.000467377079828005
vm_msaldopesos_rank_delta1	0.000138137082355624	0.001014613122065	0.000747803327724808
ctrx_quarter_normalizado_lag1	0.000138115552577667	0.000939916260556891	0.000747803327724808
vmr_Visa_mlimitecompra_tend6	0.000137608781759802	0.00237583214327167	0.00130865582351841
mcomisiones_mantenimiento_rank_delta1	0.000137413073484607	0.000676868766600238	0.000560852495793606
vm_fultimo_cierre	0.000136683105678309	0.000937540661278186	0.00112170499158721
mcomisiones_mantenimiento_rank_delta2	0.0001366037216112	0.00242985481906982	0.00149560665544962
Visa_mconsumosdolares_rank_delta1	0.000135387038101346	0.000702707215806287	0.00121518040755281
ctarjeta_debito_transacciones_delta2	0.000134721055904457	0.00144877736705756	0.000841278743690409
vm_mlimitecompra_rank_delta1	0.000133696002109566	0.000954890657719672	0.00121518040755281
vmr_Master_mlimitecompra_delta2	0.00013354876261408	0.000578962223998177	0.000373901663862404
Master_fultimo_cierre	0.000132267107343025	0.000593550205573156	0.000934754159656011
vmr_msaldototal_delta2	0.000131405164834696	0.000463207595896461	0.000467377079828005
Master_mconsumospesos_rank_tend6	0.000131349618862937	0.00108355943435758	0.000934754159656011
cextraccion_autoservicio_delta2	0.000129949062292408	0.00126407008157972	0.000654327911759207
Master_msaldopesos_rank_delta2	0.000129914634894011	0.00110761110803776	0.000841278743690409
ccuenta_debitos_automaticos_tend6	0.00012974671392623	0.000558659860183876	0.000280426247896803
mpayroll_sobre_edad_rank_lag2	0.000128637147777924	0.000983006991917857	0.000560852495793606
mautoservicio_rank_lag2	0.000128338964021895	0.000771299472437141	0.000747803327724808
vm_fultimo_cierre_delta1	0.000124410970194038	0.000479315224980121	0.000841278743690409
rf_008_018	0.000123518589521196	0.00130353967376238	0.000654327911759207
vmr_mpagominimo_lag1	0.00012341101243527	0.0010480434637309	0.000934754159656011
vm_status02_delta2	0.000122974808327982	0.00047860267209818	0.000467377079828005
Visa_mpagosdolares_rank_delta2	0.000121011042716637	0.000496466620306695	0.00102822957562161
vm_status02_tend6	0.000120763880504717	0.00032771531641582	0.000373901663862404
vm_mconsumospesos_rank_tend6	0.000120602412859421	0.00116304937197448	0.000934754159656011
rf_018_021	0.000119032994023571	0.000811871205631316	0.000560852495793606
mtarjeta_visa_consumo_rank_delta1	0.000118783229608531	0.000520794305121025	0.000467377079828005
vm_cconsumos	0.000117828104529303	0.00114840682268103	0.000654327911759207
Visa_madelantopesos_rank_delta2	0.000117584313469171	0.000143118435391635	0.000186950831931202
rf_006_013	0.000116734560842458	0.000569452212783103	0.000467377079828005
vmr_mconsumototal_tend6	0.000116095320739172	0.00131190249387278	0.00102822957562161
mtarjeta_master_consumo_rank_lag2	0.000115335407782267	0.000792828975408765	0.000560852495793606
vmr_Visa_mlimitecompra_lag1	0.000113890962183963	0.000591832591457917	0.000841278743690409
vm_mpagospesos_rank_delta2	0.000113102219194253	8.67176222813619e-05	9.3475415965601e-05
vmr_mpagospesos_lag2	0.00011281984072245	0.000803043290897174	0.000934754159656011
vmr_Master_mlimitecompra_lag2	0.000112672587297801	0.00143826800518437	0.00121518040755281
vm_Fvencimiento_tend6	0.000112594062130365	0.00053152384139317	0.000654327911759207
mpagomiscuentas_rank_delta2	0.000111974058986287	0.000528983269942332	0.000280426247896803
Master_mconsumosdolares_rank_lag1	0.000111417818450812	0.000263294317706498	0.000373901663862404
ctransferencias_recibidas_lag2	0.000111085725225837	0.00199864421046678	0.00102822957562161
rf_016_015	0.000110852775861266	0.00103505253968384	0.000654327911759207
Master_msaldototal_rank_lag1	0.000110458841467478	0.00021868520785356	0.000467377079828005
Visa_mconsumosdolares_rank_delta2	0.000108746278579898	0.000583535125708015	0.00121518040755281
vmr_mpagospesos_lag1	0.000108525142837874	0.000645659204174572	0.000747803327724808
cproductos_lag2	0.000105707362962507	0.000315345576047667	0.000186950831931202
ctrx_quarter_lag1	0.000103898177319503	0.000914889347536062	0.000654327911759207
ctarjeta_visa_debitos_automaticos_tend6	0.000103359360793973	0.000903563373410823	0.000467377079828005
Master_mconsumospesos_rank_delta1	0.00010185239130167	0.000396316456163634	0.000373901663862404
cpagomiscuentas_tend6	0.000101696394090014	0.00129146307625394	0.000654327911759207
Visa_fultimo_cierre_delta1	0.000101497893704234	0.000657481363832916	0.000747803327724808
vm_msaldototal_rank_delta2	0.000100963581595444	0.000712500217747405	0.000560852495793606
thomebanking_delta2	0.000100715695459405	0.000800130897550683	0.000560852495793606
rf_019_020	0.000100214978530553	0.000871250400956933	0.000560852495793606
vmr_msaldototal	0.000100039245852591	0.00054554964856619	0.000747803327724808
rf_007_018	9.96964338422068e-05	0.000634038818172912	0.000467377079828005
ctransferencias_recibidas_tend6	9.96547436603726e-05	0.000492988880016474	0.000560852495793606
Master_mpagosdolares_rank_lag2	9.9104701798735e-05	7.33605869138319e-05	9.3475415965601e-05
ccomisiones_otras_lag1	9.75691426007404e-05	0.00208610674555616	0.00112170499158721
vm_status02	9.73490416140754e-05	0.000586954491229635	0.000560852495793606
Visa_mpagosdolares_rank_lag1	9.689231004003e-05	0.000357751672894284	0.000560852495793606
Master_mpagominimo_rank_delta1	9.65908170287063e-05	0.000335830678268023	0.000373901663862404
Master_mpagominimo_rank_delta2	9.64607590580139e-05	0.00074068952040634	0.000654327911759207
vm_mpagospesos_rank_lag2	9.61181471567352e-05	0.000881038326831215	0.000841278743690409
Visa_status_delta2	9.58460270232125e-05	0.000586662617386631	0.000467377079828005
Master_cadelantosefectivo_tend6	9.57315387180827e-05	0.000522731459126871	0.000841278743690409
vm_mpagado_rank_delta2	9.56223646830161e-05	0.00145887747104218	0.000747803327724808
Visa_fechaalta_delta2	9.46570069657953e-05	0.000338431528012524	0.000280426247896803
vm_mconsumototal_rank_tend6	9.29490867320905e-05	0.000567018873244151	0.000560852495793606
ctransferencias_recibidas_delta2	9.25162554441665e-05	0.00128828672743203	0.000747803327724808
Master_mconsumospesos_rank_lag1	9.14966414779935e-05	0.000750431761679109	0.000654327911759207
rf_019_024	9.07216683490047e-05	0.000467860445658948	0.000560852495793606
vmr_mpagospesos_tend6	8.84375437537156e-05	0.000622327697476579	0.000654327911759207
vm_cconsumos_lag1	8.80429419372035e-05	0.000355116559698647	0.000186950831931202
vmr_mpagospesos_delta2	8.75004798946062e-05	0.00120141491962056	0.000747803327724808
Master_mconsumosdolares_rank_tend6	8.74900236052592e-05	0.000388218860545354	0.000560852495793606
vm_mpagospesos_rank_lag1	8.58894422884073e-05	0.000305260065755192	0.000467377079828005
ctarjeta_visa_transacciones_lag1	8.55401283015594e-05	0.000940668152956802	0.000747803327724808
ctarjeta_debito_lag2	8.52695093787028e-05	0.00154447835861988	0.000841278743690409
ctarjeta_debito	8.47241975470129e-05	0.000484124798306133	0.000280426247896803
rf_019_021	8.44477009096297e-05	0.00107355767916788	0.000560852495793606
vm_mpagominimo_rank_tend6	8.3560541907343e-05	0.000689541167453418	0.000654327911759207
Master_fultimo_cierre_delta2	8.33054938271614e-05	0.000222361549258694	0.000467377079828005
vm_mconsumototal_rank_lag2	8.32252971601332e-05	0.000623440625130118	0.000654327911759207
Visa_msaldodolares_rank	8.06518508956174e-05	0.000665604974293725	0.000467377079828005
Visa_mpagosdolares_rank	8.0545038540373e-05	0.000330285075250959	0.000560852495793606
Master_cconsumos_tend6	8.03180175061614e-05	0.000532884227304907	0.000560852495793606
vmr_mconsumototal_lag2	8.01266931898726e-05	0.000685896551466002	0.000747803327724808
mtarjeta_master_consumo_rank_delta2	8.01011168918954e-05	0.000225036001972301	0.000186950831931202
vmr_msaldopesos2_delta2	8.00706328199997e-05	0.000910770753807943	0.000654327911759207
vm_cconsumos_tend6	7.83961017715654e-05	0.000981224657950474	0.000654327911759207
Master_mconsumototal_rank_lag1	7.8175627051717e-05	0.000523112164139484	0.000467377079828005
Master_msaldototal_rank_tend6	7.80820678048547e-05	0.000469007002255267	0.000467377079828005
vmr_msaldopesos_delta2	7.51988910965205e-05	0.000832734474830868	0.000654327911759207
cmobile_app_trx_delta2	7.49883825948948e-05	0.000392872979324549	0.000560852495793606
rf_007_021	7.42730498269231e-05	0.000720703776260862	0.000467377079828005
mpayroll_rank_tend6	7.39508361062247e-05	0.00200992513449886	0.00102822957562161
vm_mpagominimo_rank_delta1	7.36474440202476e-05	0.000822672441347504	0.000560852495793606
vmr_mconsumospesos	7.30595646656234e-05	0.000318697683683725	0.000560852495793606
vm_msaldototal_rank_lag1	7.29937069931557e-05	0.000251177746171732	0.000467377079828005
mtarjeta_visa_descuentos_rank_delta1	7.29579524005405e-05	0.000756566822957369	0.000467377079828005
internet_delta2	7.26782775597084e-05	0.000186219953394625	9.3475415965601e-05
rf_013_016	7.26582199569792e-05	0.000295795739141631	0.000467377079828005
vmr_msaldopesos_lag2	7.19088505919234e-05	0.000437236534444351	0.000560852495793606
Visa_fultimo_cierre	7.18742689918034e-05	0.000423121896101721	0.000560852495793606
ctransferencias_recibidas_lag1	7.1856646834606e-05	0.00167597958055163	0.000841278743690409
mextraccion_autoservicio_rank_lag2	7.08021487504292e-05	0.000659443898172937	0.000467377079828005
rf_018_025	7.02270387109954e-05	0.000588457641521102	0.000373901663862404
mextraccion_autoservicio_rank_delta2	7.01749499183213e-05	0.000869739636565213	0.000654327911759207
vm_mpagado_rank	6.92786996846874e-05	0.000894648531032133	0.000467377079828005
vm_msaldopesos_rank_lag2	6.85385259216105e-05	0.000888958260110276	0.000560852495793606
vm_msaldopesos_rank_tend6	6.79616156849639e-05	0.00064869088509168	0.000560852495793606
vm_msaldototal_rank_delta1	6.70669317955483e-05	0.000282353679654617	0.000373901663862404
cmobile_app_trx_delta1	6.63849281801152e-05	0.00124679178458227	0.000654327911759207
Master_cconsumos_lag2	6.60486091216655e-05	0.000544194973229642	0.000560852495793606
Master_Fvencimiento_delta2	6.51188947599391e-05	8.58420007523518e-05	0.000186950831931202
vmr_mconsumosdolares_delta2	6.50282457272719e-05	0.00167597958055163	0.000841278743690409
vm_mconsumosdolares_rank	6.47571712619209e-05	5.57028539204829e-05	9.3475415965601e-05
ccajas_transacciones_lag2	6.44858786384073e-05	0.000773180155199449	0.000560852495793606
vm_fechaalta_delta1	6.43260091193638e-05	0.000186219953394625	9.3475415965601e-05
vm_mlimitecompra_rank_lag1	6.34909640214821e-05	0.000407483803200285	0.000747803327724808
rf_009_021	6.33611763942682e-05	0.000901414293614622	0.000560852495793606
tcallcenter_lag1	6.32445488835577e-05	0.00117804978397979	0.000654327911759207
ctarjeta_debito_transacciones_delta1	6.30641054018173e-05	0.000883024972488701	0.000560852495793606
Visa_madelantopesos_rank_tend6	6.24226294225957e-05	0.000351322834247957	0.000747803327724808
Master_fechaalta_delta1	6.22788027192487e-05	0.000324370822880014	0.000467377079828005
Visa_delinquency_delta1	6.22715572001267e-05	0.000408735688183427	0.000280426247896803
rf_019_023	6.21043452463746e-05	0.000463053410366353	0.000467377079828005
Visa_delinquency_tend6	6.10137258990736e-05	0.000396244122211238	0.000280426247896803
Master_madelantodolares_rank_lag1	6.01408676351947e-05	9.10392586828747e-05	0.000186950831931202
rf_001_019	5.9448231948298e-05	0.000441373528914747	0.000373901663862404
ccomisiones_otras	5.9196641831943e-05	0.00102087000894729	0.000560852495793606
vmr_mpagado_delta2	5.91560805008894e-05	0.00111731972036775	0.000560852495793606
Visa_cadelantosefectivo	5.85035859159235e-05	0.00013080516626702	0.000280426247896803
vmr_mconsumototal_lag1	5.76178284621207e-05	0.000154917752749223	0.000186950831931202
vm_mconsumototal_rank	5.72143465097498e-05	0.000277426087774695	0.000373901663862404
Master_mpagosdolares_rank_lag1	5.69448230861561e-05	0.000129510769224135	0.000280426247896803
Master_delinquency_lag1	5.67173414086299e-05	0.00043597893888602	0.000373901663862404
vm_status02_delta1	5.62823183374385e-05	0.000400836059171706	0.000280426247896803
Visa_delinquency_lag2	5.59590817060745e-05	0.000133316550333557	0.000186950831931202
Visa_Fvencimiento_delta2	5.52776862653755e-05	0.000180431968186198	0.000186950831931202
Visa_madelantodolares_rank_tend6	5.52492436987323e-05	0.000237347367571853	0.000467377079828005
cextraccion_autoservicio_tend6	5.52173696532912e-05	0.00109638031016568	0.000560852495793606
vm_status01_delta1	5.48580551157761e-05	0.000259780410440079	0.000186950831931202
vmr_msaldototal_delta1	5.40695247910382e-05	0.000316449620584245	0.000373901663862404
rf_016_019	5.3745530099296e-05	0.000462866864910173	0.000373901663862404
rf_002_026	5.30882191628072e-05	0.000162078814036476	0.000280426247896803
Master_msaldototal_rank_delta1	5.12716271286549e-05	0.000357860808331233	0.000373901663862404
vmr_mconsumototal	5.10435580720468e-05	0.000314975657677078	0.000467377079828005
Visa_mpagosdolares_rank_lag2	5.01294227927822e-05	0.000359646949348742	0.000560852495793606
Master_mpagospesos_rank_lag1	4.97241840982642e-05	0.000322088496329399	0.000373901663862404
Master_mconsumototal_rank_delta2	4.97122474919959e-05	0.00054227875799949	0.000373901663862404
mautoservicio_rank_lag1	4.96556232852889e-05	0.000269162250967574	0.000373901663862404
vm_mconsumospesos_rank_lag2	4.71551768226581e-05	0.000317691353433718	0.000373901663862404
Master_status_tend6	4.69348814162636e-05	0.000429428909144012	0.000373901663862404
mtarjeta_visa_descuentos_rank_delta2	4.61232247567997e-05	0.000110932999116971	9.3475415965601e-05
vm_msaldodolares_rank_tend6	4.58731024995932e-05	0.000931099766973127	0.000467377079828005
cpagomiscuentas_delta2	4.48565466714055e-05	0.000372439906789251	0.000186950831931202
rf_014_024	4.43651187287822e-05	0.000611072788287028	0.000373901663862404
ctarjeta_visa_debitos_automaticos_lag2	4.42469876531808e-05	0.000992022721124889	0.000560852495793606
rf_003_023	4.35934383755148e-05	0.000622002194690795	0.000373901663862404
vm_mpagado_rank_tend6	4.32485291432247e-05	0.000913776419882523	0.000467377079828005
Master_msaldopesos_rank_delta1	4.3171165000974e-05	0.000491332813211607	0.000467377079828005
Visa_mpagado_rank_delta2	4.30426614071906e-05	0.000473694115468889	0.000373901663862404
ctarjeta_visa_debitos_automaticos_lag1	4.15351200344523e-05	0.000488188824315777	0.000280426247896803
Master_mconsumototal_rank	4.10993671535801e-05	0.00066208725997718	0.000467377079828005
mttarjeta_visa_debitos_automaticos_rank_lag2	4.10561510417197e-05	0.000358069561579816	0.000467377079828005
vm_mpagospesos_rank	4.08839336137209e-05	0.000224275860963783	0.000280426247896803
vm_msaldopesos_rank_lag1	4.08444340380417e-05	0.000399964244692822	0.000280426247896803
rf_020_015	4.05457963090018e-05	7.09285163915887e-05	9.3475415965601e-05
Master_mconsumosdolares_rank_delta2	3.99961727146328e-05	0.000297415004461945	0.000373901663862404
vmr_mconsumospesos_delta2	3.81169076855799e-05	0.000387377502467479	0.000280426247896803
Master_cconsumos_lag1	3.76573429982008e-05	0.000463875733193597	0.000373901663862404
rf_019_016	3.74657098860954e-05	0.000414058578768113	0.000373901663862404
cextraccion_autoservicio_lag2	3.67954542446703e-05	0.000600598324373333	0.000373901663862404
ctarjeta_visa	3.67275372140789e-05	0.000411353035145142	0.000280426247896803
vmr_mconsumosdolares	3.64229711546796e-05	0.000186219953394625	9.3475415965601e-05
ccomisiones_otras_delta1	3.60832800616077e-05	0.000389765791913272	0.000280426247896803
ctarjeta_visa_transacciones_delta1	3.54494517325278e-05	0.0005352725167507	0.000280426247896803
vm_mconsumosdolares_rank_lag2	3.44903896047314e-05	0.000918225592463261	0.000467377079828005
Master_mpagominimo_rank_tend6	3.41800533404038e-05	0.000247138465987907	0.000373901663862404
tcallcenter_lag2	3.4073724778351e-05	8.99567874303448e-05	9.3475415965601e-05
vm_mconsumospesos_rank_delta2	3.31092141896791e-05	0.000480627388256927	0.000280426247896803
Master_madelantopesos_rank_lag2	3.30465698378465e-05	0.00018262927061733	0.000280426247896803
Visa_status_tend6	3.29552569137922e-05	0.000127994928765581	0.000186950831931202
Master_madelantodolares_rank	3.28076870420961e-05	0.00010666846846735	0.000186950831931202
vmr_Visa_mlimitecompra_delta1	3.28034415900816e-05	0.000150017444728539	9.3475415965601e-05
mextraccion_autoservicio_rank_tend6	3.24592884563157e-05	0.00026828599493021	0.000186950831931202
rf_006_018	3.20634632276612e-05	0.000341394682027363	0.000280426247896803
Master_msaldodolares_rank_tend6	3.17897029842105e-05	3.73712730548087e-05	9.3475415965601e-05
mtransferencias_emitidas_rank_delta1	3.17345768492032e-05	0.00071589420293485	0.000373901663862404
Master_Fvencimiento_delta1	3.16928360515364e-05	0.000134701682071115	0.000280426247896803
vm_mconsumototal_rank_lag1	3.1683747174414e-05	3.95317740013879e-05	9.3475415965601e-05
vmr_msaldopesos2_delta1	3.11911546752677e-05	0.00023990380173155	0.000186950831931202
mpagomiscuentas_rank_lag2	3.11752401157753e-05	0.000223040473197854	0.000186950831931202
ctarjeta_master_transacciones_tend6	3.11407550388711e-05	0.000744879813578501	0.000373901663862404
mautoservicio_rank_tend6	3.10461281510724e-05	0.000343646552176969	0.000280426247896803
Visa_madelantopesos_rank_lag1	3.09467272877967e-05	0.000113754657768789	0.000280426247896803
vm_mconsumospesos_rank_lag1	3.08795455600773e-05	7.51606871151375e-05	0.000186950831931202
Master_fechaalta_delta2	3.05011784776274e-05	0.00030405640340698	0.000280426247896803
rf_001_013	3.0287724056064e-05	0.000165765942083633	0.000186950831931202
Master_cadelantosefectivo_lag2	2.86963379488202e-05	0.000109276932312104	0.000186950831931202
vm_mpagado_rank_delta1	2.8320379630688e-05	0.000744879813578501	0.000373901663862404
cpagomiscuentas_delta1	2.80734171355029e-05	0.000372439906789251	0.000186950831931202
rf_002_024	2.80724805464125e-05	0.000218210595604503	0.000186950831931202
Visa_fultimo_cierre_delta2	2.77623746037422e-05	0.000128716364764483	0.000280426247896803
rf_007_025	2.74756229632304e-05	0.000241122057771912	0.000186950831931202
vm_status03_lag2	2.72709851134569e-05	6.7570063671987e-05	9.3475415965601e-05
Visa_madelantopesos_rank_lag2	2.585925225317e-05	0.000120324357269782	0.000186950831931202
vmr_mpagospesos_delta1	2.58275184802886e-05	0.00039332474927285	0.000280426247896803
cseguro_accidentes_personales_lag1	2.51530311198269e-05	0.000342050129157412	0.000186950831931202
vmr_mconsumosdolares_lag2	2.51422519093146e-05	0.00030272901192967	0.000186950831931202
Master_cconsumos_delta2	2.47496841430099e-05	0.00016161181588767	0.000186950831931202
vmr_mpagado	2.46756888964151e-05	0.000558659860183876	0.000280426247896803
Visa_cadelantosefectivo_tend6	2.46087924222645e-05	0.000101402049126203	0.000186950831931202
vm_status01_tend6	2.35493300627746e-05	0.000343581197816471	0.000186950831931202
mautoservicio_rank_delta1	2.354861320133e-05	0.000518055767063628	0.000280426247896803
vm_mpagospesos_rank_delta1	2.34533954031123e-05	0.000263920577452246	0.000373901663862404
vm_status05	2.34526679476562e-05	0.000450049161643845	0.000280426247896803
ccallcenter_transacciones_delta2	2.34191798849451e-05	0.000744879813578501	0.000373901663862404
Master_mpagado_rank_tend6	2.33559799360652e-05	0.000107605002798379	0.000186950831931202
Visa_mpagado_rank_lag1	2.28737397480049e-05	0.000166396008879508	0.000186950831931202
Master_status_delta1	2.25641309391333e-05	0.000199405036998125	0.000186950831931202
mextraccion_autoservicio_rank	2.24455643319482e-05	0.000184998524812492	0.000186950831931202
rf_005_013	2.23902612377119e-05	0.000103957214269191	9.3475415965601e-05
vm_msaldototal_rank	2.23804966980785e-05	0.000117798379511094	0.000186950831931202
vm_status04_tend6	2.23444619527149e-05	0.000558659860183876	0.000280426247896803
rf_001_015	2.23034558693639e-05	0.00039917428179165	0.000280426247896803
Master_mconsumospesos_rank	2.21322382021537e-05	0.000232856317439728	0.000186950831931202
vmr_mconsumospesos_tend6	2.20796699323667e-05	0.000857371165213769	0.000467377079828005
cliente_edad_tend6	2.18849096250159e-05	3.78376366952597e-05	9.3475415965601e-05
cforex_sell_tend6	2.15977412867186e-05	0.000186219953394625	9.3475415965601e-05
ccheques_depositados_lag2	2.13913573869021e-05	0.000744879813578501	0.000373901663862404
ctransferencias_recibidas	2.12943631299047e-05	0.000711174095286802	0.000373901663862404
vmr_mconsumototal_delta1	2.11715873650037e-05	6.41297593746734e-05	9.3475415965601e-05
rf_014_030	2.06768674314006e-05	6.82464495777295e-05	9.3475415965601e-05
Master_mpagospesos_rank_lag2	2.06575659271956e-05	0.000182860866166669	0.000186950831931202
vmr_Visa_mlimitecompra_delta2	2.03882222094265e-05	0.000292354165827609	0.000186950831931202
rf_005_022	2.03111337076602e-05	0.000229513727428985	0.000280426247896803
mtarjeta_master_consumo_rank_tend6	1.99531959992688e-05	0.000186219953394625	9.3475415965601e-05
Master_madelantopesos_rank_delta1	1.98575736667602e-05	9.95702235071795e-05	9.3475415965601e-05
Master_mpagospesos_rank_delta2	1.96684972427625e-05	0.000293695516488715	0.000186950831931202
Visa_cadelantosefectivo_delta1	1.91893734597508e-05	0.000109950780184429	0.000280426247896803
Visa_msaldodolares_rank_tend6	1.89968867449783e-05	0.000170222094256269	0.000186950831931202
Master_cconsumos	1.89014743308456e-05	7.55858077125554e-05	9.3475415965601e-05
Visa_status_lag2	1.86379879243217e-05	0.000111740728252065	9.3475415965601e-05
ccajas_depositos_lag2	1.85239433905623e-05	0.000744879813578501	0.000373901663862404
catm_trx_tend6	1.83610082784884e-05	0.000519188364476152	0.000280426247896803
vm_mconsumototal_rank_delta1	1.82843143055576e-05	0.000142567682140055	0.000186950831931202
Master_madelantodolares_rank_tend6	1.82165236183626e-05	7.11036406973907e-05	0.000186950831931202
vm_mconsumosdolares_rank_lag1	1.81941051205529e-05	9.20709692670561e-05	9.3475415965601e-05
vm_status01_delta2	1.81481883205025e-05	0.000188369033190826	0.000186950831931202
Master_mpagado_rank	1.80704410281694e-05	0.000123479132807635	0.000186950831931202
cseguro_accidentes_personales_lag2	1.7394729667009e-05	0.000327677245914559	0.000186950831931202
Master_mpagado_rank_lag2	1.7257789120181e-05	0.000107585333039394	0.000186950831931202
Visa_madelantodolares_rank	1.69739386693361e-05	0.000128640858270314	0.000186950831931202
vm_mconsumosdolares_rank_delta1	1.68143508725243e-05	0.000372439906789251	0.000186950831931202
ccajas_transacciones_delta2	1.65995164828708e-05	0.000117500795092901	9.3475415965601e-05
matm_other_rank_lag2	1.63394786232744e-05	0.000330639765421043	0.000186950831931202
rf_018_019	1.62906814292093e-05	0.000112464702284385	9.3475415965601e-05
vm_mconsumospesos_rank_delta1	1.59521097700188e-05	0.000340407387027986	0.000186950831931202
vmr_mconsumosdolares_delta1	1.57960431087318e-05	0.00017266114437041	9.3475415965601e-05
Master_madelantopesos_rank_tend6	1.53278474409494e-05	4.32290541822153e-05	9.3475415965601e-05
rf_006_017	1.47821930695545e-05	0.000186219953394625	9.3475415965601e-05
rf_011_019	1.47712019788123e-05	0.000320902600215109	0.000186950831931202
rf_020_023	1.46796712889661e-05	3.84715105412605e-05	9.3475415965601e-05
Visa_status_delta1	1.4603863289293e-05	0.000219137612310215	0.000186950831931202
rf_003_028	1.45286336441735e-05	0.000350945936285471	0.000186950831931202
active_quarter_lag2	1.40809636774801e-05	3.94797443163308e-05	9.3475415965601e-05
Visa_madelantopesos_rank	1.40639816732367e-05	9.92212439122842e-05	0.000186950831931202
cforex_lag2	1.40612497915684e-05	0.000558659860183876	0.000280426247896803
matm_rank_delta2	1.39142986886179e-05	8.06840823397989e-05	9.3475415965601e-05
ctarjeta_visa_debitos_automaticos	1.38031639766829e-05	0.000266009378954784	0.000186950831931202
cseguro_vivienda_lag2	1.36397329079226e-05	0.000541647422186906	0.000280426247896803
vm_fultimo_cierre_delta2	1.33318513152958e-05	9.72542680137832e-05	0.000186950831931202
vmr_mconsumototal_delta2	1.32153627038471e-05	0.000220715000079142	0.000186950831931202
Visa_mpagado_rank_delta1	1.29481060063428e-05	0.00012982611987625	9.3475415965601e-05
Master_mconsumosdolares_rank_delta1	1.29155525708682e-05	7.95038968006984e-05	9.3475415965601e-05
vm_mpagado_rank_lag1	1.27268610626216e-05	0.000558659860183876	0.000280426247896803
ctransferencias_emitidas_delta2	1.22978059512399e-05	0.000372439906789251	0.000186950831931202
vmr_mpagado_tend6	1.21539934222879e-05	0.000372439906789251	0.000186950831931202
mpayroll_rank_delta2	1.20475930563794e-05	0.000558659860183876	0.000280426247896803
Master_mpagospesos_rank_delta1	1.19832301204597e-05	7.20807835630976e-05	9.3475415965601e-05
Master_mpagado_rank_delta1	1.16955846592742e-05	4.73102119174275e-05	9.3475415965601e-05
Visa_madelantodolares_rank_lag2	1.16069916495789e-05	7.47450841430348e-05	0.000186950831931202
ctarjeta_debito_transacciones	1.15796618465136e-05	0.000143220591236687	9.3475415965601e-05
mcuenta_debitos_automaticos_rank_lag1	1.01963915637806e-05	0.000141424298085507	9.3475415965601e-05
Master_mconsumototal_rank_delta1	9.80370922520336e-06	0.00013148409020618	9.3475415965601e-05
mtarjeta_visa_consumo_rank_lag1	9.70589667891055e-06	5.22746052819021e-05	9.3475415965601e-05
Master_madelantodolares_rank_lag2	9.49070719368656e-06	5.35264902650448e-05	9.3475415965601e-05
cseguro_vida_lag2	9.40476386397775e-06	0.000174143355886184	9.3475415965601e-05
vm_mconsumosdolares_rank_tend6	9.2443701375506e-06	0.000372439906789251	0.000186950831931202
mcuenta_debitos_automaticos_rank_tend6	9.2047030195415e-06	0.000372439906789251	0.000186950831931202
mtransferencias_recibidas_rank_delta1	9.07642307711187e-06	0.000340776670890221	0.000186950831931202
rf_020_021	8.95806462263408e-06	0.000372439906789251	0.000186950831931202
rf_006_014	8.92115430183883e-06	0.000100259934088364	9.3475415965601e-05
Visa_madelantopesos_rank_delta1	8.85560640611468e-06	3.47475810095502e-05	9.3475415965601e-05
vm_Fvencimiento_delta2	8.81792625381736e-06	7.10306722366399e-05	9.3475415965601e-05
ccomisiones_mantenimiento_lag2	8.72589332935206e-06	0.000186219953394625	9.3475415965601e-05
mpayroll_rank_lag1	8.6089946904214e-06	0.000372439906789251	0.000186950831931202
matm_rank_tend6	8.34381284968722e-06	4.47969243258268e-05	9.3475415965601e-05
rf_017_015	8.32238548050865e-06	0.000176315277983142	9.3475415965601e-05
ctarjeta_master_descuentos_delta2	8.31853789248146e-06	0.000148188157142933	9.3475415965601e-05
mcheques_depositados_rank_lag2	7.93590887844358e-06	0.000186219953394625	9.3475415965601e-05
mpagomiscuentas_rank_lag1	7.76072002640543e-06	0.000128081221901773	9.3475415965601e-05
mv_status07_rank_delta2	7.7326992583681e-06	0.000158182298232381	9.3475415965601e-05
cliente_edad_delta2	7.60240861179353e-06	0.000175414276119957	9.3475415965601e-05
vmr_mconsumospesos_delta1	7.44901517274076e-06	6.56481378666453e-05	9.3475415965601e-05
Master_cadelantosefectivo	7.36832176428464e-06	3.63522526377144e-05	9.3475415965601e-05
Master_madelantopesos_rank_lag1	7.33647081354339e-06	7.33466277300361e-05	0.000186950831931202
Visa_mpagosdolares_rank_delta1	7.22450060317511e-06	7.62234886086823e-05	9.3475415965601e-05
Visa_msaldodolares_rank_lag2	6.76953724812261e-06	8.17005647234758e-05	9.3475415965601e-05
rf_002_020	6.63189200334472e-06	0.000173255678698441	9.3475415965601e-05
Visa_cadelantosefectivo_lag1	6.46670154393445e-06	6.81747501336874e-05	9.3475415965601e-05
matm_rank	6.22550219100347e-06	3.84645309493626e-05	9.3475415965601e-05
rf_014_017	6.18571029908119e-06	0.000160757133134354	9.3475415965601e-05
Visa_msaldodolares_rank_delta1	6.17778283951547e-06	7.50604347951493e-05	9.3475415965601e-05
Master_mpagosdolares_rank_delta1	5.9422410810944e-06	4.12734994340928e-05	9.3475415965601e-05
cpagomiscuentas_lag2	5.66670967586977e-06	0.000186219953394625	9.3475415965601e-05
rf_013_021	5.62416020199204e-06	0.000111372713406539	9.3475415965601e-05
matm_rank_lag1	5.61658077532252e-06	0.000177847615658909	9.3475415965601e-05
ctarjeta_master_transacciones_lag2	5.19675226321262e-06	0.000186219953394625	9.3475415965601e-05
mv_status07_rank	5.18595186467738e-06	8.77049172807385e-05	9.3475415965601e-05
ctransferencias_emitidas_delta1	5.10932381004032e-06	0.000186219953394625	9.3475415965601e-05
mv_status07_rank_delta1	4.97659850267555e-06	0.000186219953394625	9.3475415965601e-05
cextraccion_autoservicio_lag1	4.95022059116176e-06	0.000186219953394625	9.3475415965601e-05
mextraccion_autoservicio_rank_lag1	4.92807479105541e-06	0.000186219953394625	9.3475415965601e-05
cprestamos_personales_lag1	4.79559471543824e-06	0.000186219953394625	9.3475415965601e-05
ccajas_extracciones_delta2	4.76657261712909e-06	0.000186219953394625	9.3475415965601e-05
ccajas_otras_delta2	4.53262741547761e-06	0.000186219953394625	9.3475415965601e-05
ctransferencias_emitidas	4.19693928926815e-06	0.000186219953394625	9.3475415965601e-05
ctransferencias_recibidas_delta1	4.19301401182331e-06	0.000186219953394625	9.3475415965601e-05
ccajas_depositos_delta2	4.01006759677419e-06	0.000186219953394625	9.3475415965601e-05
vmr_msaldodolares_tend6	3.61329871635491e-06	0.000186219953394625	9.3475415965601e-05
ctarjeta_debito_transacciones_lag1	3.47509748215885e-06	0.000186219953394625	9.3475415965601e-05
Master_cadelantosefectivo_lag1	3.31162639157738e-06	3.58516255461282e-05	9.3475415965601e-05
vm_fechaalta_delta2	3.27691785950481e-06	0.000172850227860008	9.3475415965601e-05
Master_cadelantosefectivo_delta1	4.7547027138962e-07	3.49290503988958e-05	9.3475415965601e-05
Visa_madelantodolares_rank_delta2	1.97433529585133e-07	3.41930207078438e-05	9.3475415965601e-05
Visa_cadelantosefectivo_delta2	8.33225824704303e-09	3.34975995514706e-05	9.3475415965601e-05
