Feature	Gain	Cover	Frequency
rf_018_027	0.127190429861265	0.0038569635311351	0.00372492836676218
rf_009_015	0.0976382029303827	0.00326544708429742	0.00329512893982808
ctarjeta_visa_transacciones	0.0583656380907836	0.00379170600369947	0.00229226361031519
rf_004_022	0.0570777807874484	0.00439911074609647	0.00458452722063037
mcaja_ahorro_rank	0.0385385825977864	0.00562022072813137	0.00372492836676218
mpasivos_margen_rank	0.0339773210666218	0.00371875102290692	0.00358166189111748
rf_008_022	0.0339302214632121	0.00136363572687641	0.00200573065902579
rf_013_026	0.0303392834872836	0.00648311963995121	0.00343839541547278
ctrx_quarter_normalizado	0.0223171021358473	0.00230087482825137	0.00200573065902579
ctrx_quarter	0.0201142147266265	0.00117091745647004	0.00100286532951289
vm_status01	0.0150998746084706	0.000305184495627139	0.000286532951289398
mpayroll_rank	0.0137795908460927	0.00170377936746467	0.00100286532951289
mpayroll_rank_lag1	0.0135027740013428	0.00172384776296474	0.000859598853868195
rf_003_018	0.011857571683642	0.00338049283254954	0.00358166189111748
cdescubierto_preacordado	0.0116443837516708	0.0165046831113371	0.00888252148997135
mcuentas_saldo_rank_lag2	0.0111013101287403	0.00568413807832604	0.00530085959885387
Visa_status_delta2	0.0105609633545529	0.000853888691713368	0.000716332378223496
mprestamos_personales_rank	0.0102583471083315	0.0154782561445754	0.00787965616045845
rf_016_022	0.00894364449001863	0.000796587059410871	0.000716332378223496
mcuentas_saldo_rank	0.00868963539260591	0.002763619723261	0.00200573065902579
mcuentas_saldo_rank_tend6	0.00840358483363268	0.00529701677123741	0.00501432664756447
ccomisiones_mantenimiento_tend6	0.00839968113452274	0.00213076825536991	0.00114613180515759
mcomisiones_mantenimiento_rank_tend6	0.00836160523906122	0.00167513736182852	0.00143266475644699
mprestamos_personales_rank_lag1	0.00766710678703711	0.00290572647916231	0.00157593123209169
mtarjeta_visa_consumo_rank	0.00706054514721091	0.00149990894283699	0.00114613180515759
cproductos_tend6	0.00654020426076246	0.00201115572345887	0.00100286532951289
ctarjeta_visa_transacciones_tend6	0.00626898276283813	0.00380449201899833	0.00257879656160458
cproductos_delta1	0.00613360449533419	0.0011492318419765	0.000573065902578797
rf_003_019	0.0059337674723745	0.000381561872062046	0.000286532951289398
foto_mes	0.00564367513892673	0.0111882783121544	0.0100286532951289
rf_017_021	0.00562481682263935	0.000705548006907448	0.000573065902578797
ctrx_quarter_normalizado_delta2	0.00557965843472683	0.00376486232208935	0.00372492836676218
mcuenta_corriente_rank_lag1	0.00531399175690679	0.00544329481656438	0.00401146131805158
rf_007_015	0.00517607312218485	0.00191442801504077	0.00186246418338109
vm_status04	0.0042416325731883	0.00231544448338442	0.00171919770773639
mcuentas_saldo_rank_delta2	0.00422308759388222	0.00551891546764701	0.00558739255014327
mpayroll_sobre_edad_rank	0.00405323137681339	0.00282325614206436	0.00171919770773639
vm_status05_delta2	0.00385282708168049	0.000287307960494124	0.000143266475644699
rf_010_015	0.00383295152913556	0.00186146213511241	0.00114613180515759
rf_010_020	0.00380005649827462	0.000208230650654866	0.000143266475644699
cproductos_delta2	0.00359042404208883	0.00143653980247062	0.000716332378223496
mprestamos_personales_rank_lag2	0.00354403197870875	0.00574525270577355	0.00343839541547278
mpasivos_margen_rank_lag1	0.00349323337971357	0.00190602278363766	0.00214899713467049
vm_status05_tend6	0.003225040019023	0.00201115572345887	0.00100286532951289
ctrx_quarter_tend6	0.00314655514131478	0.00244987825958185	0.00229226361031519
mactivos_margen_rank	0.00289603394641215	0.00565671779745009	0.00444126074498567
mcomisiones_rank_lag2	0.00289433782178233	0.00401192091277931	0.00644699140401146
rf_006_019	0.0027847547350768	0.0028977089104235	0.00401146131805158
rf_010_017	0.00272181203512189	0.000529284841865013	0.000429799426934097
cpayroll_trx	0.00267920516338349	0.00344769552592949	0.00171919770773639
Visa_mpagominimo_rank	0.00262133246144222	0.00567364964957542	0.00630372492836676
tcallcenter	0.00257373194295063	0.00207243481385487	0.00114613180515759
mrentabilidad_annual_rank	0.00254933188506608	0.00410197122969956	0.00401146131805158
internet_lag1	0.00254109681144814	0.00169962961485371	0.00143266475644699
rf_013_024	0.00250328865085093	0.00140588997833834	0.00157593123209169
ctrx_quarter_delta2	0.00246426051538895	0.00191694978025092	0.00186246418338109
Visa_delinquency	0.00236431070889426	0.00444437623582954	0.00329512893982808
ctarjeta_visa_transacciones_delta2	0.00232289488193587	0.00143459561547242	0.000859598853868195
mcuenta_corriente_rank	0.00228685481740741	0.00921826671525516	0.00744985673352436
ctrx_quarter_delta1	0.00220196297153706	0.00285210764217061	0.00186246418338109
thomebanking	0.00219295414709599	0.003808294245736	0.00558739255014327
rf_009_026	0.00216358402234449	0.000246120760305123	0.000143266475644699
Visa_mpagospesos_rank_tend6	0.0021319737141351	0.00294754999433058	0.00515759312320917
cliente_vip_delta1	0.00209569738925221	0.00142125845350691	0.000716332378223496
mrentabilidad_annual_rank_delta1	0.00204966323561294	0.00383724559834669	0.00573065902578797
mcuenta_corriente_rank_tend6	0.00200651082155588	0.00405957992578055	0.00372492836676218
ccomisiones_mantenimiento_delta2	0.00197867553818865	0.000287307960494124	0.000143266475644699
rf_003_021	0.00191960591450847	0.000467951909432306	0.000286532951289398
Visa_msaldototal_rank	0.00191799963909949	0.0026372270105093	0.00343839541547278
mrentabilidad_annual_rank_lag2	0.00183177359461353	0.00470633144965728	0.00644699140401146
Visa_Fvencimiento_tend6	0.00178618820216457	0.000606138965061312	0.000573065902578797
mcomisiones_otras_rank_tend6	0.00173083552623631	0.00188212768774687	0.00200573065902579
internet	0.00168623552199206	0.00208501622941423	0.00157593123209169
Master_fultimo_cierre_tend6	0.00164974214917569	0.00180895831775361	0.00286532951289398
Master_status	0.00161706203655356	0.000898995592174676	0.000716332378223496
mcuentas_saldo_rank_delta1	0.00156893702287421	0.00269355752825882	0.00257879656160458
vm_mpagominimo_rank	0.00153376294100298	0.00164799118586672	0.00128939828080229
mcuenta_corriente_rank_lag2	0.0015212068062216	0.00524577481542982	0.00472779369627507
mcuenta_debitos_automaticos_rank	0.00151486048404019	0.00288196745678247	0.00171919770773639
cdescubierto_preacordado_lag2	0.00135556245253605	0.00826817894602954	0.00472779369627507
mttarjeta_visa_debitos_automaticos_rank_tend6	0.0013161277151669	0.00389016448886119	0.00214899713467049
mcuenta_corriente_rank_delta2	0.00128432092206479	0.00268951154393678	0.00186246418338109
mactivos_margen_rank_delta2	0.00127576143521905	0.0048236826160266	0.00659025787965616
vm_fultimo_cierre_tend6	0.00125644942271263	0.000870810754377477	0.00114613180515759
ctarjeta_visa_debitos_automaticos_tend6	0.00125172425681137	0.000861923881482372	0.000429799426934097
cproductos	0.00123058913538451	0.00702779449379948	0.00372492836676218
mprestamos_personales_rank_tend6	0.00122294693915164	0.00374800682776154	0.00200573065902579
Visa_mpagominimo_rank_tend6	0.00122011293047497	0.00195816928566195	0.00229226361031519
ctrx_quarter_normalizado_delta1	0.00117840513064503	0.00187999554309325	0.00128939828080229
mcomisiones_rank_delta1	0.00113292446444391	0.00283973865791971	0.00315186246418338
mcomisiones_otras_rank_lag1	0.00111364212471487	0.00271828864413776	0.00386819484240688
mactivos_margen_rank_lag1	0.00110355554851745	0.0025828103324282	0.00200573065902579
Visa_cconsumos_tend6	0.00107902225891573	0.00284739107975503	0.00487106017191977
mcomisiones_rank_delta2	0.00104820080846498	0.00313782089943207	0.00501432664756447
Visa_mpagominimo_rank_lag1	0.00104206042038011	0.00313133342348187	0.00386819484240688
Visa_mconsumototal_rank_tend6	0.00103705942468245	0.00146899382430566	0.00272206303724928
mrentabilidad_annual_rank_delta2	0.000985472637664497	0.00415742656961605	0.00601719197707736
cliente_edad_lag2	0.000984332581499878	0.00303007808924973	0.00358166189111748
mrentabilidad_annual_rank_lag1	0.000965165667976376	0.00201657321129777	0.00329512893982808
rf_012_027	0.000960150139359375	0.00254479883345882	0.00401146131805158
Master_Fvencimiento_tend6	0.000941550490101096	0.000695870145545803	0.00100286532951289
mcuenta_debitos_automaticos_rank_lag2	0.000937584267740095	0.00150858142653139	0.00100286532951289
mcuentas_saldo_rank_lag1	0.000914199661542041	0.00428765675116581	0.00315186246418338
cliente_edad_lag1	0.000914048353025068	0.00411819334588647	0.00372492836676218
rf_020_025	0.000910219259705175	0.0012281329415138	0.00186246418338109
mpagomiscuentas_rank	0.000895603546718567	0.0027937223165111	0.00157593123209169
rf_009_025	0.000895482351410401	0.00281704374997443	0.00272206303724928
Master_mfinanciacion_limite_rank_tend6	0.000886763642694048	0.00401489495109781	0.00601719197707736
vm_fechaalta	0.000882809647498415	0.00316208310011859	0.00372492836676218
mtarjeta_visa_consumo_rank_delta2	0.000877749210251734	0.00214374418621642	0.00200573065902579
rf_001_022	0.000863612938074439	0.00146870209836132	0.00243553008595989
mrentabilidad_rank_lag2	0.000856425259503671	0.00294146290734427	0.00472779369627507
mcaja_ahorro_dolares_rank	0.000855430241639078	0.00513985382398044	0.00343839541547278
thomebanking_lag2	0.000851019980033516	0.00314562897370078	0.00558739255014327
Master_delinquency	0.000823284410788871	0.0038859021574462	0.00300859598853868
cprestamos_personales_tend6	0.000809943644660752	0.00229846368395299	0.00114613180515759
cliente_edad	0.000802656780162058	0.00318976965433971	0.00272206303724928
Visa_fechaalta	0.000800696216215349	0.00449874200871229	0.00544412607449857
mprestamos_personales_rank_delta2	0.000800430753142501	0.00363882692467217	0.00229226361031519
mcomisiones_otras_rank_lag2	0.000798559707488976	0.00375741645788577	0.00558739255014327
mrentabilidad_rank	0.000798255932153307	0.00347743786700672	0.00372492836676218
ccajas_consultas_tend6	0.000786422141389468	0.00312579748316222	0.00157593123209169
internet_tend6	0.000776030861325862	0.00300127162066509	0.00171919770773639
vm_mpagominimo_rank_delta2	0.000762197120842057	0.00170431778783175	0.00143266475644699
rf_010_019	0.00075453170365808	0.00223211365264527	0.00257879656160458
mcomisiones_mantenimiento_rank_lag2	0.000748059050803876	0.00372786696919456	0.00372492836676218
mpasivos_margen_rank_delta1	0.000748031081760274	0.0029190137148756	0.00401146131805158
mpasivos_margen_rank_lag2	0.000738446886699245	0.00334822383153155	0.00458452722063037
mprestamos_personales_rank_delta1	0.000737630557029871	0.00373837008213702	0.00214899713467049
Visa_fechaalta_lag1	0.000733504822704551	0.00200248813449508	0.00300859598853868
Visa_mconsumototal_rank	0.000724136129206851	0.00268375729863193	0.00444126074498567
ccallcenter_transacciones_tend6	0.000721082852124838	0.00157296964981072	0.00100286532951289
mrentabilidad_rank_delta2	0.000717800571070857	0.00363608098080009	0.00530085959885387
mtransferencias_recibidas_rank	0.000710655130259092	0.00392301498387563	0.00272206303724928
Visa_mconsumosdolares_rank_lag2	0.000710125428534751	0.00311583670637133	0.00372492836676218
vmr_msaldopesos2_tend6	0.000683501863205982	0.00381206416725165	0.00243553008595989
vm_fechaalta_lag2	0.000678641271338377	0.00279649371298236	0.00343839541547278
mactivos_margen_rank_delta1	0.000676202220594185	0.00336205731918089	0.00487106017191977
tcallcenter_delta2	0.000674474389074729	0.00206604425357075	0.00143266475644699
Visa_msaldopesos_rank	0.000669185992425448	0.00170029040348603	0.00243553008595989
mcomisiones_rank_tend6	0.000668136151940396	0.00251731394213882	0.00286532951289398
rf_017_018	0.000663823204380681	0.000882624676177227	0.000716332378223496
internet_lag2	0.000648748452005848	0.00056386415573082	0.000573065902578797
mrentabilidad_rank_lag1	0.000647871092378618	0.00172079834579486	0.00243553008595989
rf_017_016	0.000647313837878789	0.0023124381398439	0.00214899713467049
chomebanking_transacciones_delta1	0.000641640479113599	0.00380027667699719	0.00286532951289398
Visa_mlimitecompra_rank	0.000640677188121431	0.0019932145778818	0.00300859598853868
Visa_mconsumosdolares_rank_delta2	0.000636818004335084	0.000992231399775765	0.00229226361031519
vm_mpagospesos_rank_tend6	0.000616275163349446	0.000775756064881796	0.00100286532951289
Master_fechaalta	0.000615653842660694	0.00310268456522287	0.00358166189111748
Visa_mconsumospesos_rank_delta2	0.000614105147456221	0.00111603577898101	0.00229226361031519
Master_mlimitecompra_rank_tend6	0.000611404784677996	0.00290706959324163	0.00415472779369628
Visa_msaldopesos_rank_lag2	0.000609051762713993	0.00259109319556606	0.00343839541547278
Visa_fechaalta_tend6	0.000605710971881579	0.00212162000386024	0.00157593123209169
rf_004_019	0.0005866291356526	0.00116951756351564	0.00214899713467049
Visa_mpagominimo_rank_lag2	0.000585632609557468	0.00216866228080465	0.00257879656160458
Master_mpagominimo_rank	0.000584715918634286	0.000970154206833442	0.00143266475644699
thomebanking_lag1	0.000577415068185959	0.00236866097352	0.00415472779369628
chomebanking_transacciones_delta2	0.000574234716750042	0.00273696399930629	0.00286532951289398
Visa_mpagospesos_rank	0.0005726591926812	0.00211301310955601	0.00300859598853868
Visa_mconsumototal_rank_lag1	0.000571721792034926	0.00262011503229753	0.00386819484240688
Master_msaldopesos_rank_lag2	0.00056959688324011	0.00080628743653332	0.00100286532951289
Visa_msaldototal_rank_lag2	0.000565225023747424	0.00181733222288081	0.00229226361031519
Visa_Fvencimiento	0.000555854737365188	0.00226176495173315	0.00272206303724928
vm_mpagominimo_rank_lag1	0.000554270512057138	0.00406668903251819	0.00300859598853868
Master_msaldopesos_rank	0.000554126260987114	0.00238157718865307	0.00200573065902579
mrentabilidad_rank_tend6	0.000546921328157934	0.00346041007816144	0.00343839541547278
Master_fechaalta_lag2	0.000535288324483674	0.00274122828861353	0.00401146131805158
Visa_mfinanciacion_limite_rank	0.00053221081587459	0.00284101226682437	0.00343839541547278
Visa_mpagospesos_rank_lag2	0.000532187728168412	0.00319316170265229	0.00530085959885387
rf_016_020	0.000531780819919068	0.00170397711458131	0.00243553008595989
Visa_mconsumosdolares_rank	0.000529515468303389	0.00106430239222019	0.00200573065902579
Visa_msaldopesos_rank_delta2	0.000525310380205365	0.00109721651873255	0.00171919770773639
Visa_mconsumospesos_rank	0.000522503601833688	0.00212377760111303	0.00358166189111748
vmr_msaldototal	0.000520456197329051	0.000429262000800412	0.000573065902578797
vm_cconsumos_lag2	0.000515408129505855	0.00180853149724444	0.00114613180515759
Master_mfinanciacion_limite_rank_lag2	0.000513815158421202	0.00228673395151973	0.00386819484240688
Visa_fechaalta_lag2	0.000513455942996129	0.00142406607098467	0.00229226361031519
mtransferencias_emitidas_rank	0.000513292044277059	0.00228584311054875	0.00214899713467049
ctrx_quarter_normalizado_tend6	0.000512309057988795	0.00320654976981614	0.00272206303724928
ctarjeta_master	0.000509604177218782	0.00111358743473	0.000859598853868195
chomebanking_transacciones_lag2	0.000507512055853364	0.0029351281469891	0.00358166189111748
Master_mlimitecompra_rank_lag2	0.000503392538750436	0.00204541394299667	0.00343839541547278
mpayroll_rank_lag2	0.000502051969145844	0.00358187281824297	0.00186246418338109
mactivos_margen_rank_lag2	0.00050086708348642	0.00319343384967419	0.00458452722063037
Master_mfinanciacion_limite_rank	0.000499769867516321	0.00336426386373978	0.00401146131805158
Master_fechaalta_lag1	0.000499509760243486	0.00185225220999706	0.00315186246418338
mcomisiones_rank_lag1	0.000494243051272781	0.00147372996564368	0.00257879656160458
mrentabilidad_rank_delta1	0.000487983695628068	0.00160511628256347	0.00214899713467049
Visa_mlimitecompra_rank_lag2	0.000484640928126195	0.00256878986606957	0.00358166189111748
mcaja_ahorro_dolares_rank_delta2	0.000482757736450067	0.00318846080337466	0.00186246418338109
Visa_Fvencimiento_lag2	0.000481785601689421	0.0018675570536677	0.00300859598853868
mrentabilidad_annual_rank_tend6	0.000474812700002031	0.00337470726096879	0.00386819484240688
Visa_mfinanciacion_limite_rank_lag2	0.000471443159650759	0.00200824042190769	0.00272206303724928
Visa_delinquency_lag1	0.000466872785299297	0.00224212435568838	0.00128939828080229
cliente_antiguedad_lag1	0.000462922317423332	0.00230895994427259	0.00229226361031519
vm_fechaalta_tend6	0.000452848264855309	0.00117458360969676	0.000716332378223496
Visa_mconsumospesos_rank_tend6	0.000450988053375745	0.0018615375139638	0.00315186246418338
Visa_mpagominimo_rank_delta2	0.000449318810769597	0.00186411899488739	0.00214899713467049
Visa_cconsumos	0.000446748386247933	0.00265781718429238	0.00401146131805158
vmr_mpagominimo_lag2	0.000446157796360495	0.0026637799451212	0.00214899713467049
vm_msaldopesos_rank_lag2	0.000445048556282729	0.00136022801542588	0.000859598853868195
Visa_cconsumos_delta1	0.00044367136958209	0.00104682918288942	0.00143266475644699
rf_020_016	0.000442899769733823	0.00155628155526976	0.00100286532951289
Visa_mconsumospesos_rank_delta1	0.000438953229089063	0.00174678349165602	0.00329512893982808
Visa_cconsumos_lag1	0.000436046325407765	0.00180193437932858	0.00300859598853868
vmr_msaldopesos	0.000432834222654654	0.00101699090509224	0.00100286532951289
vm_mlimitecompra_rank_tend6	0.000432636553072766	0.005120063449179	0.00372492836676218
Master_fechaalta_tend6	0.000429834458486206	0.00181543992002707	0.00229226361031519
vm_fechaalta_lag1	0.000426500732624321	0.00209328832414475	0.00315186246418338
cliente_antiguedad_lag2	0.000423326976566763	0.00313388553602181	0.00343839541547278
mcomisiones_otras_rank_delta1	0.000419582006145146	0.0022579725144567	0.00329512893982808
mttarjeta_visa_debitos_automaticos_rank_delta2	0.000414386862504832	0.000848717898297203	0.000573065902578797
Visa_msaldopesos_rank_tend6	0.000407788720740056	0.00155747880637691	0.00157593123209169
mcomisiones_otras_rank	0.000405809543567817	0.00167769045331458	0.00229226361031519
mcaja_ahorro_rank_tend6	0.000405051005532004	0.00391834932665839	0.00300859598853868
vm_mpagominimo_rank_lag2	0.000404110405662082	0.00196801356786432	0.00186246418338109
Visa_mfinanciacion_limite_rank_delta2	0.000403471998238121	0.0024100664786942	0.00329512893982808
cliente_antiguedad	0.000402667636194652	0.00116813137580695	0.00143266475644699
chomebanking_transacciones	0.000398682360396353	0.00303377165296786	0.00257879656160458
mcaja_ahorro_rank_delta2	0.000397699730407235	0.00228740257172103	0.00214899713467049
Visa_status	0.000396421512713802	0.000672655417209769	0.000716332378223496
Visa_cconsumos_lag2	0.00039383202300268	0.00127825498295788	0.00186246418338109
Visa_mconsumospesos_rank_lag1	0.000393797869027669	0.00167277222799788	0.00286532951289398
Master_msaldototal_rank	0.000392221916169719	0.00127100001324808	0.00128939828080229
numero_de_cliente	0.000383231342504365	0.00309066604368363	0.00257879656160458
Visa_msaldototal_rank_delta1	0.000378584001167107	0.00123223864154928	0.00171919770773639
rf_005_019	0.000378318888462408	0.00126805044858263	0.00171919770773639
mtransferencias_recibidas_rank_lag1	0.000377721961744141	0.00218839000305428	0.00200573065902579
rf_002_015	0.000375981606924782	0.00183804378598301	0.00272206303724928
Master_mfinanciacion_limite_rank_delta2	0.000366676170693931	0.00194992655931509	0.00315186246418338
mcaja_ahorro_rank_delta1	0.000366390006684653	0.00198176188720106	0.00200573065902579
mautoservicio_rank_delta2	0.00036568999089335	0.00135816929173141	0.00100286532951289
vmr_mpagominimo_delta1	0.000365525320060081	0.000946252258319796	0.000573065902578797
cproductos_lag1	0.000357308792889038	0.00115236251167451	0.000859598853868195
cmobile_app_trx_lag2	0.00035528348354443	0.00260245386531135	0.00229226361031519
mcomisiones_otras_rank_delta2	0.000352723866335626	0.00261609841635915	0.00343839541547278
vmr_msaldototal_delta2	0.000352663664252949	0.00109311081869708	0.000859598853868195
vm_Fvencimiento_lag2	0.000352192818226943	0.001808511918322	0.00286532951289398
Visa_Fvencimiento_lag1	0.000351216870933638	0.00194511406017956	0.00300859598853868
Visa_msaldototal_rank_lag1	0.000348076736049873	0.00145233901393285	0.00214899713467049
Master_msaldopesos_rank_lag1	0.000343098984587975	0.00134829074641477	0.00143266475644699
vmr_mpagominimo	0.000342541049121838	0.00105059616756671	0.00114613180515759
rf_010_013	0.000338966345044626	0.00123182552628582	0.00143266475644699
ccomisiones_otras_lag2	0.00033888281046829	0.00208416160944976	0.00200573065902579
Visa_msaldototal_rank_delta2	0.000338783062303827	0.00090296913448369	0.00128939828080229
ccomisiones_mantenimiento_delta1	0.000337051663729083	0.00344769552592949	0.00171919770773639
mpasivos_margen_rank_delta2	0.000336662424934104	0.00184812693103914	0.00300859598853868
Visa_mpagospesos_rank_lag1	0.000334362686103444	0.00174649763938841	0.00343839541547278
Master_Fvencimiento_lag1	0.000332250535816492	0.00195981097830847	0.00358166189111748
Visa_mconsumototal_rank_delta1	0.000330665458614098	0.00199360909316895	0.00300859598853868
Master_mlimitecompra_rank_delta2	0.000330081864172726	0.00187338569887782	0.00286532951289398
Visa_msaldopesos_rank_delta1	0.000326462257616497	0.00171393005980322	0.00229226361031519
Visa_mlimitecompra_rank_tend6	0.000323302438193432	0.00361935470736037	0.00343839541547278
mtarjeta_visa_consumo_rank_tend6	0.00032278147787982	0.00270729703708045	0.00200573065902579
vm_mfinanciacion_limite_rank_delta2	0.000321897882797874	0.00224987467213589	0.00229226361031519
Visa_fultimo_cierre_delta1	0.000318207199614414	0.000979769415643281	0.000859598853868195
mcaja_ahorro_rank_lag2	0.00031775659314528	0.00144044971328171	0.00143266475644699
Visa_mpagospesos_rank_delta2	0.000316084838086653	0.00158720058958557	0.00315186246418338
vm_Fvencimiento_tend6	0.000315646364306533	0.000934367852399265	0.00100286532951289
vmr_mconsumototal_delta2	0.000313977087871737	0.000801855747439231	0.000716332378223496
mpagomiscuentas_rank_tend6	0.000313410104779699	0.00157976843062769	0.000859598853868195
cmobile_app_trx_delta2	0.000311224781972036	0.00112279735984535	0.00100286532951289
rf_011_021	0.000309394818988414	0.00148568877146948	0.00186246418338109
Master_mpagominimo_rank_lag1	0.000308882050946613	0.00117236727567665	0.000859598853868195
vmr_Master_mlimitecompra_tend6	0.00030624099517165	0.00132166928557433	0.000859598853868195
Visa_mpagominimo_rank_delta1	0.000301207380309176	0.00228598114195195	0.00229226361031519
mtransferencias_recibidas_rank_delta2	0.000299983205639612	0.00176100268407741	0.00128939828080229
Master_delinquency_lag1	0.000299383653466728	0.000915831507580053	0.000716332378223496
chomebanking_transacciones_lag1	0.000298777661549236	0.00153905210352335	0.00214899713467049
rf_011_016	0.000298753205632783	0.00121978057320129	0.00114613180515759
Visa_mconsumospesos_rank_lag2	0.000296730937681407	0.00124938096709083	0.00214899713467049
thomebanking_tend6	0.000296370982954827	0.00232686388989702	0.00128939828080229
vmr_msaldototal_lag2	0.000295561626380447	0.0017258389393768	0.00186246418338109
Master_cconsumos_tend6	0.000294726868884111	0.000824287318877701	0.000859598853868195
Visa_msaldototal_rank_tend6	0.000293787785152724	0.00166442867020046	0.00272206303724928
Visa_mlimitecompra_rank_delta2	0.000288768868838175	0.00180572387976667	0.00286532951289398
Visa_mfinanciacion_limite_rank_tend6	0.000287496944591427	0.00288829536451478	0.00315186246418338
Visa_fultimo_cierre_tend6	0.000285109216191038	0.0013891402101917	0.00157593123209169
Master_mconsumospesos_rank_lag2	0.000284865787869917	0.00105463236242752	0.000859598853868195
Master_delinquency_delta2	0.000284823814864025	0.0016813340907805	0.00143266475644699
ccajas_transacciones	0.000284488178432803	0.00134656878018625	0.000859598853868195
Visa_mlimitecompra_rank_delta1	0.00028374502650122	0.00210370822666683	0.00329512893982808
mcomisiones_mantenimiento_rank	0.000283538099951207	0.00240144881598263	0.00200573065902579
Master_status_delta1	0.000282107152058884	0.000581738732971591	0.000573065902578797
mpayroll_sobre_edad_rank_lag2	0.0002807681486768	0.00282351947857116	0.00143266475644699
mtransferencias_recibidas_rank_tend6	0.000275472526755324	0.00109711079255138	0.00143266475644699
rf_012_016	0.000273418772789031	0.00140821889116247	0.00143266475644699
Visa_delinquency_delta2	0.000272821072844505	0.00121626517767735	0.000859598853868195
Master_Fvencimiento_lag2	0.000271842158734763	0.00178687133535007	0.00257879656160458
Master_mlimitecompra_rank_delta1	0.000271607575506984	0.00169151219361046	0.00300859598853868
Visa_mpagospesos_rank_delta1	0.000271384791750365	0.00155444603129109	0.00300859598853868
rf_011_024	0.000269655985378215	0.00126900198421317	0.00114613180515759
vmr_msaldopesos_lag2	0.000263290192832395	0.000724074562265441	0.00114613180515759
rf_007_018	0.000263148230687833	0.00157931419962711	0.00114613180515759
vm_cconsumos_tend6	0.000263001496507117	0.000287307960494124	0.000143266475644699
mcomisiones_rank	0.000262251808177643	0.00170913518169789	0.00272206303724928
mcaja_ahorro_rank_lag1	0.000260121305134773	0.00120796567245541	0.00128939828080229
vm_mlimitecompra_rank	0.000259151903465355	0.000977671534103932	0.00143266475644699
rf_014_025	0.000259055826148625	0.00189210314872959	0.00229226361031519
Visa_Fvencimiento_delta1	0.00025900510997467	0.000535762528353988	0.000573065902578797
Visa_mconsumototal_rank_delta2	0.000258343010387397	0.00133352725994957	0.00200573065902579
mcuenta_debitos_automaticos_rank_delta2	0.000258120027750174	0.00168188915323164	0.000859598853868195
Master_mlimitecompra_rank_lag1	0.000253967031556526	0.00144993276436508	0.00257879656160458
Visa_madelantodolares_rank_delta2	0.000253887975473185	0.000107331652811115	0.000286532951289398
mpayroll_sobre_edad_rank_tend6	0.000250376637727265	0.00122212025443276	0.000716332378223496
vmr_mpagominimo_delta2	0.000243530633013038	0.00101856896624083	0.000573065902578797
rf_015_025	0.000242570960375162	0.000490591996394753	0.00114613180515759
ctrx_quarter_normalizado_lag2	0.000242103922488483	0.0014840177104393	0.00157593123209169
mtarjeta_visa_consumo_rank_lag2	0.000241731212713788	0.00232701562654592	0.00229226361031519
ccomisiones_otras_tend6	0.000241121454173946	0.00119757415937086	0.00128939828080229
Master_mfinanciacion_limite_rank_delta1	0.000240996361322166	0.00164856974302479	0.00257879656160458
Visa_mpagosdolares_rank_tend6	0.000239779344899898	0.000670139525676346	0.00128939828080229
rf_012_028	0.000239059487314646	0.000108245009542899	0.000143266475644699
vm_Fvencimiento_lag1	0.000238168895853051	0.00195738612876438	0.00229226361031519
mcuenta_corriente_rank_delta1	0.000237140839699859	0.00260819146853212	0.00171919770773639
Visa_mfinanciacion_limite_rank_delta1	0.000236180173290506	0.00181874680002704	0.00300859598853868
Visa_mconsumototal_rank_lag2	0.000232417388955022	0.00153211039657257	0.00257879656160458
mpagomiscuentas_rank_lag1	0.000232099016996707	7.01199528233725e-05	0.000143266475644699
Master_mfinanciacion_limite_rank_lag1	0.000231153665739288	0.00110942495581945	0.00186246418338109
Visa_delinquency_tend6	0.00023056408950315	0.00102978083617558	0.000716332378223496
vm_mconsumospesos_rank_lag1	0.000229944492318157	0.000701334622798555	0.000716332378223496
vm_msaldototal_rank_delta2	0.00022805975418951	0.00131797278501783	0.00128939828080229
ctarjeta_debito_transacciones_lag2	0.000227940436151688	0.0016027100329957	0.00114613180515759
Visa_fultimo_cierre_lag2	0.000227206503405582	0.00119587862468764	0.00143266475644699
rf_007_026	0.000224158876037426	0.000903148281624007	0.00114613180515759
Master_mpagospesos_rank_tend6	0.000223045571689134	0.00155556692460073	0.00128939828080229
mpasivos_margen_rank_tend6	0.000220398698265235	0.0023298996018212	0.00214899713467049
vm_msaldopesos_rank_delta2	0.000219328424397613	0.00180289472547422	0.00143266475644699
mcaja_ahorro_dolares_rank_delta1	0.00021877116374712	0.00061851284404282	0.000429799426934097
ctrx_quarter_lag2	0.000218326770845848	0.00137206445298644	0.00114613180515759
mactivos_margen_rank_tend6	0.000215321741654589	0.00133788357019227	0.00128939828080229
cdescubierto_preacordado_lag1	0.000214365160164418	0.00333029834909244	0.00186246418338109
Master_msaldopesos_rank_delta2	0.000213718254912475	0.0014320846186696	0.00143266475644699
cseguro_accidentes_personales_lag2	0.00021309964754496	0.000355946767834979	0.000286532951289398
Master_Fvencimiento	0.000212653336350614	0.0013607057411334	0.00214899713467049
Master_mlimitecompra_rank	0.000210756155814271	0.00115489896107649	0.00200573065902579
Visa_msaldopesos_rank_lag1	0.000210335984884574	0.00118039071809219	0.00157593123209169
rf_015_029	0.000208102244054413	0.000472850555826568	0.000859598853868195
ccajas_transacciones_tend6	0.000207204746715789	0.00229846368395299	0.00114613180515759
mtransferencias_emitidas_rank_lag1	0.000203505635366102	0.000519603064718881	0.000716332378223496
vmr_Visa_mlimitecompra	0.000202456021137598	0.00131400609533167	0.00157593123209169
vmr_mpagominimo_tend6	0.000202053999717341	0.000351590457592281	0.000286532951289398
mtransferencias_recibidas_rank_lag2	0.000200474967134347	0.00142599459484492	0.00171919770773639
Master_mconsumosdolares_rank_tend6	0.000199916380576553	0.000996192215785193	0.00143266475644699
vmr_Master_mlimitecompra	0.000199179699801894	0.000659928138678236	0.00114613180515759
Visa_fechaalta_delta1	0.000198737199108292	0.000355865515306857	0.000716332378223496
Master_cconsumos_delta2	0.000197508264923568	0.00048879758815321	0.000573065902578797
cmobile_app_trx_tend6	0.000196649826494372	0.00242050987592321	0.00171919770773639
vm_msaldototal_rank_lag2	0.000195037673467489	0.000874832265046467	0.00114613180515759
vm_mfinanciacion_limite_rank	0.000191849778462545	0.000537573578679604	0.000859598853868195
mcomisiones_mantenimiento_rank_lag1	0.000190931594685484	0.0014899745975914	0.00114613180515759
vm_cconsumos_delta2	0.000189973116154978	0.000287307960494124	0.000143266475644699
tcallcenter_tend6	0.000184025525667559	0.00190537570025105	0.00114613180515759
vmr_msaldopesos2_lag2	0.000183903682343067	0.0016086003518115	0.00143266475644699
rf_018_025	0.000183834747025375	0.000806777888540419	0.000573065902578797
mextraccion_autoservicio_rank_lag2	0.000183706569835552	0.000961088186798019	0.00114613180515759
vm_mconsumospesos_rank_lag2	0.000181566714489275	0.000205159696670294	0.000286532951289398
vmr_msaldopesos_tend6	0.00018007799605138	0.00144191519562627	0.00114613180515759
ccomisiones_otras_delta2	0.000180004063319653	0.00116233895160335	0.00128939828080229
Master_Fvencimiento_delta1	0.000178536649901203	0.000435892402884411	0.000429799426934097
Master_msaldopesos_rank_tend6	0.000176781305036405	0.000809959463436772	0.00114613180515759
Master_mconsumospesos_rank_tend6	0.000176597662921129	0.0009481474980119	0.00100286532951289
vm_status03	0.000172583637164639	0.00116417251768977	0.00100286532951289
rf_015_015	0.000170410321330653	0.000733005487736034	0.00114613180515759
mpayroll_sobre_edad_rank_delta2	0.000169445505420152	0.000238648464556243	0.000286532951289398
rf_008_018	0.000168220438245392	0.00229846368395299	0.00114613180515759
cmobile_app_trx_lag1	0.00016779583422503	0.000377283877509104	0.000286532951289398
vm_Fvencimiento	0.000167263285182855	0.00100747946457133	0.00114613180515759
vm_msaldopesos_rank_tend6	0.000166771678471116	0.000890907539315086	0.000859598853868195
vm_mlimitecompra_rank_delta2	0.000166082614375378	0.00134038575647998	0.00171919770773639
cpayroll_trx_tend6	0.000166026038815843	0.00153030032519308	0.000859598853868195
vm_fultimo_cierre	0.000164787174824349	0.000730832227345294	0.00114613180515759
ctrx_quarter_lag1	0.00016379869379698	0.000713944427795453	0.000859598853868195
Visa_fultimo_cierre	0.00016201227182655	0.00103510042940228	0.00128939828080229
vm_fultimo_cierre_lag2	0.000160238159749971	0.00113866901332061	0.00157593123209169
rf_006_013	0.000159710586814175	0.000195446593248259	0.000143266475644699
vm_mfinanciacion_limite_rank_tend6	0.000159078300810532	0.000832118887853339	0.00128939828080229
Master_fultimo_cierre_lag1	0.000158250197892692	0.00157700486572542	0.00186246418338109
mcomisiones_mantenimiento_rank_delta1	0.000157557736873409	0.00163277248945481	0.00128939828080229
Visa_mlimitecompra_rank_lag1	0.000157435794698969	0.000954275700735336	0.00171919770773639
ccajas_extracciones_tend6	0.000156450207119409	0.00229846368395299	0.00114613180515759
mtarjeta_visa_consumo_rank_delta1	0.000156286146080486	0.000622702733444786	0.000429799426934097
vm_msaldototal_rank	0.000155013072538344	0.000891261917811233	0.00114613180515759
ctransferencias_emitidas_tend6	0.000153684017415021	0.000954184658745995	0.000573065902578797
ctarjeta_visa_transacciones_lag2	0.000152763885195652	0.000538134514807484	0.000716332378223496
mttarjeta_visa_debitos_automaticos_rank	0.000151516669481891	0.000943416251404493	0.000859598853868195
Visa_mconsumosdolares_rank_tend6	0.000150716436208538	0.000896541374246935	0.00171919770773639
vm_status01_lag2	0.000146854969201196	0.000206905157605739	0.000143266475644699
vmr_mpagospesos	0.000146186665351857	0.000654025093562849	0.000859598853868195
vmr_mconsumospesos	0.00014593974345391	0.000729166061045727	0.000859598853868195
cseguro_accidentes_personales	0.00014550251607553	0.00205560281423398	0.00114613180515759
Master_madelantodolares_rank_lag1	0.000143041269234529	0.000226406743301199	0.000429799426934097
mpagomiscuentas_rank_delta2	0.000142372107367642	0.00109212599889839	0.000573065902578797
vmr_msaldototal_lag1	0.000138237041826903	0.000622223049845028	0.000573065902578797
cproductos_lag2	0.000138017662599783	0.000610321022894303	0.000429799426934097
ccajas_consultas_delta2	0.000137388666322407	0.00258577164444712	0.00128939828080229
Master_madelantopesos_rank_tend6	0.000137263654088251	0.000683548150708759	0.00114613180515759
mttarjeta_visa_debitos_automaticos_rank_delta1	0.000136645669255742	0.00130374184524298	0.000859598853868195
vmr_msaldototal_tend6	0.000136080707974639	0.000791069719067534	0.000716332378223496
vmr_Visa_mlimitecompra_delta2	0.000134877005568626	0.000236410593721454	0.000143266475644699
Visa_mpagosdolares_rank	0.000134432761601275	0.000426257615152133	0.00100286532951289
vmr_mconsumototal_lag2	0.00013434950973579	0.00107204194026037	0.00114613180515759
vm_mconsumototal_rank_tend6	0.000134234335048452	0.000500398099698373	0.000716332378223496
matm_rank_lag2	0.000134216289001957	0.00222697614339725	0.00157593123209169
vmr_mpagospesos_lag1	0.000132917937551129	0.000426921340622818	0.000573065902578797
chomebanking_transacciones_tend6	0.000132614324109708	0.000684257886647177	0.000716332378223496
rf_013_021	0.000131135909351052	0.000376726857165712	0.000429799426934097
Visa_mpagado_rank	0.000129476944503491	0.000906219235608579	0.000573065902578797
vm_mfinanciacion_limite_rank_delta1	0.000129268495444614	0.00161047992836566	0.00157593123209169
vm_mfinanciacion_limite_rank_lag2	0.00012842965346843	0.000793745178818836	0.00128939828080229
vmr_Visa_mlimitecompra_tend6	0.000127357786139646	0.00183366691787175	0.00114613180515759
vm_mpagospesos_rank_delta2	0.000127298330312295	0.000992707167591035	0.00100286532951289
rf_007_021	0.000126566155337929	0.00045598429309141	0.000286532951289398
mtransferencias_emitidas_rank_lag2	0.000126285439937781	0.000895483133489102	0.000716332378223496
cpagomiscuentas_tend6	0.000125849741877929	0.000861923881482372	0.000429799426934097
Master_msaldototal_rank_lag1	0.000125134519889301	0.000283818017569356	0.000429799426934097
vm_cconsumos_lag1	0.000124866491989804	0.000875524379954689	0.000573065902578797
Master_fultimo_cierre_lag2	0.000124675867773206	0.00138110599936881	0.00157593123209169
Visa_mfinanciacion_limite_rank_lag1	0.000123557350517993	0.000746612838831204	0.00100286532951289
rf_011_017	0.000122013346402549	0.000459419415033349	0.000286532951289398
ccajas_transacciones_lag1	0.000121837211611319	0.00124274958606071	0.000859598853868195
rf_008_019	0.000121823589347118	0.000816071024076135	0.00100286532951289
mttarjeta_visa_debitos_automaticos_rank_lag1	0.000121788065174537	0.000835009715751471	0.000716332378223496
Master_fultimo_cierre_delta1	0.000121432744863017	0.000336559718835788	0.000573065902578797
vm_mpagospesos_rank	0.000121327687138351	0.000465735575412201	0.000286532951289398
rf_016_015	0.000121262005960945	0.0018989391294992	0.00114613180515759
Master_mconsumototal_rank_tend6	0.000120799196875038	0.000915030729652294	0.00100286532951289
vmr_Visa_mlimitecompra_lag1	0.000120234049097034	0.000762096829642162	0.00100286532951289
vm_mconsumototal_rank_lag1	0.000120098028054009	0.000148657863349434	0.000286532951289398
mtransferencias_emitidas_rank_delta2	0.000119957770961215	0.000591083752651771	0.000429799426934097
mforex_sell_rank_tend6	0.000119469015960641	0.00201115572345887	0.00100286532951289
Visa_cconsumos_delta2	0.000118637886477062	0.00117848177315438	0.00128939828080229
Master_fultimo_cierre	0.000118161407322022	0.000902631398071615	0.00114613180515759
Master_Fvencimiento_delta2	0.000117329166325695	0.000361818486674464	0.000429799426934097
rf_018_021	0.000115843970899943	0.000753127725272813	0.000573065902578797
Master_mconsumototal_rank_delta2	0.000115661888417179	0.000672702406623623	0.000429799426934097
mcaja_ahorro_dolares_rank_lag1	0.000113668656100343	0.000746407260145594	0.000573065902578797
ctrx_quarter_normalizado_lag1	0.000113630068595333	0.0011649987482167	0.000859598853868195
mpayroll_rank_tend6	0.000113430666723024	0.00113489028128986	0.000716332378223496
Master_mpagosdolares_rank	0.00011301881917861	0.000616932825001985	0.000716332378223496
rf_019_021	0.000110880802441365	0.00157204944045608	0.000859598853868195
vmr_Master_mlimitecompra_lag1	0.000109718436886913	0.000657949688565766	0.00100286532951289
mextraccion_autoservicio_rank_delta2	0.000108403054688388	0.00122007034125338	0.000859598853868195
Visa_mconsumosdolares_rank_delta1	0.000108249914536797	0.000887686806573855	0.00157593123209169
Master_mconsumosdolares_rank_lag2	0.000106631968079215	0.000419402055460084	0.000716332378223496
Master_delinquency_tend6	0.00010635300649681	0.000526258919402051	0.000429799426934097
Visa_madelantopesos_rank_tend6	0.00010629885781333	0.000276158743111182	0.000573065902578797
cseguro_accidentes_personales_lag1	0.000106179433456897	0.000398793281700693	0.000286532951289398
vm_cconsumos_delta1	0.000105938281759911	0.000287307960494124	0.000143266475644699
Visa_madelantodolares_rank_lag2	0.000105430180726193	0.000236465414704284	0.000429799426934097
vm_status02	0.000104402031434383	0.000917980294317743	0.000573065902578797
ctarjeta_debito_transacciones_tend6	0.000104065007589226	0.00101697719984654	0.000716332378223496
vmr_mconsumototal_lag1	0.000103013982222799	0.000669661799968832	0.000859598853868195
ccuenta_debitos_automaticos_tend6	0.000102903331787745	0.000861923881482372	0.000429799426934097
vmr_Master_mlimitecompra_lag2	0.000101168979576557	0.00129003072585888	0.00143266475644699
Visa_cadelantosefectivo_delta1	0.000100714246531397	0.000157268673438147	0.000286532951289398
mautoservicio_rank	9.90676361699958e-05	0.00159912317440486	0.000859598853868195
ctarjeta_debito_transacciones_delta2	9.7634014496414e-05	0.00072547151838147	0.000429799426934097
Visa_msaldodolares_rank	9.75617468371439e-05	0.000424994774654811	0.000286532951289398
rf_014_023	9.67840437734248e-05	0.00131746960671115	0.00100286532951289
Master_mpagominimo_rank_lag2	9.59297645107048e-05	0.000967883051830507	0.00100286532951289
rf_002_017	9.45888482722953e-05	0.000536634769348649	0.000716332378223496
vm_msaldopesos_rank	9.43370614192441e-05	0.000362892390570248	0.000716332378223496
vm_mpagado_rank_delta2	9.29732166059111e-05	0.00172384776296474	0.000859598853868195
ccallcenter_transacciones_delta1	9.21292058757827e-05	0.000287307960494124	0.000143266475644699
Visa_mconsumosdolares_rank_lag1	9.20021863836002e-05	0.000533403268200077	0.00114613180515759
Master_msaldototal_rank_lag2	9.08903704409408e-05	0.000590374995659475	0.000859598853868195
vmr_mpagominimo_lag1	8.92244390883826e-05	0.000423789691978685	0.000429799426934097
vmr_mconsumototal_tend6	8.8169504975347e-05	0.000970853174364518	0.000859598853868195
vm_msaldototal_rank_tend6	8.81474262903092e-05	0.000511395580432413	0.000573065902578797
Visa_mpagado_rank_tend6	8.79443515932681e-05	0.00128571846819167	0.00100286532951289
rf_018_019	8.72814849303983e-05	0.000208818018328039	0.000143266475644699
ctransferencias_recibidas_delta2	8.68665739162642e-05	0.00165715216367597	0.000859598853868195
vm_status02_delta1	8.65504943980758e-05	0.000457616196276708	0.000429799426934097
mcuenta_debitos_automaticos_rank_lag1	8.59592328801584e-05	5.55268029833935e-05	0.000143266475644699
vm_mpagominimo_rank_delta1	8.53319636212062e-05	0.000902112556626979	0.000716332378223496
mtransferencias_emitidas_rank_tend6	8.50174099068808e-05	0.000342769174087347	0.000429799426934097
ctransferencias_recibidas_lag2	8.4988168774282e-05	0.00165095935050848	0.000859598853868195
Visa_mpagosdolares_rank_delta2	8.44429309134574e-05	0.000364255083572009	0.000859598853868195
vm_mpagado_rank	8.43266763453551e-05	0.00143653980247062	0.000716332378223496
vmr_Visa_mlimitecompra_delta1	8.38092632072086e-05	0.000145697530276643	0.000143266475644699
rf_019_024	8.29637446858743e-05	0.000409129973802413	0.000573065902578797
rf_019_020	8.24781577162984e-05	0.000442015710877238	0.000286532951289398
Visa_fechaalta_delta2	8.0867882399093e-05	0.000241043945716666	0.000143266475644699
cmobile_app_trx	8.06904480605472e-05	0.00108011726682037	0.000573065902578797
mcomisiones_mantenimiento_rank_delta2	8.05571715314103e-05	0.00182781282006246	0.00100286532951289
Master_madelantodolares_rank_tend6	7.97223077164642e-05	0.000346668316491092	0.000573065902578797
vmr_msaldopesos2	7.6396376008224e-05	0.000545763441935877	0.000859598853868195
Master_msaldototal_rank_delta1	7.49588433913687e-05	0.000497314419414216	0.000573065902578797
vm_mlimitecompra_rank_delta1	7.26547758755819e-05	0.000550568109502431	0.00100286532951289
Master_msaldototal_rank_tend6	7.2502161221297e-05	0.000416698206271245	0.000573065902578797
ccomisiones_otras	7.21793089440091e-05	0.00110453511994029	0.000573065902578797
ctarjeta_debito_lag2	7.15902550749289e-05	0.00172384776296474	0.000859598853868195
rf_013_016	7.12563417081336e-05	0.000485503434452832	0.000573065902578797
vm_mfinanciacion_limite_rank_lag1	7.05888392023721e-05	0.000336498045230105	0.000429799426934097
vmr_mpagado_delta2	7.02880919701082e-05	0.0011492318419765	0.000573065902578797
rf_003_023	7.00352592846079e-05	0.000782047751607599	0.000429799426934097
ctarjeta_visa_transacciones_lag1	6.97688617502521e-05	0.00135323050854615	0.000859598853868195
mttarjeta_visa_debitos_automaticos_rank_lag2	6.8250649563224e-05	0.000493234171977909	0.000573065902578797
Master_mpagominimo_rank_tend6	6.76837993694492e-05	0.00101101541796383	0.00100286532951289
vm_status04_tend6	6.7485945487325e-05	0.000861923881482372	0.000429799426934097
mtarjeta_master_consumo_rank_delta2	6.73739102743336e-05	0.000840195193359465	0.000429799426934097
Master_fechaalta_delta1	6.70790158376538e-05	0.000237704760494679	0.000429799426934097
rf_017_020	6.65935211280293e-05	0.000312459044259385	0.000573065902578797
vmr_mconsumosdolares_delta2	6.64720182866912e-05	0.00197424749676893	0.00100286532951289
mcaja_ahorro_dolares_rank_tend6	6.61333399130722e-05	0.000853658639374709	0.000573065902578797
rf_006_017	6.59786182172304e-05	0.000574615920988248	0.000286532951289398
Visa_madelantodolares_rank_delta1	6.53417170193513e-05	0.000146931002390305	0.000143266475644699
vmr_msaldopesos2_lag1	6.47251696847518e-05	0.000703744788150807	0.000716332378223496
ccomisiones_otras_delta1	6.43215758913237e-05	0.000641623804089927	0.000573065902578797
vm_mconsumototal_rank_lag2	6.40116052999177e-05	0.000232225599050098	0.000429799426934097
vmr_mpagospesos_delta2	6.32539424156435e-05	0.000949010928491464	0.000716332378223496
vmr_msaldototal_delta1	6.18156453591909e-05	0.000180345370370986	0.000286532951289398
Master_madelantopesos_rank	6.11452002003126e-05	5.25605962338707e-05	0.000143266475644699
vm_mlimitecompra_rank_lag1	6.03116146799433e-05	0.000292588395875948	0.000573065902578797
Master_mconsumosdolares_rank_delta2	6.00799615293711e-05	9.05525162808114e-05	0.000143266475644699
vm_mconsumospesos_rank_delta2	5.98599399972559e-05	0.000230264769967823	0.000286532951289398
ctransferencias_recibidas_lag1	5.93238490516136e-05	0.00136255692825001	0.000716332378223496
ctarjeta_visa	5.91938688387405e-05	0.000352442140718381	0.000286532951289398
rf_001_015	5.9189987770118e-05	0.000752583431229006	0.000573065902578797
mcaja_ahorro_dolares_rank_lag2	5.87278567948546e-05	0.000627051212118509	0.000573065902578797
Master_msaldototal_rank_delta2	5.81919099504697e-05	0.000335972351162615	0.000429799426934097
vm_mlimitecompra_rank_lag2	5.81567738463092e-05	0.00035976857349509	0.000573065902578797
Visa_madelantodolares_rank_tend6	5.77034383197465e-05	0.000189315453686457	0.000286532951289398
mtarjeta_master_consumo_rank_lag2	5.68784331396079e-05	0.000476700750924216	0.000429799426934097
ccajas_transacciones_lag2	5.6815208273575e-05	0.000384145310877885	0.000573065902578797
rf_017_015	5.64474570319353e-05	0.000237437508203385	0.000286532951289398
rf_002_026	5.64334669086372e-05	0.000271762296077483	0.000429799426934097
Master_mpagosdolares_rank_lag2	5.62492512439964e-05	0.000418736372097155	0.000573065902578797
vm_mpagospesos_rank_delta1	5.60560455060907e-05	0.000310611772927256	0.000429799426934097
vmr_Visa_mlimitecompra_lag2	5.59659581667062e-05	0.000596327967027082	0.000716332378223496
vm_msaldopesos_rank_delta1	5.56302754956761e-05	0.00052032356906464	0.000429799426934097
rf_016_017	5.53447441260647e-05	0.000431288419272858	0.000429799426934097
rf_014_024	5.44314417790987e-05	0.000650032951277518	0.000429799426934097
mautoservicio_rank_lag2	5.39619853636935e-05	0.000365875239403844	0.000573065902578797
vmr_mpagospesos_tend6	5.37493762596742e-05	0.000199715777286104	0.000429799426934097
mtarjeta_visa_descuentos_rank_delta1	5.31492375770991e-05	0.000680711164847335	0.000429799426934097
Visa_mpagosdolares_rank_lag1	5.30862284236191e-05	0.000530826682007092	0.000859598853868195
vm_mconsumototal_rank	5.24119654600851e-05	0.000221576623135475	0.000429799426934097
vm_fultimo_cierre_delta2	5.09326017419288e-05	0.000333990964211779	0.000429799426934097
vmr_mconsumospesos_lag1	5.04275171692889e-05	0.000384668068107009	0.000573065902578797
vmr_msaldopesos2_delta2	5.01951512556754e-05	0.000591957951538676	0.000573065902578797
vmr_Master_mlimitecompra_delta2	4.96817909653943e-05	0.000235266205704889	0.000286532951289398
ctarjeta_debito_transacciones_delta1	4.84884238706044e-05	0.00120578164365733	0.000716332378223496
vm_mpagospesos_rank_lag2	4.7907462956595e-05	0.000282456303513717	0.000429799426934097
vmr_mconsumospesos_lag2	4.78726291136086e-05	0.000566338931527121	0.000573065902578797
tcallcenter_delta1	4.7718231645596e-05	0.000287307960494124	0.000143266475644699
ccomisiones_otras_lag1	4.76184432821543e-05	0.000901350936544099	0.000573065902578797
mtransferencias_recibidas_rank_delta1	4.72045866674648e-05	0.000480959166554719	0.000429799426934097
Master_cadelantosefectivo_tend6	4.63682234086419e-05	0.000364123904791667	0.000573065902578797
Master_mpagado_rank	4.58751941363191e-05	0.000112789277441013	0.000143266475644699
Visa_madelantopesos_rank_lag1	4.58173269374643e-05	0.000150564850395001	0.000286532951289398
Master_fultimo_cierre_delta2	4.51260257575709e-05	0.000342403048237736	0.000429799426934097
Visa_mpagado_rank_delta2	4.45785762939111e-05	0.000493604213612008	0.000286532951289398
rf_001_019	4.43789222444017e-05	0.000639167628269942	0.000429799426934097
Master_mconsumototal_rank_lag1	4.39494570032666e-05	0.000550112899555722	0.000573065902578797
vm_mconsumospesos_rank_tend6	4.39343083585787e-05	0.000110982142899884	0.000143266475644699
ctarjeta_debito	4.37636129504836e-05	0.000824654423673434	0.000429799426934097
mtarjeta_visa_consumo_rank_lag1	4.35656059607733e-05	0.000245275929801876	0.000429799426934097
vmr_msaldopesos_lag1	4.3269382102127e-05	0.000212556613567784	0.000429799426934097
mautoservicio_rank_tend6	4.30715811596416e-05	0.000299371513554972	0.000286532951289398
Master_mconsumospesos_rank_lag1	4.25970381455822e-05	8.81971719113883e-05	0.000143266475644699
vm_mpagominimo_rank_tend6	4.22947435821333e-05	0.000225873217664734	0.000286532951289398
vmr_Master_mlimitecompra_delta1	4.20663413317655e-05	0.000260580773472516	0.000143266475644699
rf_009_021	4.1563572923239e-05	0.000663753860122835	0.000429799426934097
catm_trx_tend6	4.15356401246178e-05	0.000357545386852131	0.000286532951289398
vmr_msaldopesos_delta2	4.14453387201793e-05	0.000346062348841602	0.000286532951289398
vm_msaldopesos_rank_lag1	4.08729535883198e-05	0.000543699823510796	0.000429799426934097
Master_mpagosdolares_rank_delta2	4.03703187370563e-05	9.33395758900164e-05	0.000143266475644699
Master_mpagospesos_rank_delta2	4.01120752250725e-05	0.000306849682980584	0.000286532951289398
vm_fechaalta_delta2	3.92345512872621e-05	7.70841755349584e-05	0.000143266475644699
Visa_madelantodolares_rank	3.87144063758878e-05	0.00011069433274003	0.000286532951289398
Master_mconsumototal_rank_lag2	3.71561331606263e-05	0.000689150659364706	0.000429799426934097
rf_008_013	3.67084377924263e-05	0.000573415733042732	0.000573065902578797
Visa_madelantopesos_rank_delta1	3.64646193435115e-05	0.000143309880685195	0.000286532951289398
vm_status01_tend6	3.60408821273595e-05	0.000740972151276501	0.000429799426934097
cextraccion_autoservicio_lag2	3.518195032709e-05	0.000584897792107139	0.000429799426934097
ccajas_transacciones_delta2	3.51526547171866e-05	0.000373722471517433	0.000286532951289398
vmr_mconsumospesos_tend6	3.51356648274685e-05	0.000163382191969755	0.000286532951289398
cmobile_app_trx_delta1	3.45866899992788e-05	0.000549880889324818	0.000429799426934097
Visa_mpagado_rank_lag1	3.33047037064977e-05	0.000267571427729395	0.000286532951289398
vmr_mpagospesos_lag2	3.32767735438751e-05	0.000171851054870785	0.000286532951289398
rf_016_019	3.29798234676113e-05	0.000509178267466185	0.000429799426934097
rf_019_017	3.29617506217968e-05	0.000769250967901407	0.000429799426934097
vm_status02_delta2	3.29278349849935e-05	0.000327604319712146	0.000286532951289398
matm_other_rank_lag2	3.26109290812403e-05	0.000574615920988248	0.000286532951289398
Master_mconsumosdolares_rank	3.22376769498313e-05	0.000183196061478118	0.000286532951289398
cextraccion_autoservicio_delta2	3.21787623808614e-05	0.000574615920988248	0.000286532951289398
cpagomiscuentas_delta2	3.18423386647216e-05	0.000574615920988248	0.000286532951289398
Master_cconsumos_delta1	3.16280504295867e-05	8.64252794306503e-05	0.000143266475644699
Master_mpagado_rank_lag1	3.10828072967648e-05	0.000257586177285457	0.000286532951289398
vm_mconsumosdolares_rank	3.09727236014123e-05	0.000219225194550539	0.000143266475644699
vmr_mconsumototal_delta1	3.06819764692147e-05	0.000121446097997458	0.000286532951289398
cextraccion_autoservicio_tend6	3.05445636189231e-05	0.000470932800373658	0.000286532951289398
Master_cadelantosefectivo_lag1	3.00836434456885e-05	0.000123298264060197	0.000143266475644699
vm_Fvencimiento_delta2	2.92261407959997e-05	8.98623592648333e-05	0.000143266475644699
Visa_madelantopesos_rank	2.91195063048304e-05	0.000359424963406284	0.000429799426934097
thomebanking_delta2	2.88520460237011e-05	0.000485411413517369	0.000286532951289398
vm_msaldototal_rank_delta1	2.81856365786972e-05	0.000457275523026268	0.000573065902578797
tcallcenter_lag1	2.7680076647641e-05	0.000816387223673527	0.000429799426934097
vm_status01_delta1	2.73376964533051e-05	0.000689663627132611	0.000429799426934097
Visa_madelantodolares_rank_lag1	2.73202944691374e-05	0.000187104014396961	0.000429799426934097
vm_msaldototal_rank_lag1	2.6907381981284e-05	0.000486604748840031	0.000286532951289398
Visa_cadelantosefectivo_delta2	2.6671992577263e-05	0.000157829609566027	0.000286532951289398
Master_fechaalta_delta2	2.66588450948544e-05	0.000234019028345519	0.000143266475644699
mpagomiscuentas_rank_delta1	2.6477451486394e-05	0.000287307960494124	0.000143266475644699
Master_mconsumototal_rank	2.5865698593936e-05	0.0004458531796753	0.000286532951289398
matm_other_rank_delta2	2.56939852510436e-05	0.000134177292313479	0.000143266475644699
mautoservicio_rank_delta1	2.56576528428465e-05	0.000608953435161932	0.000429799426934097
Master_mconsumospesos_rank_delta1	2.54053978803752e-05	0.000163376318293023	0.000143266475644699
rf_020_021	2.53024384106037e-05	0.000827244715112126	0.000429799426934097
rf_002_020	2.46221763535626e-05	0.000489734439591921	0.000286532951289398
mpagomiscuentas_rank_lag2	2.39894536528161e-05	0.000149503672798802	0.000143266475644699
ctransferencias_recibidas	2.37269850743909e-05	0.000861923881482372	0.000429799426934097
vm_status01_delta2	2.35965299424346e-05	0.000378745444069183	0.000286532951289398
vm_fultimo_cierre_delta1	2.33022382707706e-05	0.000107745747020702	0.000143266475644699
vm_msaldodolares_rank_tend6	2.28297864822765e-05	0.000861923881482372	0.000429799426934097
Master_madelantopesos_rank_lag1	2.28099251114041e-05	5.54964556536129e-05	0.000143266475644699
Master_mpagospesos_rank_lag1	2.26941533703807e-05	0.000155494823065165	0.000286532951289398
vm_status02_tend6	2.23074897173688e-05	0.000215377936291257	0.000143266475644699
Visa_mpagosdolares_rank_lag2	2.21424195303109e-05	0.000111520563266959	0.000286532951289398
vm_mconsumosdolares_rank_delta1	2.20616784535037e-05	0.000574615920988248	0.000286532951289398
rf_002_024	2.2052918151451e-05	0.000470454095720022	0.000286532951289398
vm_status05	2.2048422895152e-05	0.000444505170865369	0.000286532951289398
cforex_sell_tend6	2.15690621542967e-05	0.000287307960494124	0.000143266475644699
vmr_msaldodolares_tend6	2.07596506632784e-05	0.000287307960494124	0.000143266475644699
ctarjeta_debito_transacciones	2.05301131761752e-05	0.000162705740199484	0.000143266475644699
Visa_fultimo_cierre_lag1	2.00606022834654e-05	0.000140917336363138	0.000286532951289398
Master_mpagosdolares_rank_tend6	1.99436012884228e-05	0.000185266532526052	0.000286532951289398
Master_madelantodolares_rank_lag2	1.98397086751428e-05	0.000164676358742979	0.000286532951289398
vmr_mconsumosdolares	1.97880655083431e-05	0.00024225783890789	0.000143266475644699
Visa_mpagado_rank_delta1	1.94767066243351e-05	0.000446294684376302	0.000286532951289398
vmr_mconsumototal	1.9419566961097e-05	5.94112611953098e-05	0.000143266475644699
Master_mconsumosdolares_rank_lag1	1.93570599653526e-05	0.000172278854326079	0.000429799426934097
vmr_mpagospesos_delta1	1.88947791775014e-05	0.000414023725466065	0.000286532951289398
rf_012_023	1.88215590440663e-05	0.000190188673627241	0.000143266475644699
mtransferencias_emitidas_rank_delta1	1.86531828754162e-05	0.000574615920988248	0.000286532951289398
rf_005_022	1.85392330487667e-05	0.000113797591946626	0.000143266475644699
Visa_msaldodolares_rank_tend6	1.82816081177904e-05	0.000188069255273209	0.000143266475644699
tcallcenter_lag2	1.796138700645e-05	8.49294497563034e-05	0.000143266475644699
mtarjeta_master_consumo_rank_tend6	1.78154194619974e-05	0.000287307960494124	0.000143266475644699
Visa_Fvencimiento_delta2	1.77895831609387e-05	8.41472718048616e-05	0.000143266475644699
rf_019_023	1.77210665276929e-05	0.000164286738186441	0.000143266475644699
rf_001_013	1.75719445715684e-05	0.000116676672491295	0.000143266475644699
ctarjeta_master_transacciones_lag2	1.74147599743571e-05	0.000129413740484048	0.000143266475644699
Master_mpagospesos_rank_lag2	1.73102685500591e-05	0.000440361291931134	0.000286532951289398
vm_mconsumototal_rank_delta2	1.72467466948493e-05	0.00024471695156624	0.000143266475644699
ctarjeta_master_transacciones_tend6	1.71378992828456e-05	0.000287307960494124	0.000143266475644699
Master_mpagominimo_rank_delta2	1.64000270368143e-05	0.000151960827564909	0.000143266475644699
cseguro_vida_lag2	1.62966783179145e-05	0.000287307960494124	0.000143266475644699
vm_mconsumototal_rank_delta1	1.61685441827358e-05	5.41964152036571e-05	0.000143266475644699
vmr_mconsumosdolares_tend6	1.58998006096156e-05	0.000214591842555328	0.000143266475644699
vm_mpagado_rank_delta1	1.57508412067389e-05	0.000574615920988248	0.000286532951289398
rf_019_016	1.56712595299877e-05	0.000395899516964195	0.000286532951289398
ccuenta_debitos_automaticos_lag2	1.48375445711032e-05	0.000574615920988248	0.000286532951289398
mextraccion_autoservicio_rank	1.43176171296143e-05	0.000243286711282064	0.000143266475644699
Master_mpagospesos_rank_delta1	1.4289028846005e-05	0.000187476992869426	0.000143266475644699
mextraccion_autoservicio_rank_lag1	1.41241128648658e-05	0.00016638461972579	0.000143266475644699
mcuenta_debitos_automaticos_rank_tend6	1.37447583966709e-05	0.000100378198506871	0.000143266475644699
vm_mpagado_rank_tend6	1.35130677380351e-05	0.000574615920988248	0.000286532951289398
Master_mconsumototal_rank_delta1	1.32890592580198e-05	0.000150666660791685	0.000143266475644699
mextraccion_autoservicio_rank_tend6	1.25414505117834e-05	0.000209571806841944	0.000143266475644699
ctarjeta_visa_debitos_automaticos_lag1	1.25316173582958e-05	0.000287307960494124	0.000143266475644699
rf_006_018	1.22906299718899e-05	0.000122242960140729	0.000143266475644699
vm_fultimo_cierre_lag1	1.22494301922564e-05	5.25047963049193e-05	0.000143266475644699
vmr_msaldopesos_delta1	1.21547908127694e-05	6.88424281342216e-05	0.000143266475644699
rf_020_023	1.2143497316051e-05	0.000113420697689674	0.000143266475644699
vm_mpagospesos_rank_lag1	1.17181754254003e-05	0.000267306133330345	0.000143266475644699
cpagomiscuentas_delta1	1.15467028370478e-05	0.000287307960494124	0.000143266475644699
Master_mconsumosdolares_rank_delta1	1.14160803191797e-05	0.000187595445350182	0.000143266475644699
vm_mconsumosdolares_rank_tend6	1.11108369519506e-05	0.000210684868582606	0.000143266475644699
mcheques_depositados_rank_lag2	1.10010520031074e-05	0.000287307960494124	0.000143266475644699
Master_mconsumospesos_rank	1.08855144266274e-05	0.000287307960494124	0.000143266475644699
rf_015_019	1.07276822524238e-05	8.01844979031889e-05	0.000143266475644699
vmr_mpagado_tend6	1.0506033430499e-05	0.000287307960494124	0.000143266475644699
active_quarter_lag2	1.0262209709587e-05	0.000134510133994944	0.000143266475644699
cpagomiscuentas	1.01923179637322e-05	0.000238612243549731	0.000143266475644699
ccajas_depositos_lag2	1.00500478466655e-05	0.000287307960494124	0.000143266475644699
Visa_cadelantosefectivo	9.72472432067922e-06	0.000115839673557024	0.000286532951289398
Master_mpagospesos_rank	9.5886602230105e-06	0.000220487056101739	0.000143266475644699
Visa_mpagado_rank_lag2	9.47666103533352e-06	0.000117234671780809	0.000143266475644699
rf_005_015	9.38739821434802e-06	0.000261991434834253	0.000143266475644699
Master_status_delta2	8.24550909711143e-06	0.00012664528085116	0.000143266475644699
rf_005_013	8.20569145941661e-06	7.94786777492596e-05	0.000143266475644699
vm_cconsumos	7.96842610305033e-06	0.000287307960494124	0.000143266475644699
Master_mpagosdolares_rank_lag1	7.78631550296752e-06	6.71498302893619e-05	0.000143266475644699
rf_015_023	7.75083056832401e-06	0.000274390766414932	0.000143266475644699
ctarjeta_visa_debitos_automaticos_lag2	7.30475370327156e-06	0.000287307960494124	0.000143266475644699
vm_mconsumosdolares_rank_lag2	7.06416391332292e-06	0.000287307960494124	0.000143266475644699
mpayroll_rank_delta2	6.84222513155084e-06	0.000287307960494124	0.000143266475644699
ctarjeta_visa_debitos_automaticos	6.72254991591681e-06	0.000287307960494124	0.000143266475644699
ccheques_depositados_lag2	6.70145929102518e-06	0.000287307960494124	0.000143266475644699
mtarjeta_master_consumo_rank	6.6286604780348e-06	0.000287307960494124	0.000143266475644699
vmr_msaldopesos2_delta1	6.51279823439248e-06	0.000180912180175598	0.000143266475644699
ctransferencias_emitidas_delta1	6.22481055340819e-06	0.000287307960494124	0.000143266475644699
ctransferencias_emitidas_delta2	6.16807903062187e-06	0.000287307960494124	0.000143266475644699
vmr_mconsumospesos_delta2	6.14252126674974e-06	0.000287307960494124	0.000143266475644699
Master_status_tend6	5.95573001179889e-06	9.09450736757152e-05	0.000143266475644699
Master_cadelantosefectivo	5.8526853114056e-06	0.000123102474835806	0.000143266475644699
rf_020_015	4.7649567396428e-06	0.000132193947470399	0.000143266475644699
rf_011_019	4.74481946758238e-06	0.000287307960494124	0.000143266475644699
ctransferencias_recibidas_tend6	4.38353872386802e-06	0.000287307960494124	0.000143266475644699
Visa_cadelantosefectivo_lag1	3.35840369647069e-06	5.41210363522665e-05	0.000143266475644699
Visa_madelantopesos_rank_delta2	3.16858433811473e-06	5.56990975008576e-05	0.000143266475644699
Master_msaldodolares_rank_tend6	2.81173712439858e-06	5.69668327287889e-05	0.000143266475644699
Master_status_lag1	1.95466018848547e-06	5.1604165872721e-05	0.000143266475644699
matm_rank_lag1	1.82717967112914e-06	5.81777890816469e-05	0.000143266475644699
Master_msaldopesos_rank_delta1	1.34716553211802e-06	5.1690313131453e-05	0.000143266475644699
Master_cadelantosefectivo_lag2	4.37501906652197e-07	5.14798397152327e-05	0.000143266475644699
