Feature	Gain	Cover	Frequency
rf_018_027	0.196568389453293	0.00352823451210414	0.00347050074367873
mcaja_ahorro_rank	0.117666595050429	0.00629423542138382	0.0044620723847298
ctrx_quarter_normalizado_lag2	0.0839142173836694	0.0031417028290007	0.00347050074367873
ctarjeta_visa_transacciones	0.0498641523596671	0.000820224035864379	0.000991571641051066
rf_009_015	0.0467695054434165	0.00717339927467982	0.0059494298463064
mpayroll_sobre_edad_rank	0.0327684353387275	0.00398045681379586	0.00198314328210213
vm_status06	0.0260372865442012	0.00128744322028636	0.000991571641051066
ccomisiones_mantenimiento_tend6	0.0236370186910457	0.0039152714033303	0.00198314328210213
rf_004_022	0.0201950770103457	0.00535163234677128	0.00644521566683193
rf_008_022	0.0179115146615296	0.00609350504505239	0.0059494298463064
rf_003_019	0.0127489187983404	0.00146226557470011	0.000991571641051066
ctrx_quarter_normalizado_delta2	0.0126723606779632	0.00494118634897272	0.00495785820525533
cproductos_delta2	0.0113824608179482	0.000995114203448966	0.000495785820525533
rf_009_026	0.0108400509189448	0.000860369432998956	0.000495785820525533
vm_status05_tend6	0.0102745223418825	0.0029853426103469	0.0014873574615766
rf_014_025	0.00904685137191791	0.00535702688451123	0.00495785820525533
mprestamos_personales_rank	0.00892463547955772	0.0157211748639985	0.00793257312840853
mcuentas_saldo_rank	0.00889538383352965	0.00532398491702167	0.0029747149231532
mpayroll_rank	0.00806515125885952	0.00437995098450449	0.00247892910262767
cdescubierto_preacordado	0.00790009648343614	0.0264798666527234	0.0138820029747149
vm_status01	0.00780614150197919	0.000995114203448966	0.000495785820525533
rf_017_021	0.00750595160098815	0.00131947816218902	0.000991571641051066
mprestamos_personales_rank_lag2	0.00724792235503302	0.00594417366155568	0.0029747149231532
vm_status03	0.00681403625004347	0.00117287286815989	0.000991571641051066
ctrx_quarter_delta2	0.00588517468578413	0.00370573887742443	0.00347050074367873
mcuenta_corriente_rank_tend6	0.00493686743700777	0.00358122711445349	0.00247892910262767
mtarjeta_visa_consumo_rank	0.00487889763728917	0.000516024323472243	0.000991571641051066
rf_013_026	0.00485373162070163	0.00137844849554751	0.000991571641051066
mtarjeta_visa_consumo_rank_tend6	0.00463437441942762	0.00530795049277763	0.0029747149231532
rf_003_018	0.00433409803886924	0.00308572983779313	0.00396628656420426
mcomisiones_rank_tend6	0.00411165190254809	0.00153968787184293	0.00247892910262767
mcuenta_corriente_rank	0.00398735934944006	0.00798734381092484	0.00545364402578086
mprestamos_personales_rank_lag1	0.00397743891470669	0.00285008585045708	0.0014873574615766
Visa_mpagospesos_rank	0.00394189639857954	0.00456333136107768	0.00793257312840853
foto_mes	0.00393974309929448	0.0128074666966636	0.0104115022310362
mcuentas_saldo_rank_delta2	0.00387066624394245	0.00422191578053105	0.00396628656420426
mactivos_margen_rank	0.00382511639725823	0.00740259083881088	0.0059494298463064
rf_007_015	0.00354342098298842	0.00306631492698295	0.0029747149231532
mcuentas_saldo_rank_delta1	0.00302060337887075	0.00263418227715122	0.00198314328210213
rf_016_022	0.00299819444642525	0.000964811888061151	0.000495785820525533
mpasivos_margen_rank_lag1	0.00285272130937743	0.00221556818292554	0.00347050074367873
mcomisiones_otras_rank_lag2	0.00280690769070485	0.00511367253965119	0.00793257312840853
vm_status04_tend6	0.00277607862228898	0.00199022840689793	0.000991571641051066
Visa_cconsumos_tend6	0.00274807558228023	0.00482143167993589	0.0059494298463064
ctrx_quarter_normalizado_tend6	0.00265891989103301	0.00304294311765452	0.00247892910262767
vm_Fvencimiento_tend6	0.0026027681008999	0.00155629531738052	0.0014873574615766
ctrx_quarter_normalizado_delta1	0.0025672411800057	0.00162755678795294	0.000991571641051066
mprestamos_personales_rank_tend6	0.00245235623802935	0.00497557101724483	0.00247892910262767
mrentabilidad_annual_rank	0.00234723962436495	0.00321743657818972	0.00396628656420426
Visa_delinquency	0.00217106830792691	0.00781701746973747	0.00644521566683193
mcuentas_saldo_rank_tend6	0.00211436943439714	0.00261447576970644	0.00247892910262767
tcallcenter	0.00198456341473712	0.00336495735002512	0.00198314328210213
ctarjeta_visa_transacciones_delta1	0.00183544031295727	0.000995114203448966	0.000495785820525533
internet	0.00183105252860311	0.00330032461690187	0.00198314328210213
Visa_mpagominimo_rank_lag1	0.00180619118589275	0.00298860442386408	0.00396628656420426
cproductos_delta1	0.00175143254112916	0.000995114203448966	0.000495785820525533
thomebanking	0.00174834019340998	0.00429162772014988	0.0044620723847298
rf_013_024	0.00171151874195141	0.0007079661128634	0.0014873574615766
mpasivos_margen_rank	0.0016949195922109	0.00569861199798495	0.00495785820525533
cpayroll_trx	0.00167739824770568	0.00199022840689793	0.000991571641051066
Visa_mpagominimo_rank	0.00167008831692372	0.00395349768773024	0.00495785820525533
rf_010_015	0.00163596910724759	0.00256614193219349	0.00198314328210213
vm_msaldototal_rank_tend6	0.00162902810027498	0.000895469530223378	0.000991571641051066
ctrx_quarter_tend6	0.00161054885568294	0.00182105828027331	0.00198314328210213
Master_Fvencimiento_tend6	0.00159646733458878	0.00258883560981357	0.00396628656420426
rf_007_026	0.00157921982245075	0.00105449141583247	0.000991571641051066
rf_014_023	0.00154494509986222	0.00196049911280368	0.00198314328210213
Visa_mconsumospesos_rank_lag2	0.00138555675067117	0.0014900011615718	0.00247892910262767
Visa_mpagospesos_rank_tend6	0.00137931026472605	0.00503479564999396	0.00694100148735746
internet_lag1	0.00133524783584039	0.00241800745116202	0.00198314328210213
Master_fultimo_cierre_tend6	0.00132645453549026	0.00354773079871933	0.00347050074367873
mactivos_margen_rank_delta2	0.00127431814123631	0.0031335855924517	0.00545364402578086
vm_cconsumos_delta2	0.00127128667404468	0.000995114203448966	0.000495785820525533
mtarjeta_visa_consumo_rank_delta2	0.00127095114140964	0.00152426715679495	0.00198314328210213
mcuenta_corriente_rank_lag1	0.00124783938759179	0.00380031112547153	0.0029747149231532
cliente_vip_delta1	0.00123925718569516	0.0029853426103469	0.0014873574615766
mcaja_ahorro_dolares_rank	0.00122334220527543	0.00502332505214714	0.0029747149231532
cproductos	0.0012117794470293	0.00791571953988845	0.00396628656420426
vm_mpagominimo_rank	0.00119632324957147	0.00257503223889001	0.00247892910262767
Visa_msaldopesos_rank_lag1	0.00115512873995125	0.00164484236519889	0.0029747149231532
Master_fechaalta_tend6	0.00115412922554035	0.00173288759555308	0.00247892910262767
Visa_cconsumos_delta1	0.00111884895655401	0.00246891140784964	0.0044620723847298
rf_004_019	0.00111571435293039	0.00215557048002889	0.00396628656420426
Visa_msaldopesos_rank	0.001105078375477	0.00299502972180074	0.00495785820525533
mrentabilidad_annual_rank_lag2	0.00110346321372132	0.0073404231144475	0.00941993058998513
ctrx_quarter_lag2	0.00106804963964225	0.00527426769082367	0.00347050074367873
tcallcenter_delta2	0.00103301454929005	0.000892963833561008	0.000495785820525533
mrentabilidad_rank_lag2	0.00102673109215548	0.00448028396141406	0.00545364402578086
mrentabilidad_annual_rank_delta1	0.00101500559606555	0.00451038961860645	0.0059494298463064
cliente_edad_lag2	0.00100570733805736	0.00570556623865412	0.0044620723847298
Visa_mpagospesos_rank_lag2	0.000950914732371218	0.00252082917144125	0.0044620723847298
mtransferencias_recibidas_rank	0.000936204869490385	0.00392672843854295	0.0029747149231532
mcuenta_debitos_automaticos_rank	0.000915034656277693	0.00361102083106004	0.00198314328210213
mcuentas_saldo_rank_lag2	0.000913921788507011	0.00443929089964404	0.0044620723847298
rf_006_019	0.000903829044559174	0.00605801841275421	0.00694100148735746
mrentabilidad_annual_rank_delta2	0.000900838814669727	0.00299298854535859	0.0059494298463064
vm_fechaalta_lag1	0.00088181491983694	0.00209598304681579	0.0029747149231532
Visa_msaldopesos_rank_delta1	0.000862186960964919	0.00184237535052543	0.00247892910262767
mcomisiones_mantenimiento_rank_tend6	0.000860861901783981	0.00370305686651789	0.0029747149231532
internet_lag2	0.000851482235585988	0.00107727664123318	0.000991571641051066
mttarjeta_visa_debitos_automaticos_rank_tend6	0.000823022723604424	0.00437457679071579	0.00247892910262767
cdescubierto_preacordado_lag2	0.000811715390007572	0.0115033855149128	0.0059494298463064
mrentabilidad_rank_delta1	0.000801787517641644	0.00280195884311517	0.00396628656420426
internet_tend6	0.000800194025953462	0.00442089657705493	0.00247892910262767
cmobile_app_trx_lag2	0.000794380470416081	0.00322338040261344	0.00347050074367873
mactivos_margen_rank_delta1	0.000786222286293856	0.00222545534323335	0.00347050074367873
tcallcenter_tend6	0.000780327926128949	0.00369961195743945	0.00198314328210213
rf_003_021	0.000778174695142949	0.00074363923138138	0.000495785820525533
Visa_msaldototal_rank	0.000772332107532589	0.00180292164773338	0.0029747149231532
Visa_fechaalta_delta2	0.000758663792448952	0.000263125274817113	0.000495785820525533
rf_017_016	0.000752613671038482	0.00315136620584475	0.00347050074367873
mcuenta_corriente_rank_lag2	0.000747195780391893	0.0025686917074169	0.0029747149231532
Visa_delinquency_lag1	0.000740319274593338	0.00326676048799687	0.00198314328210213
Visa_msaldodolares_rank	0.000731785648552707	0.000514406979347818	0.000495785820525533
rf_010_019	0.000724799521299955	0.00133574993253098	0.0014873574615766
Master_msaldototal_rank	0.000717429111032131	0.00197604867287624	0.00198314328210213
Visa_fechaalta_delta1	0.00071676033929873	0.00186194962228708	0.000991571641051066
rf_012_016	0.000709107954913026	0.000782052002001112	0.000991571641051066
mprestamos_personales_rank_delta2	0.000703725872235017	0.00386628316871878	0.00198314328210213
rf_009_025	0.000692773034763813	0.00499516224229919	0.00396628656420426
rf_014_030	0.000681027404417878	0.00095684723114653	0.000991571641051066
vm_mconsumototal_rank_delta2	0.00067066398114766	0.000320983472173906	0.000495785820525533
rf_016_020	0.000664699504497914	0.002492683314886	0.00347050074367873
Master_delinquency	0.000659781441957164	0.00637005393703638	0.00396628656420426
vm_fechaalta_lag2	0.000651299965152121	0.000747565613972752	0.0014873574615766
cliente_edad_lag1	0.000650603444097387	0.00735293125380809	0.00545364402578086
mcomisiones_otras_rank_tend6	0.000635553441147032	0.00363664742831875	0.00396628656420426
mrentabilidad_annual_rank_lag1	0.000630953663903706	0.00325122788121701	0.00396628656420426
Visa_fechaalta_tend6	0.000626953337447662	0.00219876746985106	0.0014873574615766
Visa_msaldototal_rank_tend6	0.000616158115539876	0.00129565878593307	0.00198314328210213
vm_fechaalta_tend6	0.000613707492692	0.00121920282647466	0.000991571641051066
ccajas_consultas_tend6	0.000610039404729861	0.0029853426103469	0.0014873574615766
Visa_mconsumospesos_rank_lag1	0.000609953671252754	0.00166064961532063	0.00247892910262767
mpasivos_margen_rank_delta1	0.000607690239247329	0.00254356014630529	0.00396628656420426
ctarjeta_visa_transacciones_delta2	0.000605359292619532	0.0029853426103469	0.0014873574615766
rf_001_022	0.000602474467065526	0.00237148083465183	0.00396628656420426
mtransferencias_emitidas_rank	0.000602298557020293	0.00247009135702218	0.0029747149231532
mpagomiscuentas_rank	0.000599245721542304	0.00320884125878632	0.00198314328210213
Visa_mpagominimo_rank_lag2	0.000597881842398841	0.00363117151477379	0.0044620723847298
vmr_msaldototal_lag2	0.000596653231016303	0.00130896033939244	0.0014873574615766
rf_015_025	0.000596051505599117	0.000987702223876653	0.0014873574615766
mrentabilidad_rank_delta2	0.000588284640901046	0.00371339837507029	0.0059494298463064
mcomisiones_mantenimiento_rank	0.000588008916016137	0.00303769776889039	0.00347050074367873
mcomisiones_otras_rank_delta2	0.000585872512055704	0.00192571773748218	0.00247892910262767
mcomisiones_rank_lag2	0.000583150323994181	0.00313115788093579	0.0044620723847298
Master_mlimitecompra_rank	0.000583115272296413	0.00279379752800513	0.00347050074367873
Visa_mconsumosdolares_rank	0.000578540617787714	0.00225069879607684	0.00347050074367873
vm_fechaalta	0.000572161613107884	0.00327281281349393	0.00347050074367873
vmr_mconsumospesos_delta1	0.000567312384300327	0.0002121568956172	0.000495785820525533
mrentabilidad_rank_lag1	0.000566060948082936	0.00264402874955653	0.0029747149231532
mcuenta_debitos_automaticos_rank_lag1	0.00055681675325724	0.00125401132706449	0.000991571641051066
chomebanking_transacciones_delta1	0.000553921774767583	0.00485592145862279	0.00347050074367873
ccajas_transacciones	0.000543527225135985	0.00181260536852868	0.000991571641051066
mcuenta_corriente_rank_delta1	0.000537856270277671	0.00325377087512334	0.00247892910262767
Visa_mconsumototal_rank	0.000534664644562015	0.00361331291623428	0.00495785820525533
mactivos_margen_rank_lag2	0.000532952393632114	0.00283326818408989	0.00347050074367873
mpasivos_margen_rank_lag2	0.000529175776672599	0.00308430915186413	0.00495785820525533
vm_cconsumos_tend6	0.000513488055404631	0.00128062121530031	0.000991571641051066
ctarjeta_master	0.00050828857140544	0.00167795553651784	0.0014873574615766
Master_mpagominimo_rank_lag1	0.000506118831900235	0.00139064469432227	0.00247892910262767
Master_mfinanciacion_limite_rank_tend6	0.000505999901043216	0.00438884129120102	0.0044620723847298
Visa_Fvencimiento	0.000505011664520798	0.000584444422186655	0.000991571641051066
vm_mpagospesos_rank_tend6	0.000503333873361318	0.00123212801683589	0.0014873574615766
Master_mfinanciacion_limite_rank	0.000493784638157976	0.00249742684618594	0.0044620723847298
mactivos_margen_rank_tend6	0.000471488679482477	0.00205402364736137	0.00198314328210213
chomebanking_transacciones	0.000458912066040172	0.00209979414701674	0.00198314328210213
Visa_mconsumospesos_rank	0.0004553362736588	0.0023256899910452	0.00396628656420426
Visa_mpagominimo_rank_delta2	0.000449874461130438	0.00128993196365602	0.00198314328210213
mcuentas_saldo_rank_lag1	0.0004493576402012	0.002668702571765	0.00198314328210213
Master_delinquency_tend6	0.000446422279758917	0.00248082957262397	0.00198314328210213
mcaja_ahorro_rank_delta2	0.000440020585500361	0.00557853860704518	0.00495785820525533
mttarjeta_visa_debitos_automaticos_rank_delta2	0.000434586976055818	0.00270622698984679	0.0014873574615766
vmr_mpagominimo_delta1	0.000434366072260373	0.00190269516598355	0.000991571641051066
Visa_Fvencimiento_lag2	0.000434224027149479	0.00152050352581358	0.0029747149231532
ctarjeta_visa_transacciones_tend6	0.00042820648501297	0.00285594490841726	0.00198314328210213
mrentabilidad_rank	0.000425797166186364	0.00226242708397283	0.00247892910262767
rf_007_018	0.000422019602206722	0.00305921149733794	0.00198314328210213
Visa_mconsumototal_rank_tend6	0.000421631131342029	0.00393994522553877	0.0059494298463064
ctrx_quarter_normalizado_lag1	0.000419550367825037	0.00244088083368481	0.00247892910262767
Master_mpagominimo_rank	0.00041268147272871	0.00210826062139555	0.00198314328210213
vm_mconsumototal_rank_lag1	0.000408260838588339	0.00107664258808587	0.0014873574615766
ccomisiones_otras_delta2	0.000407818303813975	0.00372458076694106	0.0044620723847298
vm_cconsumos_lag2	0.000402763440609539	0.00240473641362953	0.00198314328210213
cliente_antiguedad_lag1	0.000401041372702752	0.00376799136825136	0.00396628656420426
vmr_Master_mlimitecompra	0.000399350553324169	0.00266813633178852	0.00347050074367873
Master_msaldopesos_rank	0.000389965063840924	0.000468514415984937	0.000495785820525533
rf_011_021	0.000387372270806597	0.00150403848793474	0.0014873574615766
vm_mpagominimo_rank_lag1	0.000383009233960393	0.00293876852461712	0.00247892910262767
mcaja_ahorro_dolares_rank_delta2	0.000381703046644948	0.00393907721695208	0.00198314328210213
rf_015_029	0.000374000208815517	0.00086424156505366	0.0014873574615766
Visa_mconsumototal_rank_lag2	0.000371040101683361	0.00278054683442388	0.0044620723847298
cliente_edad	0.000363596058907707	0.00169597010535027	0.00198314328210213
vmr_msaldototal_tend6	0.000362765487397184	0.00230150781432529	0.00247892910262767
Visa_fechaalta	0.000362061016045539	0.00242588395095456	0.0029747149231532
chomebanking_transacciones_lag1	0.000361695695793895	0.00197215958752883	0.00198314328210213
Visa_delinquency_delta2	0.000360765052202543	0.000952686893115776	0.000495785820525533
Visa_Fvencimiento_tend6	0.000353360974794283	0.0028610783654495	0.00198314328210213
mactivos_margen_rank_lag1	0.000351182048053079	0.00369603142201934	0.00247892910262767
Visa_mconsumospesos_rank_delta2	0.000350698233618091	0.00145334136141817	0.00247892910262767
Visa_msaldototal_rank_delta1	0.000347261406362013	0.00115945942296864	0.0014873574615766
Visa_msaldototal_rank_lag2	0.000346817689914504	0.00143036625913912	0.0029747149231532
mpayroll_rank_lag2	0.000343766728388326	0.00597068522069379	0.0029747149231532
Visa_msaldopesos_rank_lag2	0.000342536991325771	0.0023700499767472	0.00347050074367873
rf_015_015	0.000338831930447128	0.0010750625412054	0.0014873574615766
Visa_mpagominimo_rank_delta1	0.0003214378413908	0.00220272775902785	0.00247892910262767
vm_mpagominimo_rank_lag2	0.000319903737322496	0.00183141674211843	0.00198314328210213
chomebanking_transacciones_delta2	0.000317823745347168	0.0027489967566927	0.00247892910262767
Master_msaldopesos_rank_lag2	0.000314866944627366	0.000508931065802856	0.000991571641051066
Visa_mconsumototal_rank_lag1	0.000311743090775236	0.00211000341988602	0.00347050074367873
mcuenta_debitos_automaticos_rank_lag2	0.00030860691588993	0.000732578903218121	0.000991571641051066
vm_mlimitecompra_rank_tend6	0.00030819542239648	0.00275525930301935	0.00396628656420426
Master_Fvencimiento_lag2	0.000302218674525626	0.00124456834302566	0.0029747149231532
Master_fechaalta_lag2	0.000302181906674861	0.00334897378565921	0.00396628656420426
mcaja_ahorro_rank_tend6	0.000298795570312459	0.00315894432768561	0.00247892910262767
mcaja_ahorro_rank_lag1	0.00029838576461185	0.000900680972402081	0.000991571641051066
thomebanking_lag2	0.000296662481581479	0.00312580064043979	0.0044620723847298
Visa_fechaalta_lag1	0.000295551916073672	0.00127847153778483	0.00198314328210213
rf_002_015	0.000293813975206035	0.0026827127728596	0.00396628656420426
mprestamos_personales_rank_delta1	0.000288947150012797	0.0029853426103469	0.0014873574615766
mcomisiones_rank	0.000286685882832571	0.00147001322946806	0.0029747149231532
numero_de_cliente	0.000285384156060551	0.00275023773771899	0.00347050074367873
thomebanking_lag1	0.000282477605173104	0.00181149323252698	0.00347050074367873
Visa_fultimo_cierre_tend6	0.000282217181137448	0.00172188151792649	0.00198314328210213
Visa_mlimitecompra_rank_lag2	0.000281679748192666	0.00160981347180385	0.00247892910262767
rf_017_020	0.000280320155795776	0.00121779570317983	0.00247892910262767
mcomisiones_mantenimiento_rank_delta1	0.000277872526762259	0.00229874442761374	0.0014873574615766
mtransferencias_recibidas_rank_delta2	0.000277192322250294	0.00252975338472319	0.00247892910262767
Visa_mconsumosdolares_rank_lag2	0.000274813366242422	0.00237979133873771	0.0029747149231532
mcomisiones_mantenimiento_rank_lag2	0.000273182392609305	0.00299328692331027	0.00347050074367873
ccomisiones_otras_tend6	0.000270704641454783	0.00208591957226381	0.0014873574615766
cdescubierto_preacordado_lag1	0.000269528646159621	0.00294402743601541	0.00198314328210213
vmr_mpagominimo_lag2	0.000268924897718013	0.00188731852949662	0.00247892910262767
Visa_mconsumototal_rank_delta2	0.000268626170020098	0.00291037854064687	0.0044620723847298
vmr_Visa_mlimitecompra_delta2	0.000268481408878932	0.00128110268881325	0.000991571641051066
mcomisiones_otras_rank_delta1	0.000267837170861545	0.00313433831864797	0.0029747149231532
rf_017_018	0.000265825452688136	0.00156341909097679	0.0014873574615766
ccomisiones_mantenimiento_delta1	0.000264823501485416	0.0029853426103469	0.0014873574615766
mpayroll_sobre_edad_rank_lag2	0.000261839277222477	0.00340006761922517	0.00198314328210213
vmr_msaldopesos_delta2	0.000259586000334254	0.000995114203448966	0.000495785820525533
rf_008_019	0.00025755038691192	0.00147526875020781	0.000991571641051066
rf_012_028	0.000256784656897322	0.000464733831710861	0.000495785820525533
mcomisiones_rank_lag1	0.000254030568751203	0.00216921109934244	0.00247892910262767
cprestamos_personales_tend6	0.00025136545295738	0.000995114203448966	0.000495785820525533
vmr_mpagominimo_delta2	0.000250862096557329	0.00210679246624696	0.0014873574615766
Master_mlimitecompra_rank_delta2	0.000248872935615255	0.00208309854435706	0.00347050074367873
mcomisiones_otras_rank_lag1	0.000248633165771784	0.0025513450983172	0.0029747149231532
vm_Fvencimiento_lag2	0.00024649611898116	0.00169777054503595	0.0029747149231532
vmr_mconsumototal_lag1	0.000246349498431854	0.000558631338708146	0.000991571641051066
Master_fechaalta_lag1	0.000246131024883576	0.00181964098500285	0.00347050074367873
thomebanking_tend6	0.000245572831577821	0.00344666883022328	0.00198314328210213
rf_018_019	0.000244741835392149	0.00182366908735048	0.000991571641051066
mpayroll_rank_tend6	0.000243160484759233	0.0029853426103469	0.0014873574615766
Visa_mpagominimo_rank_tend6	0.000238660979572191	0.00108804876342039	0.0014873574615766
mpasivos_margen_rank_delta2	0.000237736643024896	0.00132630694849215	0.00247892910262767
Visa_cconsumos	0.000236454900123927	0.003245301010086	0.00347050074367873
Visa_cconsumos_lag1	0.000235589239869045	0.00260282546695692	0.00495785820525533
Visa_msaldototal_rank_lag1	0.000235311734657199	0.00104091521903122	0.000991571641051066
Visa_Fvencimiento_lag1	0.00023334540236769	0.00166931952921194	0.00347050074367873
vm_mpagospesos_rank	0.000230659514396163	0.000729256057847185	0.000991571641051066
Master_fechaalta	0.000227275662092505	0.0011649353365136	0.0014873574615766
rf_005_019	0.00022641009487734	0.00214896886784806	0.00347050074367873
vmr_msaldototal_delta2	0.000224039607648195	0.0014620214472851	0.0014873574615766
mpagomiscuentas_rank_tend6	0.000223525009718834	0.00193248549193156	0.000991571641051066
ctarjeta_visa_debitos_automaticos_tend6	0.000222800918229903	0.000646835930013797	0.000495785820525533
vm_mconsumospesos_rank_lag1	0.000222242697291177	0.000553362255334233	0.000495785820525533
Master_msaldopesos_rank_tend6	0.000216348363304874	0.00143211583894668	0.0014873574615766
mrentabilidad_rank_tend6	0.000213952714073195	0.00268789030845289	0.00247892910262767
vmr_Master_mlimitecompra_tend6	0.000213447872764492	0.00179884607616617	0.0014873574615766
mcomisiones_otras_rank	0.00021151102976457	0.00120016427876261	0.0014873574615766
Visa_mconsumospesos_rank_tend6	0.000206326268140179	0.00233968662950564	0.00347050074367873
ccallcenter_transacciones_delta2	0.000205250711608112	0.000885365367768898	0.000495785820525533
Visa_cconsumos_lag2	0.000204138650283901	0.00166849898984484	0.0029747149231532
Master_msaldototal_rank_lag2	0.000203661425949138	0.000666423764409612	0.000991571641051066
Master_mfinanciacion_limite_rank_lag1	0.000202257563349592	0.00166784120208773	0.00247892910262767
chomebanking_transacciones_lag2	0.000199904848484529	0.00172389895975884	0.00247892910262767
vm_status02_delta2	0.000198440778002148	0.00065380712397568	0.000991571641051066
Visa_mfinanciacion_limite_rank_delta2	0.000196244250512162	0.000814334461977321	0.0014873574615766
ccomisiones_otras_lag2	0.000195814450174778	0.00150948049489428	0.0014873574615766
rf_012_027	0.000195644193253864	0.00179667266404089	0.00247892910262767
mcomisiones_rank_delta1	0.000195035177095177	0.0016713369710443	0.0029747149231532
rf_010_013	0.00019470452095251	0.000579046493788154	0.000991571641051066
Visa_msaldopesos_rank_delta2	0.000194430710196298	0.000778956330752475	0.000495785820525533
rf_020_016	0.00019431472734108	0.00152239890393843	0.000991571641051066
Visa_mconsumototal_rank_delta1	0.000190987061959242	0.00192517862277404	0.0029747149231532
ctarjeta_debito_transacciones_lag2	0.000190888215546158	0.00190108121251767	0.000991571641051066
vmr_msaldopesos_tend6	0.00018932446275329	0.000719653712856887	0.000495785820525533
Visa_msaldopesos_rank_tend6	0.000187902539825007	0.00159816655971286	0.00198314328210213
Master_Fvencimiento	0.000186616583480967	0.00161772048752326	0.00247892910262767
mcuenta_debitos_automaticos_rank_delta2	0.000182163415879194	0.00199022840689793	0.000991571641051066
Visa_mlimitecompra_rank_tend6	0.000181937032029096	0.00255072460780405	0.0029747149231532
Visa_mfinanciacion_limite_rank_tend6	0.000181665753325737	0.00199254083602342	0.00198314328210213
Master_mlimitecompra_rank_lag1	0.000180775533863653	0.0018013890700725	0.00347050074367873
Master_mlimitecompra_rank_tend6	0.00017955955147649	0.00190918827709105	0.0029747149231532
cpagomiscuentas_tend6	0.000178943447460492	0.00199022840689793	0.000991571641051066
vmr_msaldopesos2_lag2	0.000178044314910578	0.00241398273947294	0.00247892910262767
Visa_mlimitecompra_rank_lag1	0.000171947519410686	0.00084676950158791	0.0014873574615766
rf_014_017	0.000168973596247031	0.00145182912770854	0.000991571641051066
Visa_fechaalta_lag2	0.000168867117679805	0.000950788124332384	0.00198314328210213
rf_017_015	0.000168023996436903	0.001140047902817	0.000991571641051066
vmr_msaldopesos_lag2	0.000167878431758	0.00097722847964112	0.0014873574615766
Visa_mconsumosdolares_rank_delta1	0.00016693777194149	0.00162983870115155	0.00247892910262767
mcomisiones_rank_delta2	0.000166477534612658	0.00146467633292331	0.00247892910262767
vm_fultimo_cierre_tend6	0.000165037229940543	0.00228604641137481	0.00198314328210213
ccajas_transacciones_tend6	0.000162801795226015	0.0029853426103469	0.0014873574615766
mtransferencias_recibidas_rank_tend6	0.000161944096863212	0.000600251672308395	0.000991571641051066
mcuenta_corriente_rank_delta2	0.000158631476543841	0.00231446691127194	0.0014873574615766
Master_madelantopesos_rank	0.000158259885789108	0.000553569085505281	0.000991571641051066
mforex_sell_rank_tend6	0.000157200463822145	0.0029853426103469	0.0014873574615766
mcomisiones_mantenimiento_rank_delta2	0.000157147972810326	0.00108910664888542	0.000991571641051066
vmr_msaldopesos2_tend6	0.00015516590336148	0.00176453600238198	0.000991571641051066
rf_011_024	0.000154470503623662	0.00180728881593518	0.000991571641051066
rf_006_018	0.000153301605639197	0.001680403591985	0.000991571641051066
Visa_mpagosdolares_rank_tend6	0.000151534180390461	0.000781838390512981	0.0014873574615766
rf_002_024	0.000151347032451835	0.00106302231272357	0.000991571641051066
cproductos_lag2	0.000150859766804084	0.00175839891042137	0.0014873574615766
ctarjeta_visa_transacciones_lag2	0.000150419012538454	0.000915962670449846	0.000991571641051066
rf_001_013	0.000149017305310722	0.00215461770497865	0.0014873574615766
Master_fultimo_cierre_delta1	0.000147758955032869	0.00130904849651453	0.0014873574615766
cmobile_app_trx_delta2	0.000147531681110199	0.00172367517629509	0.0014873574615766
Visa_mlimitecompra_rank	0.000147033368454718	0.00100549300924533	0.0014873574615766
Master_msaldopesos_rank_delta2	0.000146511655035073	0.00225363171571547	0.0014873574615766
vmr_msaldopesos2	0.000146117576858619	0.000840215358626665	0.000991571641051066
vmr_Master_mlimitecompra_lag1	0.000144568028867714	0.00107529649664478	0.00198314328210213
Master_fultimo_cierre_delta2	0.000143399530834159	0.00138984110824787	0.00198314328210213
mcaja_ahorro_rank_delta1	0.000137909217076754	0.000995114203448966	0.000495785820525533
Master_cconsumos_tend6	0.00013680130069834	0.0008854467435739	0.000991571641051066
Visa_madelantopesos_rank_delta1	0.000134978818934491	0.000580667228571121	0.000495785820525533
Master_mpagosdolares_rank_tend6	0.000133441982656083	0.00154703881956149	0.00198314328210213
mextraccion_autoservicio_rank_lag2	0.000132523882434253	0.000375732435647895	0.000495785820525533
vm_fultimo_cierre_delta2	0.000132496354176697	0.000589109968340133	0.000495785820525533
Visa_mpagado_rank	0.000131790068502288	0.00102041868814621	0.000991571641051066
Master_msaldototal_rank_delta2	0.000130195784911304	0.00104967329004461	0.000991571641051066
mttarjeta_visa_debitos_automaticos_rank	0.000129085370657659	0.00224399207348121	0.00198314328210213
mpagomiscuentas_rank_delta2	0.00012782910448764	0.00175080044462926	0.000991571641051066
Master_mlimitecompra_rank_lag2	0.000126369786149256	0.00120309041708416	0.00198314328210213
Visa_mfinanciacion_limite_rank	0.000125933481155705	0.00203466637774639	0.00198314328210213
vm_status02	0.000125716939006731	0.00120136796254494	0.000991571641051066
ctransferencias_emitidas_tend6	0.000123470372567597	0.00169386450639583	0.000991571641051066
mrentabilidad_annual_rank_tend6	0.000120609164114837	0.0011697805875698	0.00247892910262767
cliente_antiguedad	0.000120086831498465	0.00083764184879346	0.0014873574615766
Visa_mconsumospesos_rank_delta1	0.00011936114166026	0.000977587889446547	0.00198314328210213
vmr_Visa_mlimitecompra_tend6	0.000119009305571756	0.00129390242480843	0.000991571641051066
Master_Fvencimiento_delta2	0.000118195025879763	0.000999437293089725	0.0014873574615766
cseguro_accidentes_personales	0.000118186689448428	0.00194884881005415	0.000991571641051066
rf_018_025	0.000117875021520609	0.000743208617746575	0.000495785820525533
ccajas_consultas_delta2	0.000115347698268729	0.00199022840689793	0.000991571641051066
Master_mconsumospesos_rank_lag2	0.000115077901565289	0.000995114203448966	0.000495785820525533
ccuenta_debitos_automaticos_tend6	0.000113328426113402	0.00199022840689793	0.000991571641051066
vm_fultimo_cierre_lag2	0.000112536123360331	0.00146281486138388	0.00198314328210213
cmobile_app_trx_lag1	0.000111880755072705	0.00134339247688413	0.000991571641051066
vmr_msaldototal	0.000110791691653013	0.00174646040169579	0.0014873574615766
vm_mfinanciacion_limite_rank_delta2	0.000109771030019531	0.00189221124977239	0.000991571641051066
rf_013_021	0.000109679977922502	0.000544292243734994	0.000495785820525533
Master_mpagospesos_rank	0.000105856207250616	0.000524436547314378	0.000991571641051066
ctrx_quarter	0.000105601956275463	0.000902084705038374	0.000991571641051066
Master_madelantopesos_rank_lag1	0.00010525404843208	0.000303602956488784	0.000495785820525533
ccomisiones_otras_lag1	0.000105110476235894	0.00118564886954529	0.000991571641051066
Master_mpagospesos_rank_tend6	0.000104021082674905	0.000207159064926629	0.000495785820525533
Master_mconsumototal_rank_lag1	0.000103871611566385	0.00122030818115928	0.000991571641051066
mcaja_ahorro_dolares_rank_tend6	0.000103328152452162	0.000904203866626981	0.000495785820525533
Master_madelantodolares_rank	0.000102795190958556	0.000435506355080789	0.000495785820525533
vmr_mpagospesos_lag2	0.000101938688085383	0.00135521909387783	0.0014873574615766
vmr_mpagominimo	0.000100518183164872	0.000369229152564777	0.000991571641051066
vm_mpagominimo_rank_delta1	9.9565196134127e-05	0.00163972586145936	0.000991571641051066
Master_mconsumosdolares_rank_tend6	9.89036976898231e-05	0.000545807868103166	0.000991571641051066
Master_mconsumospesos_rank_tend6	9.87039971100849e-05	0.0011525560421776	0.0014873574615766
Master_mfinanciacion_limite_rank_delta1	9.80941283287765e-05	0.00142325943883557	0.00247892910262767
vm_status03_lag1	9.78673768874322e-05	0.000469768959645393	0.000495785820525533
vmr_msaldodolares2_tend6	9.66392978031958e-05	0.000995114203448966	0.000495785820525533
Master_mfinanciacion_limite_rank_lag2	9.64922700311451e-05	0.000912738154176621	0.000991571641051066
rf_019_023	9.28164273844489e-05	0.00117700947158085	0.000991571641051066
vm_status04	9.27556232111656e-05	0.00134343994610372	0.000991571641051066
vm_msaldopesos_rank_lag1	9.23482273965864e-05	0.000677094166840568	0.0014873574615766
Master_mpagado_rank_tend6	9.19432632835411e-05	0.000430505133731676	0.000495785820525533
vmr_msaldototal_lag1	9.06250541709199e-05	0.000209820731881919	0.000495785820525533
Master_mfinanciacion_limite_rank_delta2	8.91327800593322e-05	0.00101624139682275	0.00198314328210213
cmobile_app_trx_tend6	8.8006844619843e-05	0.00221944031498024	0.0014873574615766
rf_002_017	8.59393442022157e-05	0.00108518704761113	0.0014873574615766
rf_001_015	8.57386357461838e-05	0.00114949427751438	0.000991571641051066
vm_mpagospesos_rank_lag2	8.34716470863924e-05	0.000457515119675429	0.000991571641051066
Master_msaldopesos_rank_lag1	8.28948277031592e-05	0.0011348127260285	0.0014873574615766
vmr_mpagominimo_tend6	8.28743603971265e-05	0.00125788684977773	0.000991571641051066
rf_011_017	8.13299332322386e-05	0.00106796250221893	0.000991571641051066
rf_016_015	8.10755411834917e-05	0.00119438659660743	0.000991571641051066
vmr_msaldopesos2_lag1	8.03221411100668e-05	0.00102045259473163	0.0014873574615766
vmr_Master_mlimitecompra_lag2	8.01649024094833e-05	0.000788158578034843	0.0014873574615766
rf_006_014	8.0106042724807e-05	0.000524426375338753	0.000495785820525533
Master_fultimo_cierre_lag2	7.89836830282508e-05	0.00101879795336324	0.0014873574615766
vmr_mconsumototal_lag2	7.71372551126348e-05	0.000415030168147029	0.000495785820525533
mtransferencias_recibidas_rank_lag2	7.68063633625222e-05	0.000806410492965201	0.000991571641051066
mtransferencias_recibidas_rank_lag1	7.58356141482638e-05	0.000499684739959445	0.000495785820525533
Master_madelantopesos_rank_tend6	7.54737763782717e-05	0.000374023543742842	0.000991571641051066
Master_delinquency_delta2	7.48095408153752e-05	0.00028889767039312	0.000495785820525533
Master_msaldototal_rank_lag1	7.47604821095488e-05	0.000505370874333996	0.000495785820525533
Visa_mlimitecompra_rank_delta2	7.47470452133337e-05	0.00113240535846385	0.0014873574615766
cproductos_tend6	7.3936792663414e-05	0.0008854467435739	0.000495785820525533
Master_mpagado_rank_lag2	7.37445777103475e-05	0.000379021374433413	0.000495785820525533
mcomisiones_mantenimiento_rank_lag1	7.35194707944276e-05	0.000995114203448966	0.000495785820525533
Visa_mpagospesos_rank_lag1	7.33086828482756e-05	0.000783930426833254	0.00198314328210213
rf_002_026	7.2878638904428e-05	0.000635511130484279	0.000991571641051066
ccomisiones_mantenimiento_delta2	7.14477425320879e-05	0.000995114203448966	0.000495785820525533
rf_011_016	7.07332993134776e-05	0.000613997402036737	0.000495785820525533
ctrx_quarter_delta1	6.96082824885108e-05	0.000682044528311555	0.000495785820525533
mttarjeta_visa_debitos_automaticos_rank_delta1	6.9563389089618e-05	0.000995114203448966	0.000495785820525533
Visa_mlimitecompra_rank_delta1	6.88162357040226e-05	0.00102946496513566	0.0014873574615766
vm_status04_lag1	6.84734690477949e-05	0.000435875936861842	0.000495785820525533
vm_status02_delta1	6.84187906680887e-05	0.000742920411770525	0.000495785820525533
cseguro_accidentes_personales_lag2	6.84041306492719e-05	0.000763810259046381	0.000495785820525533
mtarjeta_visa_consumo_rank_delta1	6.77884069502301e-05	0.00123053440732126	0.000991571641051066
mpasivos_margen_rank_tend6	6.71656702937741e-05	0.00142042484829465	0.000991571641051066
ccajas_transacciones_lag2	6.67442209313945e-05	0.000530912705129162	0.000495785820525533
rf_006_013	6.59322304129743e-05	0.000631123618331227	0.000495785820525533
cliente_antiguedad_lag2	6.57220453019215e-05	0.000217158116966314	0.000495785820525533
ctransferencias_emitidas_delta2	6.38696181226528e-05	0.000995114203448966	0.000495785820525533
vm_Fvencimiento	6.35839513670966e-05	0.00145964798630586	0.0014873574615766
vm_fechaalta_delta1	6.32123606123638e-05	0.000293315698473049	0.000495785820525533
ctrx_quarter_lag1	6.3030896339763e-05	0.000581460642669896	0.000495785820525533
Master_Fvencimiento_lag1	6.21354469741398e-05	0.000618513759214377	0.0014873574615766
vm_mpagominimo_rank_delta2	6.16392358788952e-05	0.000310367320279619	0.000495785820525533
vmr_mpagospesos_delta2	6.09305286835203e-05	0.000184380620843006	0.000495785820525533
mautoservicio_rank_delta2	5.99558643134431e-05	0.000892957052243925	0.000495785820525533
vm_mlimitecompra_rank_lag2	5.98006455467518e-05	0.000716500400413039	0.000991571641051066
Visa_mfinanciacion_limite_rank_lag2	5.95588439526574e-05	0.000897642942348653	0.0014873574615766
vmr_mpagominimo_lag1	5.91326329928963e-05	0.00114522882906883	0.000991571641051066
Master_cconsumos_lag2	5.82983688446963e-05	0.000467815940325332	0.000495785820525533
Master_mconsumosdolares_rank_lag1	5.82495486550491e-05	0.000405014162814636	0.000495785820525533
cproductos_lag1	5.7206511586101e-05	0.000995114203448966	0.000495785820525533
vm_mlimitecompra_rank_delta2	5.64965100041441e-05	0.000774199236818369	0.000991571641051066
vm_msaldototal_rank_delta2	5.63938985986278e-05	0.000582681279744934	0.000495785820525533
rf_008_018	5.63564748283703e-05	0.000995114203448966	0.000495785820525533
rf_015_019	5.53669235582326e-05	0.000331525029580275	0.000495785820525533
Master_mconsumospesos_rank_lag1	5.53119950274117e-05	0.000623019944416392	0.000495785820525533
Master_msaldototal_rank_tend6	5.47687366158271e-05	0.00042957609329123	0.000495785820525533
vm_msaldototal_rank_lag1	5.42799413376406e-05	0.000464140466466051	0.000991571641051066
Visa_mconsumosdolares_rank_delta2	5.41280988838148e-05	0.000949258937330045	0.00198314328210213
vmr_msaldopesos	5.3856658018542e-05	0.0011834178162248	0.000991571641051066
ctarjeta_debito_transacciones_delta2	5.28185468904404e-05	0.000863688887711351	0.000495785820525533
mtarjeta_master_consumo_rank_tend6	5.09605349420987e-05	0.000995114203448966	0.000495785820525533
vm_mfinanciacion_limite_rank_lag2	4.9543309619052e-05	0.00045682681599145	0.000991571641051066
Master_madelantodolares_rank_delta2	4.94183242324366e-05	0.00051659395410726	0.000495785820525533
mpagomiscuentas_rank_delta1	4.93655656170993e-05	0.000995114203448966	0.000495785820525533
vmr_mpagospesos	4.85813186025432e-05	0.000408818481698504	0.000495785820525533
Visa_msaldototal_rank_delta2	4.81925226868379e-05	0.000316860431387112	0.000495785820525533
rf_020_025	4.80521628236434e-05	0.000683021037971585	0.0014873574615766
ccajas_transacciones_lag1	4.71048540050473e-05	0.000847918934833571	0.000495785820525533
vmr_mpagado	4.6332759680693e-05	0.000995114203448966	0.000495785820525533
vmr_mconsumototal	4.6126547900137e-05	0.000277006630887127	0.000495785820525533
vm_fultimo_cierre	4.5775987291445e-05	0.000191738349878651	0.000495785820525533
vm_mpagado_rank_delta2	4.53346887289849e-05	0.000995114203448966	0.000495785820525533
rf_018_021	4.50854276868239e-05	0.000687347518270886	0.000495785820525533
Master_delinquency_lag2	4.44219629384088e-05	0.000389451040107903	0.000495785820525533
vm_status05	4.33142065403585e-05	0.000742764441477603	0.000495785820525533
vm_mconsumospesos_rank_tend6	4.17456979675768e-05	0.000387881165203063	0.000991571641051066
mpagomiscuentas_rank_lag2	4.12928284616934e-05	0.000231303944402585	0.000495785820525533
Visa_mpagado_rank_tend6	4.11795914512688e-05	0.000557705688926243	0.000495785820525533
cmobile_app_trx_delta1	4.10332006919404e-05	0.000774548474648172	0.000495785820525533
mextraccion_autoservicio_rank	4.07022304060127e-05	0.000236528949215456	0.000495785820525533
vm_mfinanciacion_limite_rank_tend6	4.01710199702097e-05	0.000812028814168916	0.000495785820525533
rf_019_017	3.97275602184676e-05	0.000845464098049328	0.000495785820525533
Master_madelantodolares_rank_lag1	3.95732327060206e-05	0.000461590691242639	0.000991571641051066
ctarjeta_debito_transacciones_tend6	3.80849138362407e-05	0.000909079633610049	0.000495785820525533
mtarjeta_visa_consumo_rank_lag2	3.79923084753137e-05	0.000700947449681932	0.000495785820525533
rf_007_021	3.79846817750483e-05	0.000875308674534003	0.000495785820525533
thomebanking_delta2	3.79403992102729e-05	0.000608060358930095	0.000495785820525533
tcallcenter_delta1	3.79103868939728e-05	0.000942186023611909	0.000495785820525533
mttarjeta_visa_debitos_automaticos_rank_lag1	3.77118192660856e-05	0.000382740926853737	0.000495785820525533
rf_007_025	3.75595354118917e-05	0.00059224293683273	0.000495785820525533
Visa_mpagospesos_rank_delta2	3.70448513112892e-05	0.000435686059983503	0.000991571641051066
Visa_mpagado_rank_delta2	3.6732631814806e-05	0.000645537307792298	0.000495785820525533
Master_mconsumosdolares_rank	3.63817192493131e-05	0.000652420344632095	0.000495785820525533
Master_fechaalta_delta2	3.60587501631394e-05	0.000660663035547142	0.000991571641051066
mtransferencias_emitidas_rank_lag2	3.54814515659974e-05	0.000995114203448966	0.000495785820525533
Master_madelantodolares_rank_delta1	3.52891871644547e-05	0.000312133853379882	0.000495785820525533
Visa_fultimo_cierre_lag2	3.49073314878162e-05	0.000237681773119658	0.000495785820525533
vmr_Visa_mlimitecompra_lag2	3.45891072738043e-05	0.000296211320867722	0.000495785820525533
Visa_cconsumos_delta2	3.42729991636989e-05	0.000649857006774515	0.000991571641051066
Visa_mpagosdolares_rank_delta2	3.41509239653427e-05	0.000298754314774051	0.000495785820525533
vmr_Visa_mlimitecompra_lag1	3.35200428539885e-05	0.000288236491977475	0.000495785820525533
ctarjeta_debito	3.34529092757557e-05	0.000995114203448966	0.000495785820525533
vm_mconsumosdolares_rank_lag1	3.33225863624481e-05	0.000785656272031016	0.000495785820525533
vm_mconsumototal_rank_tend6	3.32590450705723e-05	0.000641237952761332	0.000495785820525533
Master_mconsumototal_rank_lag2	3.16562512514028e-05	0.000804928775182446	0.000495785820525533
Master_cadelantosefectivo_lag2	3.12082335136516e-05	0.000213177483838273	0.000495785820525533
vmr_mconsumototal_delta1	3.07745005680452e-05	0.000312584810965938	0.000495785820525533
Master_mlimitecompra_rank_delta1	3.04835791847126e-05	0.000592622690589408	0.000991571641051066
Master_cadelantosefectivo_lag1	3.02268179722105e-05	0.000651481132216024	0.000495785820525533
Visa_delinquency_delta1	2.99493305763592e-05	0.000879923360809354	0.000495785820525533
Master_mconsumototal_rank_delta1	2.8394196362014e-05	0.000236054257019608	0.000495785820525533
Master_fultimo_cierre	2.74189327927549e-05	0.000401223406564935	0.000495785820525533
vm_mlimitecompra_rank_delta1	2.73803833424812e-05	0.000216568142380045	0.000495785820525533
Visa_mpagosdolares_rank_lag1	2.72611921537791e-05	0.000201923888138133	0.000495785820525533
rf_010_017	2.71474984721334e-05	0.000480995430077199	0.000495785820525533
Master_msaldototal_rank_delta1	2.66930524324804e-05	0.000502807536476416	0.000495785820525533
mttarjeta_visa_debitos_automaticos_rank_lag2	2.63958670907109e-05	0.000197282076594448	0.000495785820525533
rf_005_022	2.62647384581151e-05	0.00026292861662169	0.000495785820525533
Master_madelantopesos_rank_delta1	2.57695963225759e-05	0.000499264298300265	0.000495785820525533
vm_status01_delta1	2.55881960421206e-05	0.00063285285418753	0.000495785820525533
mautoservicio_rank_lag2	2.55447075616979e-05	0.000395805134215184	0.000495785820525533
Visa_madelantopesos_rank_delta2	2.49334167731078e-05	0.000219633297701807	0.000495785820525533
cseguro_accidentes_personales_lag1	2.48249559037342e-05	0.000809041643993615	0.000495785820525533
vm_mconsumospesos_rank_delta1	2.40252169724681e-05	0.000233840156991831	0.000495785820525533
Visa_mconsumosdolares_rank_lag1	2.32122040340847e-05	0.000315890703044165	0.000495785820525533
vmr_msaldopesos_delta1	2.26790767426468e-05	0.000194725520053952	0.000495785820525533
Visa_mfinanciacion_limite_rank_delta1	2.26178057175738e-05	0.000199428363451389	0.000495785820525533
Master_mpagosdolares_rank_lag1	2.22156005386253e-05	0.000267204237042865	0.000495785820525533
ctarjeta_visa	2.16197522182691e-05	0.000417640975224194	0.000495785820525533
Visa_cadelantosefectivo_tend6	2.06692201589288e-05	0.000271964721635512	0.000495785820525533
Visa_mfinanciacion_limite_rank_lag1	2.04124723993209e-05	0.000575109939221157	0.0014873574615766
vmr_msaldopesos_lag1	2.01134338304703e-05	0.000194844193102914	0.000495785820525533
Master_mpagosdolares_rank	1.9866475051185e-05	0.00047005038430436	0.000991571641051066
ctarjeta_visa_transacciones_lag1	1.89901549740041e-05	0.000995114203448966	0.000495785820525533
vmr_mconsumototal_tend6	1.86827396151357e-05	0.000484016506837917	0.000495785820525533
Visa_cadelantosefectivo_delta1	1.85292126407945e-05	0.000363376875921678	0.000991571641051066
Master_mconsumosdolares_rank_lag2	1.73778001465309e-05	0.000248464067282492	0.000495785820525533
vm_mlimitecompra_rank_lag1	1.71187570322903e-05	0.000405000600180468	0.000991571641051066
vm_mconsumospesos_rank_lag2	1.70255946488229e-05	0.000208488203075003	0.000495785820525533
vm_mfinanciacion_limite_rank_delta1	1.56891710445686e-05	0.000204510960605505	0.000495785820525533
Master_mpagominimo_rank_delta1	1.56047901287219e-05	0.000226482427956186	0.000495785820525533
vm_fultimo_cierre_delta1	1.52470827608567e-05	0.000180264361373295	0.000495785820525533
Master_mconsumosdolares_rank_delta2	1.51154378279951e-05	0.00019914354813388	0.000495785820525533
Visa_mpagosdolares_rank	1.25192750254543e-05	0.000229656084351284	0.000495785820525533
Master_madelantodolares_rank_tend6	1.24881283029363e-05	0.000228130288007487	0.000495785820525533
Master_cadelantosefectivo	1.07161443410078e-05	0.00020226295399231	0.000495785820525533
Visa_cadelantosefectivo	1.0666284278994e-05	0.000212909621813474	0.000495785820525533
Visa_mpagospesos_rank_delta1	1.04880530641144e-05	0.000204917839630517	0.000495785820525533
Visa_madelantodolares_rank_tend6	8.50470013643895e-06	0.00018019654820246	0.000495785820525533
vmr_mconsumospesos_lag1	4.16082566552515e-06	0.00018924960650899	0.000495785820525533
