Feature	Gain	Cover	Frequency
rf_008_013	0.262204755648696	0.0166780007058005	0.0142574257425743
rf_018_027	0.0835320571448135	0.0123674501569569	0.00514851485148515
vm_status04	0.0580559298230372	0.00297483585368031	0.000792079207920792
rf_007_020	0.0528753250060105	0.00334090175560822	0.00198019801980198
rf_006_019	0.0318118523578246	0.00473915360465731	0.00554455445544554
cdescubierto_preacordado_tend6	0.0275622048127413	0.00265619730383777	0.000396039603960396
rf_017_021	0.0259938837345534	0.014166462366848	0.00277227722772277
mcuentas_saldo_rank	0.0222441669065994	0.0129760868451488	0.00475247524752475
mcomisiones_rank_lag1	0.0194124847826546	0.00238656720888659	0.00475247524752475
mprestamos_personales_rank	0.0190885570484174	0.0168535489740251	0.00554455445544554
vm_status04_tend6	0.0146082791238098	0.000760284987293962	0.000396039603960396
mcaja_ahorro_rank	0.0115975094501974	0.00568251596664966	0.00237623762376238
rf_013_026	0.011349021033571	0.00406503442121951	0.00198019801980198
foto_mes	0.0100334505071142	0.0109294806232813	0.00831683168316832
ccomisiones_mantenimiento_tend6	0.00900329578013279	0.00619570945560831	0.00158415841584158
rf_001_022	0.00893350468345147	0.000992593413230416	0.00396039603960396
rf_007_015	0.00816296891894196	0.00211518500363559	0.00356435643564356
mpasivos_margen_rank_lag1	0.00712133927137004	0.00343697166386911	0.00435643564356436
mcomisiones_mantenimiento_rank_tend6	0.00661502158463965	0.00545027059375562	0.00316831683168317
mrentabilidad_annual_rank_lag1	0.00596022240668467	0.00341659215628139	0.00435643564356436
rf_017_016	0.00564670894847647	0.00269252445441077	0.00237623762376238
mprestamos_personales_rank_tend6	0.00561779704361402	0.00760892016129572	0.00316831683168317
rf_009_026	0.00550687910217586	0.00717233516352177	0.00277227722772277
vm_status04_delta1	0.00539307847666211	0.000760284987293962	0.000396039603960396
cdescubierto_preacordado	0.00501653919812177	0.00630876164995956	0.00435643564356436
mpasivos_margen_rank	0.00476732898733392	0.00413973985694224	0.00594059405940594
cdescubierto_preacordado_delta1	0.00476632117885896	0.00147156151969656	0.000396039603960396
mpayroll_rank	0.00446542829631827	0.00646707255387676	0.00158415841584158
rf_003_025	0.00443986041605453	0.000760284987293962	0.000396039603960396
cproductos_delta1	0.00434157042496908	0.00147156151969656	0.000396039603960396
ctarjeta_master_delta2	0.00429402088326425	0.0018053528620503	0.000792079207920792
cdescubierto_preacordado_delta2	0.00410842773852454	0.00530111384517807	0.00118811881188119
mtarjeta_visa_consumo_rank	0.0040950023142786	0.00693037580069936	0.00475247524752475
mprestamos_personales_rank_lag1	0.00400559754893999	0.00420983477777568	0.00356435643564356
rf_016_022	0.00393614714253197	0.00393897228245003	0.000792079207920792
mcomisiones_otras_rank_lag1	0.00381724279886264	0.00398690405887471	0.00514851485148515
mprestamos_personales_rank_delta2	0.00360996265165387	0.0105806453982169	0.00356435643564356
mprestamos_personales_rank_lag2	0.00350395942289917	0.00324591330255964	0.00277227722772277
mcuentas_saldo_rank_tend6	0.00345588221142507	0.00385396722778378	0.00475247524752475
rf_010_016	0.00339011313547871	0.000727670323430409	0.000396039603960396
Visa_delinquency	0.0033847293239812	0.00842878549692591	0.00277227722772277
Visa_msaldototal_rank	0.00331486785069495	0.00371148454821092	0.00594059405940594
mpayroll_sobre_edad_rank	0.00312353482717821	0.00307030962408565	0.00118811881188119
rf_010_019	0.00308480525814678	0.00174973530189492	0.00237623762376238
tcallcenter_delta2	0.00306268143989215	0.00221653703722241	0.000792079207920792
mprestamos_personales_rank_delta1	0.00305814516348303	0.00886975745789332	0.00316831683168317
ctrx_quarter_delta2	0.00304206638029088	0.00343239649689754	0.00316831683168317
rf_003_018	0.00300836991648369	0.00122054735784375	0.00237623762376238
thomebanking	0.00297218846798899	0.00517468580769276	0.0114851485148515
mcuentas_saldo_rank_delta2	0.00295295140943852	0.00649242274297484	0.00673267326732673
Visa_mpagominimo_rank	0.00295214674972921	0.00299184202349885	0.00514851485148515
vm_mpagominimo_rank	0.00275602578453212	0.00349650615544722	0.00396039603960396
mcuenta_debitos_automaticos_rank	0.00265596852557841	0.0132755266989252	0.00435643564356436
internet	0.00254897126046833	0.0163875631068525	0.00277227722772277
mpasivos_margen_rank_delta1	0.00252905490396178	0.000510512779306898	0.00158415841584158
mactivos_margen_rank	0.0024488794591024	0.00995862617944704	0.00752475247524752
cproductos_tend6	0.00243627733995738	0.0078732690862701	0.00158415841584158
ctrx_quarter_delta1	0.00242386782391012	0.00534538281304794	0.00316831683168317
ctarjeta_visa_transacciones_delta2	0.00241744084404256	0.00590745674011487	0.00356435643564356
rf_007_018	0.00238163718322848	0.000401389935917034	0.000792079207920792
mcomisiones_rank_lag2	0.00225455925533486	0.00296863468249374	0.00673267326732673
ccaja_seguridad	0.0022004120753821	0.0106247892153511	0.00158415841584158
Visa_Finiciomora	0.00212145775056713	0.0015124800781763	0.000396039603960396
cliente_vip_delta1	0.00205042611182101	0.00654191173847733	0.00356435643564356
Visa_fechaalta_tend6	0.00195617503892779	0.000662750528820612	0.00158415841584158
Visa_msaldototal_rank_tend6	0.00195573224239521	0.000772925211599848	0.00237623762376238
rf_014_025	0.00181564545862493	0.000584580997161587	0.00198019801980198
ccaja_seguridad_lag2	0.00179518984158943	0.00307276296064506	0.000792079207920792
mcomisiones_otras_rank_lag2	0.00168488626687551	0.00217144169235726	0.00554455445544554
mrentabilidad_annual_rank_lag2	0.00165194085925537	0.0048225164141734	0.00712871287128713
rf_010_010	0.00164699127924079	0.000683344989962023	0.000396039603960396
mcuenta_corriente_rank	0.00160462746894338	0.00334140809064579	0.00396039603960396
cprestamos_personales_delta2	0.00158700063231915	0.0074365016168128	0.00118811881188119
internet_lag1	0.00157042130339857	0.00663403223344517	0.00118811881188119
Visa_msaldopesos_rank	0.00156024265842801	0.00168516707576404	0.00396039603960396
mtransferencias_recibidas_rank	0.00152605951669211	0.00322200091389844	0.00356435643564356
rf_019_016	0.00151168761779571	0.000650648166073505	0.000792079207920792
rf_017_022	0.00149922084405793	0.00242578237987201	0.00118811881188119
ctrx_quarter_normalizado_delta1	0.00149061652125875	0.00390887496353743	0.00277227722772277
ctrx_quarter_normalizado_tend6	0.00148844050872179	0.00307681746234215	0.00356435643564356
mrentabilidad_annual_rank_delta1	0.00147038941263535	0.00450019403809524	0.00792079207920792
ctarjeta_visa_transacciones_tend6	0.00146296069576161	0.00328638475764771	0.00237623762376238
mttarjeta_visa_debitos_automaticos_rank_tend6	0.00143988454536863	0.00414119198761603	0.00277227722772277
rf_012_027	0.00143080067493934	0.00343665066656228	0.00594059405940594
mplazo_fijo_dolares_rank	0.00142085529668425	0.0114053199613549	0.00237623762376238
rf_014_023	0.00137049445477888	0.000285200375031089	0.000396039603960396
mcomisiones_rank_tend6	0.00136502792798845	0.00419506890166111	0.00316831683168317
rf_009_015	0.00134416969689446	0.00136308831371339	0.00356435643564356
ccajas_consultas_tend6	0.00132330198173826	0.00452673363685705	0.00118811881188119
Visa_mpagominimo_rank_lag1	0.00131570257717062	0.0025111084318451	0.00514851485148515
vm_Finiciomora_delta1	0.00130720032861971	0.00429748232812858	0.000792079207920792
vm_status01	0.00126161756154017	0.000679068847267355	0.00118811881188119
ctrx_quarter_normalizado_delta2	0.00126080906102743	0.00246785404474863	0.00435643564356436
Visa_fechaalta_lag2	0.00126076764931156	0.00147990840502348	0.00316831683168317
vm_cconsumos_tend6	0.00122446372182464	0.000889228459031965	0.00118811881188119
rf_011_016	0.00121903603314171	0.000616985484217091	0.00118811881188119
mcuentas_saldo_rank_delta1	0.00118129421142731	0.00210500384798388	0.00356435643564356
rf_012_028	0.00118105077465951	0.00198811210548922	0.000792079207920792
ccomisiones_otras_tend6	0.00112993621680652	0.00173001211915778	0.00316831683168317
rf_013_024	0.00112762297169625	0.00234644445623006	0.00356435643564356
ccaja_ahorro_tend6	0.00111349257493532	0.00531239460767554	0.000792079207920792
cliente_vip_lag1	0.00107674478292529	0.00867237181931244	0.00277227722772277
mcuenta_corriente_rank_delta2	0.00104906311129157	0.00416537665077857	0.00198019801980198
vm_Finiciomora_tend6	0.00104494007066189	0.00187039589669754	0.000792079207920792
rf_004_022	0.00102903583119204	0.00116115234723826	0.00237623762376238
Visa_mpagominimo_rank_lag2	0.00101823632140643	0.00396121281013812	0.00435643564356436
rf_014_015	0.000980309539999656	0.0025681895868638	0.00118811881188119
vmr_mpagominimo_delta1	0.000975016189980199	0.00539311014475933	0.00118811881188119
Master_msaldopesos_rank	0.000973230398792194	0.00292456538259152	0.00316831683168317
Visa_status	0.000955769086537918	0.00241862012746318	0.000792079207920792
tcallcenter_delta1	0.00095280323011539	0.00123795095289933	0.000792079207920792
ccaja_ahorro	0.000944117844154885	0.00531239460767554	0.000792079207920792
vm_Finiciomora_lag1	0.000938096331296888	0.00243842260417789	0.000792079207920792
rf_017_018	0.000936155408932863	0.00303400349119346	0.00396039603960396
tcallcenter	0.000910742280880753	0.00515430630010504	0.00435643564356436
Visa_Fvencimiento_tend6	0.000888062778345379	0.00102224076270397	0.00198019801980198
mcuenta_corriente_rank_lag2	0.000813211095923623	0.00326543872802738	0.00356435643564356
mactivos_margen_rank_delta2	0.000807976063163798	0.00273973780829157	0.00871287128712871
Visa_mpagospesos_rank_tend6	0.00079785008682604	0.00205855381805594	0.00435643564356436
mcuenta_corriente_rank_lag1	0.000775376515977327	0.00138590491692535	0.00237623762376238
mcuenta_corriente_rank_tend6	0.000772749256959006	0.00594398355865551	0.00435643564356436
vm_mpagominimo_rank_lag1	0.000755198179143096	0.000536308161098391	0.00118811881188119
Visa_msaldototal_rank_lag1	0.00072946665976151	0.000713355372104024	0.000792079207920792
Master_mpagominimo_rank	0.000714976060415763	0.00382276361458154	0.00396039603960396
Visa_mconsumospesos_rank	0.000707055313572755	0.00280468053128043	0.00514851485148515
mpayroll_sobre_edad_rank_tend6	0.000699946733722904	0.00231211685138091	0.000792079207920792
ccajas_transacciones_delta1	0.000678673152304759	0.00277058985301489	0.00158415841584158
internet_tend6	0.000676643942722991	0.00133882435657327	0.000792079207920792
mcomisiones_otras_rank_tend6	0.00067098075868147	0.00346508185659653	0.00435643564356436
ctrx_quarter	0.000667827014014022	0.00427240250283358	0.00198019801980198
ccallcenter_transacciones_delta1	0.000666127847959563	0.000712962723612623	0.000396039603960396
mpayroll_rank_delta2	0.00066214714099349	0.0053119904949946	0.00198019801980198
cdescubierto_preacordado_lag1	0.000631859447658652	0.00465298875615028	0.00198019801980198
rf_002_026	0.000630810155760054	0.00702521999602968	0.00475247524752475
mcomisiones_rank	0.000620421259817987	0.00182243545979904	0.00396039603960396
rf_010_015	0.000614619253849489	0.00225833547224857	0.00198019801980198
chomebanking_transacciones_delta1	0.000595325029822563	0.00589402166533491	0.00356435643564356
Visa_Finiciomora_tend6	0.000588250964058303	0.000288227876416121	0.000396039603960396
Master_Fvencimiento_tend6	0.000587917822975643	0.000499944707258548	0.00118811881188119
vm_fechaalta_tend6	0.000579907084723539	0.00103170922790657	0.00198019801980198
Master_delinquency	0.000579059244932477	0.00299817025611938	0.000792079207920792
Master_msaldototal_rank	0.000578405778653604	0.000149129043452846	0.000792079207920792
ccaja_ahorro_lag2	0.00057751479740393	0.00340384779892061	0.00118811881188119
Visa_Fvencimiento	0.000571384062895397	0.000634473149995887	0.00237623762376238
cprestamos_personales_tend6	0.000570238632230343	0.000838280645411783	0.000396039603960396
rf_004_021	0.000561035398711915	0.00154286209112889	0.000792079207920792
rf_015_025	0.000533414267117054	0.00340857964314909	0.00594059405940594
Visa_msaldodolares_rank	0.000521843407386317	0.00048465052307648	0.00118811881188119
rf_006_013	0.000510161872351258	0.000684110224613146	0.000792079207920792
mtarjeta_visa_consumo_rank_tend6	0.00050687626779192	0.00120377238251406	0.00118811881188119
Visa_cconsumos_tend6	0.000502191315424853	0.00396648729267102	0.00475247524752475
Visa_status_delta2	0.00048844575240255	0.0011815987292649	0.000792079207920792
thomebanking_delta2	0.000482004212263994	0.00178979786755642	0.00158415841584158
rf_009_025	0.00048064894069369	0.00137759720091266	0.00316831683168317
mrentabilidad_annual_rank_delta2	0.000478519538574932	0.00121505601105891	0.00435643564356436
mttarjeta_visa_debitos_automaticos_rank_delta2	0.000471035540624538	0.00212085309000902	0.00118811881188119
vm_fechaalta_lag2	0.000470017484769607	0.00235574669068448	0.00475247524752475
mpasivos_margen_rank_delta2	0.000467635020271433	0.00115577277630133	0.00316831683168317
ctrx_quarter_tend6	0.000465171759633496	0.00131009796365862	0.00158415841584158
mrentabilidad_rank_delta1	0.000464887072401088	0.000919722247832479	0.00198019801980198
vm_status06	0.000457736461573109	0.0027844920935182	0.00198019801980198
rf_013_016	0.000456931435570443	0.0016296966393743	0.00198019801980198
mautoservicio_rank	0.000454054111161339	0.00302099163607698	0.00118811881188119
mcomisiones_otras_rank_delta2	0.000451667826694995	0.00226568401773726	0.00396039603960396
mcaja_ahorro_dolares_rank	0.00044815466730705	0.00791603528996242	0.00435643564356436
thomebanking_lag2	0.000445667391051322	0.00178861514533658	0.00514851485148515
vm_Finiciomora	0.000439843280741041	0.00133455967806813	0.000396039603960396
Visa_msaldopesos_rank_lag1	0.000438944101611316	0.000763784431147976	0.00198019801980198
mplazo_fijo_dolares_rank_tend6	0.000435625423988028	0.00531239460767554	0.000792079207920792
mcomisiones_otras_rank	0.000426028137848144	0.00104871348702686	0.00237623762376238
mrentabilidad_rank_delta2	0.000423262528981459	0.00268551314716408	0.00475247524752475
thomebanking_lag1	0.000410982083418552	0.000823266378524071	0.00237623762376238
vm_fechaalta	0.000409850076418431	0.00279714473736275	0.00356435643564356
Master_fechaalta_lag2	0.00040635746294703	0.0031784417704303	0.00316831683168317
ccajas_transacciones_delta2	0.00040318743238087	0.000898548845119806	0.000396039603960396
mtarjeta_visa_consumo_rank_delta2	0.000400041054934167	0.000951414044438871	0.00277227722772277
cliente_edad_lag1	0.000396897554554446	0.00445518754069895	0.00277227722772277
chomebanking_transacciones_delta2	0.000395885947792912	0.00187282343883051	0.00118811881188119
chomebanking_transacciones	0.000389860981956908	0.00293516498116108	0.00198019801980198
ccallcenter_transacciones_tend6	0.000387388653722834	0.00518042745594901	0.00158415841584158
mcaja_ahorro_rank_lag1	0.00038717125640174	0.00105399943374929	0.00158415841584158
Master_fechaalta	0.000386856874056097	0.00181047544407193	0.00277227722772277
Visa_mconsumototal_rank_delta2	0.000384362836713299	0.000569710987992127	0.00198019801980198
mrentabilidad_rank_lag2	0.00038261591042825	0.000457250154750795	0.00198019801980198
rf_017_015	0.000381307097594691	0.00100048746307091	0.000792079207920792
Visa_mconsumototal_rank_lag1	0.000375862811802901	0.00146044507724902	0.00435643564356436
chomebanking_transacciones_lag1	0.000373911912722973	0.00277247857823995	0.00277227722772277
Master_fechaalta_tend6	0.00037290583080281	0.00128866852737978	0.00316831683168317
mactivos_margen_rank_delta1	0.000369943931782852	0.00166474457746558	0.00356435643564356
ctrx_quarter_lag1	0.000367067439659923	0.000250665459421272	0.000792079207920792
vm_fechaalta_lag1	0.000361361243160799	0.000988432867780176	0.00118811881188119
rf_003_021	0.000357194566122057	0.000829324247341517	0.000792079207920792
cliente_edad	0.000350141285214495	0.00299826101428649	0.00277227722772277
mpagomiscuentas_rank	0.000346198540144324	0.00315916855713222	0.00237623762376238
Master_fultimo_cierre	0.000340796152501732	0.000779822832300362	0.00237623762376238
vm_mpagominimo_rank_tend6	0.000339429047290042	0.000488065896207275	0.00118811881188119
vmr_mpagominimo	0.000338137774765586	0.00219122888348594	0.00475247524752475
vm_msaldopesos_rank	0.000335121194534425	0.00206334967067597	0.00237623762376238
rf_004_019	0.000320021900680854	0.000660465333707644	0.00237623762376238
cplazo_fijo_tend6	0.000318842179193823	0.00204430000907372	0.000396039603960396
rf_015_029	0.000318095273456299	0.0017561972833933	0.00475247524752475
mpasivos_margen_rank_lag2	0.000318087412481326	0.00169274681574159	0.00277227722772277
cproductos	0.000306830070846901	0.00265619730383777	0.000396039603960396
mactivos_margen_rank_lag1	0.000306495727796397	0.00162291270521996	0.00316831683168317
vm_mpagominimo_rank_lag2	0.000303958383820106	0.00201095259242937	0.00118811881188119
Visa_msaldototal_rank_lag2	0.000302138095197976	0.000868020663750703	0.00198019801980198
Visa_mconsumototal_rank_delta1	0.000301866783350821	0.00180642954051698	0.00514851485148515
mcaja_ahorro_dolares_rank_delta2	0.000298173795475777	0.0019663846002826	0.000792079207920792
thomebanking_tend6	0.000297551369059514	0.00191511387865733	0.000792079207920792
rf_007_026	0.000296512578685074	0.000379894580548396	0.00158415841584158
vm_status05	0.00029641363682625	0.00039492317767302	0.000396039603960396
Master_Finiciomora	0.000294508494824768	0.00106002864209291	0.000396039603960396
cproductos_delta2	0.000293636996172364	0.0028987967505756	0.000792079207920792
mpayroll_sobre_edad_rank_lag1	0.000291628745235002	0.00152383344720745	0.000396039603960396
vm_mconsumototal_rank_tend6	0.000290396714413601	0.000403490748648396	0.000792079207920792
Visa_fechaalta	0.000285349089111559	0.00162612745503398	0.00316831683168317
Visa_msaldototal_rank_delta1	0.000279979897839888	0.00174725521555994	0.00356435643564356
mcomisiones_mantenimiento_rank_delta2	0.000278824455864076	0.000769917772546494	0.00158415841584158
Visa_msaldopesos_rank_lag2	0.00027670168571774	0.000943643234635826	0.00198019801980198
mrentabilidad_annual_rank_tend6	0.000276560810492826	0.00151913599554755	0.00198019801980198
Master_Fvencimiento_lag2	0.000275256289143824	0.00164342022959076	0.00277227722772277
Master_mpagominimo_rank_lag1	0.000272310428451654	0.0016691095676291	0.00198019801980198
ccaja_ahorro_delta2	0.000272301690260261	0.00482687471689303	0.000792079207920792
cliente_antiguedad	0.000271736528424786	0.00369719443596185	0.00316831683168317
Visa_mfinanciacion_limite_rank_tend6	0.00026693678831994	0.00337123409040618	0.00277227722772277
mcomisiones_rank_delta2	0.000265753511170865	0.00112248363595377	0.00396039603960396
Visa_status_tend6	0.000265004594003313	0.000685565221334321	0.00118811881188119
mactivos_margen_rank_lag2	0.000264014924303323	0.00147339101327571	0.00237623762376238
Visa_mpagosdolares_rank_tend6	0.000260213170444135	7.19941548988974e-05	0.000396039603960396
numero_de_cliente	0.000255712694685549	0.00134885170101546	0.00237623762376238
rf_016_013	0.000255231517482285	0.00288986519158265	0.000792079207920792
mtransferencias_emitidas_rank	0.000248736139615374	0.0034180968311572	0.00356435643564356
vmr_mpagominimo_tend6	0.000246914990189043	0.00128972514351479	0.000792079207920792
ccuenta_debitos_automaticos_tend6	0.0002458319880687	0.00237357159470528	0.000396039603960396
vm_msaldototal_rank_tend6	0.000243171725080441	0.000574278512170681	0.00118811881188119
mrentabilidad_rank_tend6	0.00024201673733555	0.000985457910597156	0.00198019801980198
ctrx_quarter_normalizado	0.000241783780272751	0.0011786591199996	0.00158415841584158
Master_msaldototal_rank_tend6	0.000241156507705879	0.000606268377704852	0.000792079207920792
cpagomiscuentas_tend6	0.000236619818646652	0.00321901735857327	0.000792079207920792
cliente_edad_lag2	0.000236529723118048	0.00131953394699089	0.00198019801980198
ctarjeta_visa_debitos_automaticos_tend6	0.000236165263499979	0.00191703699645098	0.000396039603960396
ctarjeta_master_transacciones_tend6	0.000235566319095012	0.00263268329576273	0.000396039603960396
internet_lag2	0.000233415724541447	0.0016156730695318	0.000396039603960396
Visa_cconsumos_delta1	0.000232671900904033	0.0016195403227999	0.00158415841584158
Visa_mpagominimo_rank_delta2	0.000232500869301154	0.000744312505231372	0.000792079207920792
rf_014_030	0.000232167406672957	0.00382922559607991	0.00198019801980198
rf_011_022	0.000227016490608688	0.00193141213477239	0.000396039603960396
rf_008_022	0.000225301099136701	0.000631061598261602	0.00277227722772277
Visa_mlimitecompra_rank	0.000224417364528196	0.00069733512258506	0.00198019801980198
mcomisiones_rank_delta1	0.000224344522962107	0.000770076360501658	0.00158415841584158
Master_mpagominimo_rank_lag2	0.00021978117703013	0.0010184336964309	0.000792079207920792
mpagomiscuentas_rank_tend6	0.000219253698417757	0.00248282341022735	0.00118811881188119
ccajas_consultas_delta2	0.00021392239683779	0.00137369077833033	0.000396039603960396
Visa_mconsumospesos_rank_tend6	0.000213358296293987	0.000890822936725754	0.00277227722772277
rf_019_023	0.000212680370543662	0.000372764810009901	0.000792079207920792
Master_mlimitecompra_rank	0.000212537625569724	0.00098078816406196	0.00356435643564356
vm_status06_delta2	0.00020673288359321	0.000882391980675611	0.000396039603960396
vm_msaldopesos_rank_delta2	0.000206166669461682	0.000218770173450723	0.000396039603960396
Master_fechaalta_lag1	0.000205501102304544	0.00134467013788441	0.00435643564356436
ccallcenter_transacciones_delta2	0.000199225805850537	0.000729131052246349	0.000396039603960396
vmr_msaldototal_delta2	0.000198192658600289	0.000191125235748399	0.000396039603960396
Visa_msaldototal_rank_delta2	0.000198029951390321	0.000884452668743617	0.00198019801980198
cliente_antiguedad_lag2	0.000197279440562695	0.00686913601092867	0.00316831683168317
mprestamos_prendarios_rank_lag1	0.000197128863466755	0.00265619730383777	0.000396039603960396
Visa_cconsumos	0.000197124153972999	0.000475191611365152	0.00158415841584158
mpayroll_sobre_edad_rank_delta2	0.00019524407003444	0.0032155991193951	0.00198019801980198
Visa_mconsumospesos_rank_lag1	0.000194078161129326	0.00109576443155599	0.00396039603960396
Master_fultimo_cierre_tend6	0.000193255914831926	0.00216322568986081	0.00118811881188119
mcomisiones_mantenimiento_rank_delta1	0.000192707483699824	0.000807845132908046	0.000396039603960396
mcaja_ahorro_rank_lag2	0.000192682741823347	0.000425432252059574	0.00158415841584158
rf_005_013	0.000190365125512019	0.000116533486571843	0.000396039603960396
tcuentas_lag2	0.000189795567306895	0.00261909249907499	0.000792079207920792
Visa_mconsumototal_rank	0.000189298920796608	0.00129828507169715	0.00316831683168317
vmr_msaldopesos_delta1	0.000188901548217471	0.000994613021285941	0.000792079207920792
mrentabilidad_annual_rank	0.000186731911947675	0.000819465999694896	0.00277227722772277
rf_015_019	0.000186496531522477	0.000435143375940561	0.00118811881188119
Visa_delinquency_lag1	0.000185816609701666	0.000906203102329297	0.000396039603960396
Master_msaldopesos_rank_lag2	0.000185179127298375	0.000290585678062779	0.00118811881188119
rf_012_025	0.000178225299277368	0.00119490865330917	0.000792079207920792
mpayroll_rank_tend6	0.000176874520157581	0.00183270641826873	0.000792079207920792
vmr_msaldopesos2_tend6	0.000174651064916254	0.00164602260061406	0.00118811881188119
Visa_mconsumosdolares_rank	0.000170374163981017	0.00145043301839288	0.00237623762376238
rf_001_017	0.00016881407785555	0.00189245299735315	0.000792079207920792
vm_mpagospesos_rank_tend6	0.000168336304824274	0.0030183481850412	0.00158415841584158
Master_cadelantosefectivo_tend6	0.000167522153818588	0.000503943798706242	0.00158415841584158
mv_status07_rank_tend6	0.00016536499054903	0.000122844522908075	0.000396039603960396
vm_status06_delta1	0.000164747794606854	0.000885557052335002	0.000396039603960396
Visa_Fvencimiento_lag2	0.000164081765323702	0.000564572165035331	0.00198019801980198
Visa_mfinanciacion_limite_rank_delta1	0.00016208760555134	0.00106107952613315	0.00277227722772277
mcomisiones_mantenimiento_rank	0.000161867302400011	0.00149872496143862	0.00118811881188119
Master_msaldototal_rank_lag2	0.000158872767267542	0.00127461152031782	0.00158415841584158
thomebanking_delta1	0.000158077329356871	0.00163052397171871	0.000792079207920792
rf_015_015	0.000158062763343996	0.000313285728681188	0.00118811881188119
Visa_cconsumos_lag2	0.000157060747156626	0.000828090891617921	0.00158415841584158
Visa_msaldopesos_rank_tend6	0.000154592872041161	0.000585902245004913	0.00118811881188119
Master_msaldopesos_rank_lag1	0.000153902523914881	0.000408826373525455	0.00118811881188119
Visa_mlimitecompra_rank_delta2	0.000152699667991969	0.000792393316119942	0.00277227722772277
Visa_madelantodolares_rank_delta1	0.000152430983583362	7.75399565840061e-05	0.000396039603960396
Visa_cconsumos_lag1	0.00015162490691151	0.000712549057440418	0.00237623762376238
Visa_mpagospesos_rank	0.00014831068298102	0.000944474388376747	0.00158415841584158
Master_madelantopesos_rank	0.000147183542515199	0.00049484887501249	0.00118811881188119
vm_Fvencimiento_tend6	0.000146031223693973	0.000836603052343902	0.00198019801980198
rf_020_025	0.000144007375884052	0.000668682291553229	0.00198019801980198
Master_mconsumospesos_rank_tend6	0.000143683934375666	0.00179298873364226	0.00237623762376238
Master_mconsumospesos_rank_lag2	0.000142969699052433	0.00209968637474024	0.00118811881188119
Master_mconsumototal_rank_tend6	0.00014180758677712	0.000862675485382368	0.00198019801980198
Visa_Finiciomora_delta1	0.000138264630375431	0.00243420091638349	0.000396039603960396
Visa_fultimo_cierre_tend6	0.00013826282665808	0.000840190388317645	0.00118811881188119
vm_cconsumos_lag2	0.000135085298338998	0.00116796685256468	0.000396039603960396
cextraccion_autoservicio_delta2	0.000134610292896103	0.000238891736774023	0.000396039603960396
rf_001_019	0.000130717339535297	0.000369388606193333	0.00118811881188119
Master_mpagominimo_rank_tend6	0.000130439004932624	0.0012411676134116	0.000792079207920792
mtransferencias_emitidas_rank_lag1	0.000130412052717667	0.000942888508825105	0.00198019801980198
Visa_mfinanciacion_limite_rank_lag2	0.000129188361146302	0.000887566151550124	0.00237623762376238
rf_017_013	0.000127936140590617	0.00216023258104436	0.000792079207920792
mcuenta_debitos_automaticos_rank_tend6	0.000122252740521766	0.00145833375567726	0.000396039603960396
Visa_mconsumospesos_rank_delta2	0.000122124094075598	0.00149602896620083	0.00396039603960396
rf_004_023	0.00012122397854019	0.000798121589488402	0.000396039603960396
rf_019_021	0.000120853340654282	0.000946375533140462	0.000792079207920792
cinversion1	0.000120383170643812	0.00265619730383777	0.000396039603960396
ctarjeta_debito_delta2	0.000119504610238924	0.0025643605475608	0.000396039603960396
Visa_mconsumototal_rank_tend6	0.000119269629353197	0.000510726777511457	0.00198019801980198
vm_mpagospesos_rank	0.00011884886404907	0.000960568199778528	0.00118811881188119
Master_mlimitecompra_rank_lag1	0.000118498384771646	0.000836010735884855	0.00237623762376238
rf_010_017	0.000116670480305167	0.000346628368579892	0.000792079207920792
Visa_mfinanciacion_limite_rank	0.000115534885584146	0.000854996389095563	0.00158415841584158
mplazo_fijo_dolares_rank_delta2	0.000115526154857202	0.00232633913384192	0.000396039603960396
Master_mlimitecompra_rank_delta2	0.000115498643334835	0.000875314754339127	0.00396039603960396
rf_019_026	0.000114593519679823	0.000822562286217107	0.000792079207920792
rf_020_015	0.000114423957999404	0.000118823458430448	0.000396039603960396
Visa_msaldodolares_rank_delta2	0.000114272702978288	0.000368658719459927	0.000396039603960396
matm_rank_lag2	0.000114242541192318	0.00157825873165171	0.00356435643564356
vm_mconsumototal_rank_delta2	0.000113705099884873	0.000300730530447648	0.000792079207920792
mtransferencias_emitidas_rank_tend6	0.000113007036196849	0.0015324869996043	0.00118811881188119
mrentabilidad_rank	0.000112683116867965	0.0013513967510911	0.00158415841584158
ccajas_transacciones	0.000111168134872967	0.000606938077443226	0.000792079207920792
Visa_mconsumototal_rank_lag2	0.000110369313168017	0.000421750336522208	0.00198019801980198
mactivos_margen_rank_tend6	0.000109301063863195	0.000573801792956061	0.00118811881188119
vmr_mpagominimo_delta2	0.000108571666136672	0.000155257608105726	0.000792079207920792
Master_mfinanciacion_limite_rank_delta2	0.000107616324700532	0.00206200549445358	0.00514851485148515
Master_Fvencimiento	0.000107318361824192	0.000555950139159689	0.00198019801980198
Visa_mlimitecompra_rank_lag1	0.000105625120820461	0.000769712372484083	0.00237623762376238
rf_020_016	0.000104480439375651	0.000713256015794764	0.000792079207920792
Visa_mlimitecompra_rank_lag2	0.000103951566633695	0.000559437163475046	0.00198019801980198
ctarjeta_visa_descuentos_delta2	0.000103836963975997	0.000127990988657891	0.000396039603960396
vmr_msaldopesos2_lag1	0.000103736623394083	0.000477358343186311	0.000792079207920792
rf_001_015	0.000103322719259271	0.000428094810077902	0.000792079207920792
ctrx_quarter_lag2	0.000103221966410042	0.000856801998946529	0.00237623762376238
mcuentas_saldo_rank_lag2	0.000103052908771394	0.0016815138207005	0.00198019801980198
rf_014_024	0.000103047382877344	0.00049245763614637	0.000396039603960396
Visa_mpagospesos_rank_delta2	0.00010188695106026	0.000509755187448794	0.00198019801980198
Master_mconsumosdolares_rank	9.99596821322505e-05	0.000526593215820894	0.00158415841584158
Master_status_delta2	9.96520151120537e-05	0.00010742327729205	0.000396039603960396
Visa_fultimo_cierre	9.86340019384658e-05	0.000349032026984669	0.000396039603960396
Master_status	9.81956771856206e-05	0.000367895395507058	0.000792079207920792
rf_016_020	9.70599391088809e-05	0.000707153245568326	0.00277227722772277
mpayroll_rank_delta1	9.63546100228647e-05	0.00208361071497188	0.00118811881188119
vm_mlimitecompra_rank_delta2	9.5307885895064e-05	0.000483012099322826	0.00158415841584158
mtarjeta_master_consumo_rank_lag1	9.49613210517738e-05	0.00107245486819424	0.000396039603960396
ccomisiones_otras_lag1	9.42857293775424e-05	0.00115802548954396	0.000792079207920792
tcallcenter_lag1	9.41185345019595e-05	0.00427056250041403	0.00277227722772277
mcuentas_saldo_rank_lag1	9.25108883462789e-05	0.000219329052690307	0.000792079207920792
Master_status_delta1	9.17579006610296e-05	0.000172009655056351	0.000396039603960396
vm_mconsumototal_rank_lag2	9.13949477134816e-05	0.000423032415051306	0.00118811881188119
vmr_mpagominimo_lag1	8.890911896892e-05	0.000264676609725114	0.000792079207920792
rf_003_028	8.82139237350499e-05	0.00018621665193133	0.000792079207920792
rf_013_019	8.80423470359259e-05	0.00022501051395152	0.000396039603960396
mcajeros_propios_descuentos_rank_delta2	8.77054775561937e-05	0.00222547050691362	0.000396039603960396
rf_003_023	8.76243929585032e-05	0.000163542395739363	0.000396039603960396
Master_mconsumototal_rank_lag2	8.74406476866863e-05	0.000992732894203031	0.000792079207920792
mcomisiones_mantenimiento_rank_lag1	8.60358439282389e-05	0.000952307295873079	0.00118811881188119
vmr_mconsumosdolares_lag2	8.48304592793453e-05	0.000805744320176685	0.000792079207920792
rf_008_017	8.46750731636487e-05	0.000514492763772042	0.000396039603960396
vmr_Master_mlimitecompra_tend6	8.35770283583095e-05	0.00138916647884662	0.00118811881188119
ccajas_transacciones_lag1	8.35118282058986e-05	0.000651798406423009	0.00118811881188119
rf_008_010	8.34237036748855e-05	0.00135179799772465	0.000396039603960396
mcuenta_debitos_automaticos_rank_lag1	8.26302001991582e-05	0.000745231551092023	0.00118811881188119
mcomisiones_mantenimiento_rank_lag2	8.25797813802955e-05	0.00118196844937725	0.00118811881188119
rf_006_017	8.2367172408173e-05	0.00047698098028095	0.000792079207920792
Master_mpagosdolares_rank_tend6	8.23010691530113e-05	0.00045451785624616	0.00118811881188119
mcuenta_corriente_rank_delta1	8.20956654804881e-05	0.00119751006898333	0.000396039603960396
Master_msaldototal_rank_delta2	8.2046325083253e-05	0.000315609137759256	0.000792079207920792
Master_cconsumos	8.0806501376061e-05	0.00042570834795742	0.00118811881188119
rf_005_019	7.97881528764119e-05	0.000438931335231078	0.00198019801980198
vm_mconsumospesos_rank_lag1	7.93772429430272e-05	0.001016029082677	0.000792079207920792
Master_mpagospesos_rank_tend6	7.80681122004579e-05	0.000927132891014458	0.00198019801980198
vmr_mconsumototal_lag1	7.76657065723672e-05	0.000816453783895904	0.00158415841584158
mautoservicio_rank_lag2	7.75282838232205e-05	0.000966677657448859	0.00198019801980198
vm_mfinanciacion_limite_rank_lag2	7.66318993881822e-05	0.000453832870921746	0.00158415841584158
vm_mpagominimo_rank_delta2	7.56836906885748e-05	0.000491428725136057	0.000792079207920792
mcuenta_debitos_automaticos_rank_lag2	7.56489017581075e-05	0.000868543239723443	0.00118811881188119
Visa_mpagospesos_rank_delta1	7.55645610333535e-05	0.00120138687574271	0.00237623762376238
rf_017_020	7.49567001514762e-05	0.000392359020614823	0.00158415841584158
Visa_mlimitecompra_rank_tend6	7.43867612594029e-05	0.0004025353995209	0.000792079207920792
mtransferencias_emitidas_rank_delta1	7.42829877960772e-05	0.000472095324842941	0.000792079207920792
Visa_mconsumospesos_rank_lag2	7.36861687496986e-05	0.000897819913735528	0.00277227722772277
vm_status05_lag2	7.35670222516157e-05	0.000143106522553117	0.000396039603960396
vm_mfinanciacion_limite_rank_lag1	7.34840837907812e-05	0.000818565105467668	0.00118811881188119
mtransferencias_emitidas_rank_lag2	7.26738560234522e-05	0.00054795577766081	0.000792079207920792
rf_008_019	7.26365452572647e-05	0.000458425234177614	0.00118811881188119
rf_009_023	6.99464378667709e-05	0.000856424636041168	0.000396039603960396
rf_011_017	6.97390869297808e-05	0.000164114649866733	0.000396039603960396
Master_fechaalta_delta1	6.91786137258812e-05	0.000288696952837721	0.000792079207920792
rf_020_009	6.90160749445275e-05	0.000676235281755205	0.000396039603960396
Master_mlimitecompra_rank_tend6	6.82336057441509e-05	0.000309627696872009	0.00158415841584158
rf_019_017	6.70086079658108e-05	0.00028552805978182	0.000396039603960396
Master_cconsumos_tend6	6.68858480040456e-05	0.000492030595086379	0.000792079207920792
mcomisiones_otras_rank_delta1	6.65754505741702e-05	0.000513960634308028	0.00158415841584158
Visa_mfinanciacion_limite_rank_lag1	6.64562960852979e-05	0.000238610864130539	0.000792079207920792
ctarjeta_visa_descuentos_delta1	6.59775124823304e-05	0.000501772290139446	0.000396039603960396
vmr_msaldopesos2_lag2	6.5000430524572e-05	0.000282297069032632	0.00118811881188119
Master_mfinanciacion_limite_rank_lag1	6.48902274902575e-05	0.000999880816374948	0.00158415841584158
mrentabilidad_rank_lag1	6.43690598789565e-05	0.000493933650548349	0.00237623762376238
vm_status03	6.43244621827102e-05	8.6564184442324e-05	0.000396039603960396
Master_cconsumos_lag1	6.41011202884809e-05	0.000787551606741797	0.00118811881188119
rf_019_015	6.38652645309354e-05	0.000250493496578323	0.000396039603960396
vmr_Master_mlimitecompra_lag1	6.38399688496878e-05	0.00059649420078145	0.00158415841584158
Master_msaldopesos_rank_delta2	6.35060078259061e-05	0.000280376817286367	0.000792079207920792
cliente_vip_delta2	6.30724817574246e-05	0.00042133380430262	0.000792079207920792
Visa_mpagosdolares_rank	6.29470039702779e-05	8.1098632083925e-05	0.000396039603960396
ccomisiones_otras_lag2	6.20781117506938e-05	0.000248728011390712	0.000792079207920792
vmr_mpagospesos_tend6	6.20677453522213e-05	0.000218078500682416	0.000396039603960396
vm_mconsumospesos_rank_tend6	6.12788387336137e-05	0.000230011766633957	0.000792079207920792
vmr_msaldopesos_lag2	6.12554851491369e-05	0.000551044421390002	0.00118811881188119
Master_msaldototal_rank_delta1	6.10194946486992e-05	0.000112967168278904	0.000396039603960396
rf_011_021	6.03833594350845e-05	0.000516360471316295	0.00118811881188119
Visa_mconsumospesos_rank_delta1	6.03143406901637e-05	0.000220348410209345	0.000792079207920792
rf_002_015	6.01642217966148e-05	0.000325502733323594	0.000792079207920792
rf_019_020	6.00729380806899e-05	0.000580672663881005	0.000396039603960396
vm_msaldototal_rank	5.99113208718159e-05	0.000315055035265309	0.00118811881188119
vm_Fvencimiento	5.93320126535513e-05	0.000550908761813898	0.00198019801980198
Visa_delinquency_delta2	5.86654230162925e-05	0.000239633087696959	0.000792079207920792
mtransferencias_recibidas_rank_tend6	5.86567535361179e-05	0.000355746220652704	0.000396039603960396
vm_msaldopesos_rank_tend6	5.83466642062008e-05	0.000649915413292717	0.000792079207920792
Visa_mpagado_rank_tend6	5.82222168959452e-05	0.000396535807000232	0.000792079207920792
vm_msaldototal_rank_delta2	5.75594162266605e-05	0.000236194786187105	0.000792079207920792
mextraccion_autoservicio_rank_lag2	5.62442677976251e-05	0.000299227766270099	0.000396039603960396
Master_Fvencimiento_lag1	5.54980991745372e-05	0.000315589075427578	0.00118811881188119
mtransferencias_recibidas_rank_delta2	5.47741677221618e-05	0.000581254471499649	0.00118811881188119
ccajas_transacciones_tend6	5.47115612747268e-05	0.00064443744139566	0.000396039603960396
rf_008_015	5.43867145357807e-05	0.000459745526671812	0.000396039603960396
rf_019_024	5.42758731952939e-05	0.000444139898674181	0.000792079207920792
Master_msaldodolares_rank_delta1	5.42446771534224e-05	9.64797530365949e-05	0.000396039603960396
Visa_mpagado_rank_lag2	5.4162396712564e-05	0.000393360226500438	0.000792079207920792
vmr_msaldopesos	5.40663924019062e-05	0.0012389645783236	0.000792079207920792
mtransferencias_emitidas_rank_delta2	5.39899824638718e-05	0.000300349346145778	0.000396039603960396
rf_002_017	5.29205610490051e-05	0.000153577148990462	0.000792079207920792
Master_mfinanciacion_limite_rank_tend6	5.27651742155729e-05	0.000311256567134389	0.00158415841584158
rf_007_021	5.22148688844855e-05	0.000483230874273023	0.000792079207920792
active_quarter_lag2	5.18016537758266e-05	0.000408423216193652	0.000396039603960396
vmr_msaldopesos_delta2	5.10484287593468e-05	0.00112558852061813	0.000396039603960396
mttarjeta_visa_debitos_automaticos_rank	5.00597160401249e-05	0.000449269168139702	0.000792079207920792
Visa_mpagospesos_rank_lag2	5.00561105193829e-05	0.000736027717597736	0.00198019801980198
Visa_msaldopesos_rank_delta2	5.00270868238551e-05	0.00023613937593771	0.000396039603960396
Master_mpagospesos_rank_delta2	4.88046242789659e-05	0.000287320294745001	0.000792079207920792
mttarjeta_visa_debitos_automaticos_rank_lag1	4.81027548698227e-05	0.000489961308876225	0.00118811881188119
vm_mconsumototal_rank	4.75998375516563e-05	8.36771193790341e-05	0.000396039603960396
vm_msaldototal_rank_lag1	4.69318772248622e-05	0.000103539783088783	0.000396039603960396
cdescubierto_preacordado_lag2	4.68197573580692e-05	0.000205523302448877	0.000792079207920792
vm_mpagospesos_rank_delta1	4.66767909387813e-05	0.000508481707061844	0.00118811881188119
chomebanking_transacciones_lag2	4.52647904995425e-05	0.000330019623998391	0.00158415841584158
mcaja_ahorro_rank_tend6	4.49011548478956e-05	0.000387339616298965	0.000792079207920792
mtransferencias_recibidas_rank_lag2	4.45925319474586e-05	0.000375067201407164	0.00118811881188119
Visa_mpagominimo_rank_delta1	4.39020944870242e-05	0.000182451621019872	0.000396039603960396
Visa_mconsumosdolares_rank_delta1	4.36846676909227e-05	0.000289244367887776	0.00118811881188119
vm_fultimo_cierre_tend6	4.32573267805416e-05	0.000518044751828069	0.000792079207920792
ccomisiones_otras_delta1	4.26237090483846e-05	0.000316803324168625	0.000396039603960396
ctrx_quarter_normalizado_lag1	4.25766531556392e-05	0.000418708504900264	0.000396039603960396
Visa_mpagosdolares_rank_lag2	4.17584269430502e-05	6.80667146357654e-05	0.000396039603960396
Visa_madelantodolares_rank	4.08476354258917e-05	6.98933421675359e-05	0.000396039603960396
mpasivos_margen_rank_tend6	4.0390735293545e-05	0.000372529794124537	0.00118811881188119
mttarjeta_visa_debitos_automaticos_rank_lag2	4.00953151390301e-05	0.000320555935541425	0.00118811881188119
cliente_antiguedad_lag1	3.96418006132449e-05	0.00113083816407371	0.00118811881188119
vm_mlimitecompra_rank_tend6	3.96138827987115e-05	0.000272129288268702	0.000792079207920792
Master_cconsumos_delta2	3.95608867409234e-05	0.000341015692455858	0.000396039603960396
Master_fultimo_cierre_delta2	3.91376746283683e-05	0.000112187603390868	0.000396039603960396
vmr_Visa_mlimitecompra	3.91266900203195e-05	0.000226622187929604	0.000792079207920792
mcaja_ahorro_dolares_rank_lag2	3.9097515983113e-05	0.000758299771807027	0.00118811881188119
rf_010_020	3.83200700704863e-05	0.000535762656746591	0.000396039603960396
mpagomiscuentas_rank_delta2	3.80485815168321e-05	0.000210990765505531	0.000396039603960396
vmr_msaldototal_lag1	3.7819609704744e-05	0.00154207201740045	0.000792079207920792
vmr_mconsumototal_delta2	3.76752150873577e-05	0.000387395026548359	0.000396039603960396
Master_mlimitecompra_rank_delta1	3.73831781469524e-05	0.000223179109674112	0.00118811881188119
vmr_mconsumospesos_lag2	3.72835282180584e-05	0.000950902932655661	0.00118811881188119
Visa_mconsumosdolares_rank_tend6	3.71518618276804e-05	0.00029171394538235	0.00118811881188119
Visa_fechaalta_delta1	3.71304465120514e-05	8.75405512506239e-05	0.000396039603960396
tcallcenter_lag2	3.70729105315182e-05	0.000377469904462814	0.000792079207920792
Master_delinquency_delta2	3.70501673093753e-05	0.000150270685660202	0.000396039603960396
rf_014_017	3.70024866995845e-05	0.000505820104392642	0.000396039603960396
rf_020_019	3.64321322864617e-05	0.000560574028936765	0.000792079207920792
vm_Fvencimiento_lag2	3.61842068003744e-05	0.000411567270172238	0.00158415841584158
Visa_cconsumos_delta2	3.58259400919498e-05	0.000231044499040779	0.000792079207920792
vmr_msaldopesos_tend6	3.53039078485248e-05	0.00149212349896763	0.00118811881188119
Visa_Fvencimiento_lag1	3.50768752622652e-05	0.000246889919669411	0.00118811881188119
mtransferencias_recibidas_rank_lag1	3.43989841546441e-05	0.000176880980257449	0.000792079207920792
Master_mconsumospesos_rank	3.43269818786315e-05	0.00108896807786299	0.00198019801980198
vm_mpagospesos_rank_lag1	3.40921780343463e-05	7.34653925552398e-05	0.000396039603960396
vmr_mconsumospesos_lag1	3.38123798252864e-05	0.000309502546136308	0.00118811881188119
vmr_mpagospesos_delta2	3.32792764627512e-05	0.000399906278722034	0.000792079207920792
vm_mconsumospesos_rank_delta1	3.26989135619631e-05	0.000405921156828743	0.000792079207920792
mcaja_ahorro_rank_delta1	3.25883724263433e-05	0.00105446659947263	0.00158415841584158
rf_003_019	3.22723504855504e-05	0.00111721775156301	0.00118811881188119
mpayroll_sobre_edad_rank_lag2	3.21812420885023e-05	0.000100883912514347	0.000396039603960396
Master_mpagospesos_rank_lag1	3.17921861507307e-05	0.000213255898286822	0.000792079207920792
Master_mfinanciacion_limite_rank_delta1	3.16805464968871e-05	0.00048181695756433	0.00158415841584158
vmr_mconsumototal_delta1	3.16220743977665e-05	8.30838475708597e-05	0.000396039603960396
vmr_Master_mlimitecompra	3.14638954293962e-05	0.000452304312317754	0.000396039603960396
vmr_Visa_mlimitecompra_tend6	3.12674341679627e-05	0.000471440910690607	0.000396039603960396
rf_006_018	3.12406540181476e-05	0.000177195290120394	0.000396039603960396
rf_018_025	3.07938710864814e-05	0.000210297182038969	0.000396039603960396
ctarjeta_visa_transacciones	3.06094050047878e-05	0.00112296513191402	0.000396039603960396
Master_mpagosdolares_rank_delta2	2.9711913989137e-05	0.000274239654491339	0.00118811881188119
Master_mfinanciacion_limite_rank_lag2	2.96630863421975e-05	0.000435184455953043	0.00118811881188119
Visa_mconsumosdolares_rank_lag2	2.91022963776636e-05	0.000230124497831001	0.00118811881188119
ccajeros_propios_descuentos	2.84330592471287e-05	0.000680692940784096	0.000396039603960396
Visa_madelantopesos_rank_tend6	2.82128771119996e-05	0.000110086790659506	0.000396039603960396
vmr_msaldototal_lag2	2.81686458436894e-05	0.00157889117277411	0.00118811881188119
mtarjeta_visa_consumo_rank_delta1	2.80029154357759e-05	0.000478005114545625	0.00118811881188119
mtarjeta_master_descuentos_rank_lag2	2.78349447358843e-05	0.000366137553112468	0.000396039603960396
rf_001_021	2.77145200823252e-05	0.000292418037689314	0.00118811881188119
vm_fultimo_cierre_delta2	2.70849811098623e-05	7.89299895645113e-05	0.000396039603960396
Visa_mpagominimo_rank_tend6	2.7017432048156e-05	0.000311323441573313	0.000792079207920792
rf_010_013	2.68963441231888e-05	0.000111667893465511	0.000396039603960396
vmr_Visa_mlimitecompra_lag1	2.68002586605619e-05	0.000224078093203085	0.000792079207920792
ccajas_transacciones_lag2	2.67750050864681e-05	0.000378012542767231	0.000396039603960396
vmr_msaldopesos_lag1	2.67157029022292e-05	0.00130273317723476	0.00118811881188119
rf_012_015	2.6586343601087e-05	9.10954053540329e-05	0.000396039603960396
rf_015_023	2.61063342971517e-05	0.0003363889366314	0.000396039603960396
Master_mconsumototal_rank	2.55661209503017e-05	0.000163615002273053	0.000396039603960396
rf_007_025	2.51881334520942e-05	0.000233438603954281	0.000396039603960396
vm_mlimitecompra_rank	2.51852364799129e-05	0.000181613779835059	0.000792079207920792
Master_mpagosdolares_rank_lag1	2.4191241226851e-05	0.00015548498119807	0.000396039603960396
ctarjeta_visa_transacciones_lag2	2.3931234911245e-05	0.000126841703657514	0.000396039603960396
Master_mpagospesos_rank	2.379498994208e-05	0.000157535160425674	0.000396039603960396
Visa_mfinanciacion_limite_rank_delta2	2.35189798456926e-05	0.000281170712411315	0.00118811881188119
Master_madelantodolares_rank	2.33968155087575e-05	0.000113377968403727	0.000396039603960396
rf_006_014	2.33767020697654e-05	0.000115934482668904	0.000396039603960396
vm_mconsumospesos_rank_delta2	2.33500719745348e-05	8.11139176699649e-05	0.000396039603960396
Visa_mconsumosdolares_rank_lag1	2.28997348402204e-05	0.000438924647787186	0.00158415841584158
vm_Fvencimiento_lag1	2.28639969436988e-05	0.000380354103478721	0.00158415841584158
Master_mpagosdolares_rank_lag2	2.28184676266748e-05	0.000310170335176427	0.000792079207920792
Visa_mconsumosdolares_rank_delta2	2.21189655965557e-05	0.000237329740950569	0.00118811881188119
Master_cconsumos_delta1	2.15671907736498e-05	0.000106359018364021	0.000396039603960396
rf_012_020	2.14953896549947e-05	0.000770807202584192	0.000792079207920792
vm_msaldopesos_rank_lag2	2.14227960007542e-05	0.000235967413094761	0.00118811881188119
rf_014_028	2.13185909032152e-05	0.000468660844729596	0.000792079207920792
Master_msaldototal_rank_lag1	2.12844343456395e-05	7.87475178811598e-05	0.000396039603960396
rf_013_021	2.08074230710546e-05	0.000117996126086038	0.000396039603960396
vmr_msaldopesos2	2.06615638903008e-05	0.000103602836131198	0.000396039603960396
Visa_msaldopesos_rank_delta1	2.05608435784176e-05	0.000166482960353793	0.000396039603960396
rf_005_020	2.00428811828033e-05	0.000121635050912666	0.000396039603960396
vm_fultimo_cierre_lag2	1.99947366287361e-05	9.26316067510449e-05	0.000396039603960396
Master_mconsumospesos_rank_lag1	1.98824827846356e-05	0.00027258403445339	0.000792079207920792
rf_011_026	1.9100536861343e-05	0.000933934021453095	0.000396039603960396
vm_mconsumototal_rank_lag1	1.90940982947351e-05	0.000106827139436493	0.000396039603960396
ctarjeta_debito_transacciones_lag2	1.90597853665018e-05	0.00176111255465426	0.00118811881188119
rf_001_020	1.88294433493499e-05	0.00052981369772968	0.000396039603960396
rf_005_014	1.86780643035255e-05	0.000128867999156931	0.000396039603960396
vmr_Master_mlimitecompra_lag2	1.84128717263448e-05	0.000234027099016818	0.000792079207920792
ctrx_quarter_normalizado_lag2	1.84111386341737e-05	0.000173229635892163	0.000396039603960396
Master_mfinanciacion_limite_rank	1.83691646920994e-05	0.000152728798965247	0.000792079207920792
vmr_mconsumospesos_tend6	1.82059259750119e-05	0.000208758114594575	0.000792079207920792
vm_status02_tend6	1.81839544621604e-05	9.7898446490925e-05	0.000396039603960396
rf_016_015	1.78753718027647e-05	0.000160281789167223	0.000396039603960396
ctransferencias_recibidas_tend6	1.70406656157641e-05	0.000118153758692074	0.000396039603960396
rf_002_024	1.6859272590713e-05	7.27049346497537e-05	0.000396039603960396
rf_011_019	1.6593515203483e-05	0.0002471535960286	0.000396039603960396
Master_madelantopesos_rank_tend6	1.56813471651876e-05	0.00015067575369026	0.000396039603960396
vm_cconsumos	1.56378328668689e-05	0.000146096765322176	0.000396039603960396
vmr_mconsumototal_lag2	1.55791519545447e-05	0.000319461105441316	0.00118811881188119
vm_Fvencimiento_delta1	1.51433555448888e-05	7.02305804095416e-05	0.000396039603960396
mtarjeta_master_consumo_rank_tend6	1.43852185375224e-05	0.000375540099225274	0.000396039603960396
vmr_mconsumospesos	1.38720973162179e-05	0.000180767340508098	0.000792079207920792
vmr_msaldopesos2_delta2	1.38057031389026e-05	0.000150110187006783	0.000396039603960396
Visa_fechaalta_lag1	1.32645680281767e-05	9.01782701916377e-05	0.000396039603960396
vm_msaldototal_rank_delta1	1.29679055212287e-05	0.000104309794485544	0.000396039603960396
rf_020_027	1.24269916644563e-05	0.000889321127897332	0.000396039603960396
vm_msaldopesos_rank_delta1	1.2426459200357e-05	0.000446374460283392	0.000792079207920792
mautoservicio_rank_delta2	1.2349034479916e-05	0.000194270245076113	0.000396039603960396
Visa_fultimo_cierre_lag2	1.22593133221894e-05	8.27083953637541e-05	0.000396039603960396
rf_002_022	1.20611271986194e-05	0.000245057560042876	0.000396039603960396
Master_mconsumosdolares_rank_lag2	1.1963652702332e-05	0.00014204512967247	0.000792079207920792
Master_mpagado_rank_tend6	1.19000642730063e-05	8.00047573329432e-05	0.000396039603960396
vmr_Visa_mlimitecompra_lag2	1.18119350363393e-05	0.000186008385821536	0.000792079207920792
cmobile_app_trx_lag2	1.17962732012344e-05	7.48525594883625e-05	0.000396039603960396
mautoservicio_rank_lag1	1.1458817905725e-05	0.000410634849423803	0.00118811881188119
vm_status06_lag1	1.13283103712082e-05	7.64088232170519e-05	0.000396039603960396
ctransferencias_recibidas_delta2	1.08944589292655e-05	0.000554758818797702	0.000396039603960396
Master_mconsumosdolares_rank_lag1	1.05098663258719e-05	0.000220138233401296	0.000792079207920792
mextraccion_autoservicio_rank_lag1	1.04746804637065e-05	7.77061873321902e-05	0.000396039603960396
Master_cadelantosefectivo	1.00124070757429e-05	0.000138370856928124	0.000792079207920792
rf_016_019	9.83132449525304e-06	9.118043142638e-05	0.000396039603960396
vm_mlimitecompra_rank_delta1	9.4195645954746e-06	0.000350080044977531	0.00118811881188119
mcaja_ahorro_rank_delta2	9.35127844325624e-06	7.88401867465268e-05	0.000396039603960396
vm_mfinanciacion_limite_rank_delta1	9.24466207716266e-06	0.000189868951645743	0.000792079207920792
vm_mconsumototal_rank_delta1	9.13092098925041e-06	0.000507922827822259	0.000396039603960396
mextraccion_autoservicio_rank	9.00368809937498e-06	0.000421866889115762	0.00118811881188119
Visa_fultimo_cierre_delta1	8.30850166972785e-06	7.72533518457575e-05	0.000396039603960396
Master_mpagospesos_rank_lag2	7.54310579202542e-06	0.0002351209737678	0.000792079207920792
Master_mconsumosdolares_rank_tend6	7.40045707016618e-06	8.47901011125658e-05	0.000396039603960396
rf_011_024	6.9390598937939e-06	8.1679484353442e-05	0.000396039603960396
vm_mpagospesos_rank_lag2	5.60682055382448e-06	7.35360883906744e-05	0.000396039603960396
Master_mconsumototal_rank_lag1	5.57228560605302e-06	0.000385534961797127	0.000792079207920792
vm_mfinanciacion_limite_rank_delta2	5.15765091212263e-06	0.000723323484900307	0.000792079207920792
rf_004_020	5.01700957330891e-06	0.000913293703553565	0.000396039603960396
mpagomiscuentas_rank_lag1	4.27276295039563e-06	0.000124362572671665	0.000396039603960396
Visa_mpagosdolares_rank_lag1	4.02763921690315e-06	8.07623491910468e-05	0.000396039603960396
Master_fultimo_cierre_delta1	3.45120453077206e-06	6.87583874040718e-05	0.000396039603960396
mtarjeta_master_consumo_rank_lag2	3.43426113842346e-06	0.000197502191174429	0.000792079207920792
rf_011_025	3.09869358317728e-06	7.37137833283885e-05	0.000396039603960396
vm_mlimitecompra_rank_lag2	2.97832468571023e-06	0.000278136523582391	0.000792079207920792
mtarjeta_visa_consumo_rank_lag1	2.70897790286413e-06	0.000183736565596353	0.000396039603960396
vm_mpagospesos_rank_delta2	2.68691222310512e-06	0.000256820773849722	0.000396039603960396
mcuenta_debitos_automaticos_rank_delta2	2.68685021075135e-06	0.000233816922208769	0.000396039603960396
chomebanking_transacciones_tend6	2.27905218742841e-06	8.26568065108694e-05	0.000396039603960396
Master_mpagosdolares_rank_delta1	2.2021564859561e-06	7.61547003491383e-05	0.000396039603960396
vm_cconsumos_lag1	2.0812626366887e-06	0.000193404698766602	0.000396039603960396
Visa_mlimitecompra_rank_delta1	2.07564094886445e-06	7.27861393255908e-05	0.000396039603960396
vmr_mpagospesos_delta1	1.68614078062029e-06	6.64798797349962e-05	0.000396039603960396
Visa_mpagado_rank_delta2	1.5078997631252e-06	6.84975770922657e-05	0.000396039603960396
vm_mconsumosdolares_rank_lag1	1.35492313360656e-06	0.000311307200638146	0.000396039603960396
Master_msaldodolares_rank_tend6	1.34377287218681e-06	6.65849681390206e-05	0.000396039603960396
vmr_msaldototal_delta1	1.19704111636862e-06	6.61197131139305e-05	0.000396039603960396
Master_mconsumototal_rank_delta2	1.1584553886283e-06	0.000223399795322564	0.000792079207920792
vm_mfinanciacion_limite_rank_tend6	1.05376485063247e-06	0.000292114236666771	0.000792079207920792
rf_005_022	9.68317415863692e-07	0.000164585636986588	0.000792079207920792
mcaja_ahorro_dolares_rank_lag1	8.52225346828365e-07	7.20256814201048e-05	0.000396039603960396
ctarjeta_debito_transacciones_lag1	5.01357248118213e-07	7.39421117698598e-05	0.000396039603960396
vm_mpagominimo_rank_delta1	4.62316978437555e-07	8.73542581707624e-05	0.000396039603960396
mautoservicio_rank_delta1	6.49578448803906e-08	7.22320368316437e-05	0.000396039603960396
Visa_mpagosdolares_rank_delta2	3.09480971261664e-08	6.63222471289595e-05	0.000396039603960396
mpayroll_sobre_edad_rank_delta1	2.50591649460109e-08	7.1495462654345e-05	0.000396039603960396
