Feature	Gain	Cover	Frequency
rf_013_016	0.263226665215861	0.0147715768140079	0.0111464968152866
rf_018_027	0.0947863317465077	0.0143865679671812	0.0035828025477707
vm_status05_tend6	0.0672355563509061	0.00504621799708492	0.000796178343949045
rf_010_015	0.0668788938656908	0.00844722159431578	0.00835987261146497
cdescubierto_preacordado_delta2	0.0360517251764358	0.00409736446757524	0.000796178343949045
rf_017_021	0.0314464683742503	0.015946656746724	0.00477707006369427
cdescubierto_preacordado	0.025143134790261	0.00649157761740803	0.00437898089171975
ccomisiones_mantenimiento_tend6	0.0203002761157652	0.00332697894480217	0.00119426751592357
rf_007_015	0.0135135516910666	0.00304241714216116	0.00278662420382166
rf_013_026	0.0121074627962278	0.0025194474703924	0.00199044585987261
rf_009_026	0.0111334682425698	0.00743931999645229	0.00159235668789809
vm_status01	0.0108153680406009	0.00131238651992717	0.00119426751592357
mcuentas_saldo_rank	0.0105587821458002	0.0161656989874385	0.00636942675159236
mcaja_ahorro_rank	0.0103525256336227	0.00227309487543689	0.00119426751592357
rf_004_022	0.0087797212846471	0.00076466884520615	0.00119426751592357
mprestamos_personales_rank	0.00837655753310187	0.0204082630420826	0.00676751592356688
foto_mes	0.0078794456157663	0.0140688067128324	0.0107484076433121
cpayroll_trx_lag1	0.00776343989593254	0.00266325716149119	0.000398089171974522
mpayroll_rank	0.00723426179513939	0.00780533487553866	0.00119426751592357
rf_014_025	0.00678986314072026	0.0021212293434638	0.00278662420382166
Visa_status	0.00659427150627379	0.00184792081295017	0.000796178343949045
cproductos_delta2	0.00619498733100016	0.00849104881706998	0.00199044585987261
mprestamos_personales_rank_delta1	0.00591587662229803	0.011607026993707	0.00318471337579618
mcuentas_saldo_rank_delta2	0.00551370672259996	0.00619328544341241	0.00915605095541401
mcuentas_saldo_rank_tend6	0.00528009755369798	0.00342089127478523	0.00517515923566879
mprestamos_personales_rank_delta2	0.00515640469582767	0.0116288553530225	0.00318471337579618
rf_003_018	0.00501432409746474	0.00242949984021656	0.00318471337579618
rf_013_015	0.005002239230092	0.00286164062454381	0.000796178343949045
mprestamos_personales_rank_lag1	0.00495807880694561	0.0045612506291219	0.00199044585987261
mcomisiones_mantenimiento_rank_tend6	0.0047686211617396	0.00741748876347176	0.00398089171974522
rf_016_022	0.00413851499869512	0.00600106982333121	0.00159235668789809
thomebanking	0.00390276308843996	0.00499632829907585	0.00955414012738853
rf_010_016	0.00379955879384137	0.0011565965194568	0.000796178343949045
tcallcenter	0.00379798811571356	0.00868155460647809	0.00517515923566879
mcuenta_corriente_rank	0.00345554930998464	0.0043861026633449	0.0035828025477707
mpasivos_margen_rank	0.00335506271334845	0.00714430858999466	0.00676751592356688
mactivos_margen_rank	0.00317930807175463	0.0107848676065753	0.00835987261146497
Visa_delinquency	0.00302614007036902	0.00451022487555077	0.00278662420382166
mtarjeta_visa_consumo_rank	0.00279789744216366	0.00520931764341876	0.00318471337579618
ctrx_quarter_normalizado_delta2	0.00271956358628641	0.00143487553252652	0.00238853503184713
rf_018_025	0.00259332086966333	0.000255893162744814	0.000398089171974522
mrentabilidad_annual_rank_lag1	0.00250894774962161	0.00219990262796894	0.00557324840764331
cliente_vip_delta1	0.00249922134513263	0.00583273052781992	0.00398089171974522
mcomisiones_otras_rank_delta2	0.00227457660077756	0.00281326247432304	0.0035828025477707
ccaja_seguridad_lag2	0.00212722012428262	0.00384743320181041	0.000796178343949045
mtarjeta_visa_consumo_rank_tend6	0.00211427832241502	0.000834389705357994	0.00159235668789809
internet	0.00209929168582219	0.00931513834919119	0.00199044585987261
vm_status06_delta2	0.00208826742868133	0.000470569348440831	0.000398089171974522
Visa_mpagominimo_rank	0.00208133904765614	0.00265812862736027	0.00557324840764331
ctarjeta_visa_transacciones_delta2	0.00202260913726227	0.00373738811653544	0.00199044585987261
mcomisiones_rank_lag2	0.00201919409589346	0.0029592417824944	0.00676751592356688
mcuenta_debitos_automaticos_rank	0.00198183551493783	0.00774507507844454	0.00238853503184713
ctrx_quarter_delta1	0.00192405001398876	0.00497268378348236	0.00318471337579618
rf_007_020	0.00192397573449144	0.00752611617401499	0.00238853503184713
rf_019_021	0.00190628169822921	0.00166116515636286	0.00119426751592357
rf_017_022	0.00178049019700203	0.000530221844332295	0.00119426751592357
rf_014_015	0.00172657486132166	0.00371567757748478	0.00199044585987261
mcomisiones_otras_rank_lag2	0.00170316116140607	0.00444855794049656	0.00835987261146497
vm_status04	0.00170312174713796	0.000891738479810373	0.000796178343949045
Master_Fvencimiento_tend6	0.00162705539953472	0.00172459939539008	0.00238853503184713
ccaja_seguridad	0.0016262112031111	0.0106530286459648	0.00159235668789809
ccaja_ahorro_tend6	0.00161611607659026	0.00671166778795798	0.00119426751592357
mttarjeta_visa_debitos_automaticos_rank_tend6	0.00160812168747068	0.00798254517489501	0.00278662420382166
ccaja_ahorro	0.00160583780846916	0.0101591040642068	0.00199044585987261
rf_010_013	0.00153046470923954	0.00075153140672921	0.00119426751592357
Visa_msaldopesos_rank	0.00152902917815989	0.00267201130295971	0.00278662420382166
Visa_mpagominimo_rank_lag1	0.00147891852674392	0.00175750956482152	0.00437898089171975
vm_mpagominimo_rank	0.00147220288618283	0.00277264034592857	0.00278662420382166
tcallcenter_delta2	0.00146394319585634	0.00174507713215713	0.000796178343949045
mprestamos_personales_rank_tend6	0.0014432843312041	0.00879031516349951	0.00238853503184713
mplazo_fijo_dolares_rank	0.00142493233354121	0.0129994192208095	0.00199044585987261
cliente_vip_lag1	0.00141145880524504	0.00804706661717935	0.00238853503184713
mtransferencias_recibidas_rank	0.00140912505814297	0.00583433594866479	0.00238853503184713
rf_010_017	0.00140174920853292	0.000406514397774303	0.000796178343949045
ctarjeta_visa_transacciones_tend6	0.00139680009299216	0.00733896778321145	0.00557324840764331
ctrx_quarter_tend6	0.00134602353374588	0.00340633903524154	0.00318471337579618
ctrx_quarter_delta2	0.00130804176541796	0.0036289743150903	0.0035828025477707
vm_fechaalta_tend6	0.00130644896337197	0.000874282880731607	0.00119426751592357
rf_017_018	0.00129827838561131	0.00237260797849867	0.00398089171974522
Visa_Finiciomora_tend6	0.00128363567694209	0.0010093805774485	0.000398089171974522
mautoservicio_rank	0.00128056512438908	0.00373361020495301	0.00119426751592357
vm_Finiciomora_lag1	0.00125087702284981	0.00242815017555641	0.000398089171974522
internet_lag1	0.00123003506843386	0.00551126511929028	0.00119426751592357
Visa_Finiciomora	0.00117685379936545	0.00344783284201836	0.00159235668789809
ctrx_quarter_normalizado_delta1	0.00117220900728577	0.00179468521099652	0.00119426751592357
rf_014_030	0.00115683629850615	0.00772291912131938	0.00318471337579618
Master_status	0.00115234315236421	0.000414803005513345	0.000796178343949045
mrentabilidad_annual_rank_lag2	0.00113531395728081	0.00280687527492353	0.00756369426751592
rf_001_022	0.001124409305934	0.00197883157976676	0.00597133757961784
cprestamos_personales_tend6	0.00112081142075645	0.00382760778699764	0.000796178343949045
Visa_mpagospesos_rank	0.00111782703321431	0.00167608522502613	0.00437898089171975
rf_006_020	0.00111053009732777	0.0016053403822471	0.000796178343949045
Visa_mpagospesos_rank_tend6	0.00110234521172487	0.00216345114537313	0.0071656050955414
Visa_msaldototal_rank	0.00107142578285046	0.00143322125937671	0.0035828025477707
rf_003_021	0.00104128038943103	0.0015879729088949	0.00199044585987261
rf_013_024	0.0010333045162529	0.00145233496315862	0.00398089171974522
mrentabilidad_rank_lag2	0.00102434376814699	0.00136960597945469	0.00318471337579618
mactivos_margen_rank_delta2	0.00101751929025779	0.00289269536427566	0.00636942675159236
mcuentas_saldo_rank_delta1	0.00100720901192013	0.00528624852904752	0.00398089171974522
Visa_delinquency_tend6	0.000996461960670445	0.00303034391762136	0.00199044585987261
mrentabilidad_rank_delta2	0.000992595333818398	0.00120478309201112	0.0035828025477707
Master_Finiciomora	0.000971133402953106	0.00265001531318603	0.000398089171974522
mcuenta_corriente_rank_lag1	0.000969027446830377	0.00211309208208125	0.00398089171974522
vmr_mpagominimo_delta2	0.000962019609513025	0.00399792895346838	0.00199044585987261
vm_msaldopesos_rank	0.000939657176099586	0.00126057625581191	0.00199044585987261
mpasivos_margen_rank_delta2	0.000923130757490716	0.000883641449737783	0.0035828025477707
mcomisiones_mantenimiento_rank	0.000913984088239829	0.000828851195020869	0.00199044585987261
cproductos_tend6	0.000908780246911799	0.00266325716149119	0.000398089171974522
mcuenta_corriente_rank_lag2	0.000893404395540996	0.00545937822410844	0.00398089171974522
Visa_delinquency_lag1	0.000882114931146974	0.00184889115383075	0.00159235668789809
Visa_cconsumos	0.000875172758929925	0.00132776158554826	0.00278662420382166
rf_009_015	0.000863770039666015	0.000538266190546611	0.00119426751592357
mrentabilidad_annual_rank_delta1	0.000855676062851353	0.00499401212508845	0.00557324840764331
rf_019_017	0.000831847772972704	0.00234220939227441	0.00119426751592357
rf_007_026	0.000810333600578687	0.000454110911115948	0.000796178343949045
vm_Finiciomora	0.000792454978915658	0.0036990591728084	0.000796178343949045
Master_fechaalta	0.000776170453306748	0.000907703604644143	0.00238853503184713
rf_010_019	0.000770657471910631	0.00125596210771542	0.00318471337579618
vm_Finiciomora_delta1	0.000764175381332108	0.00447780418705711	0.000796178343949045
Visa_cconsumos_tend6	0.00075650719432102	0.0018484620198579	0.00398089171974522
ccajas_consultas_delta1	0.000752376990970984	0.00237058204467594	0.000398089171974522
Visa_fechaalta_tend6	0.00073542102493234	0.00242963394458308	0.00238853503184713
mtarjeta_master_consumo_rank	0.000730016881054922	0.00126205331962026	0.00119426751592357
Visa_msaldopesos_rank_delta2	0.000717019360226125	0.000765890152829781	0.00199044585987261
rf_012_027	0.000681292244611124	0.00102407841601869	0.00278662420382166
cplazo_fijo_tend6	0.000678832432339776	0.00368263234579849	0.000796178343949045
mrentabilidad_annual_rank	0.000665149468541079	0.00229594913315627	0.00517515923566879
mpagomiscuentas_rank	0.000660972676133789	0.00593049548467533	0.00318471337579618
ccaja_ahorro_lag2	0.000657941788152042	0.00228457612498735	0.000796178343949045
cliente_edad_lag2	0.000657025581223869	0.00557499247214718	0.00636942675159236
Visa_mconsumototal_rank_tend6	0.000638061702380786	0.00113957484379255	0.00398089171974522
mactivos_margen_rank_delta1	0.000636091942424748	0.00206859050594114	0.00437898089171975
vm_fechaalta_lag1	0.000622280927278164	0.00254970045759015	0.00119426751592357
chomebanking_transacciones	0.000621278011895008	0.00230646483126782	0.00398089171974522
chomebanking_transacciones_delta2	0.000611562050482857	0.00311561417907077	0.00437898089171975
mcuenta_corriente_rank_tend6	0.000599784784518676	0.00454245973370796	0.00318471337579618
mcomisiones_rank_tend6	0.000584699671429286	0.00177097651688476	0.00238853503184713
ccajas_transacciones_delta1	0.000578667387416738	0.0020528907161754	0.000796178343949045
mrentabilidad_annual_rank_delta2	0.000573746207777908	0.00240255060987677	0.00676751592356688
mcuentas_saldo_rank_lag2	0.000573300765201425	0.00445814927636747	0.00318471337579618
mcaja_ahorro_dolares_rank	0.000564449015507648	0.00626651888007865	0.0035828025477707
vm_Fvencimiento_tend6	0.000561757210589671	0.001208455635877	0.00159235668789809
Visa_mconsumospesos_rank_delta2	0.00055826406650212	0.00145917141218596	0.00517515923566879
ctarjeta_master_delta2	0.000555442329684153	0.000919236580164548	0.000398089171974522
tcallcenter_delta1	0.000555235166414166	0.00141906941715591	0.000796178343949045
rf_015_015	0.000544715894899873	0.00157496095378949	0.00238853503184713
ccomisiones_otras_delta2	0.000533992387356381	0.00025909634132789	0.000398089171974522
vm_mpagominimo_rank_lag1	0.000533377043608621	0.00506234117349352	0.00318471337579618
rf_014_024	0.00052898080476399	0.000784999067170026	0.000398089171974522
mpasivos_margen_rank_lag2	0.000523987188874242	0.00204324190700455	0.00517515923566879
ccajas_consultas_tend6	0.000515736601389953	0.00336963275434935	0.000796178343949045
vm_Finiciomora_tend6	0.00051060248937688	0.00135417152475699	0.000796178343949045
Visa_msaldototal_rank_tend6	0.000510327735812159	0.000371784240511568	0.00119426751592357
mcomisiones_otras_rank_tend6	0.000496738416466394	0.00125241792088606	0.00159235668789809
rf_013_021	0.000476701514632689	0.00106553294937389	0.00119426751592357
cprestamos_personales_delta2	0.000476416683431711	0.00247999396576329	0.000398089171974522
mcomisiones_otras_rank_lag1	0.000475951888478134	0.00125906470802361	0.0035828025477707
rf_011_021	0.00047136144264379	0.000384575881300562	0.00119426751592357
ctarjeta_visa_descuentos_delta2	0.000470679779359212	0.000527242811618968	0.000398089171974522
thomebanking_lag2	0.000470061301977319	0.0018098370886362	0.00636942675159236
rf_006_019	0.000467584777943471	0.00289549622975919	0.00636942675159236
mtarjeta_visa_consumo_rank_delta2	0.000466716770245562	0.000773402871019692	0.00159235668789809
Visa_fechaalta	0.000462423571038997	0.00269180031801586	0.00398089171974522
mpayroll_rank_tend6	0.000458958020960269	0.00231904477873538	0.000796178343949045
mcomisiones_rank_lag1	0.000453291022294555	0.00154250290765087	0.00398089171974522
mcomisiones_rank	0.000449356495891265	0.00221932285601717	0.00437898089171975
rf_002_017	0.000444268245460842	0.00083173443890097	0.00159235668789809
Visa_Fvencimiento_tend6	0.000435641664569469	0.00037295094850026	0.00119426751592357
Visa_mconsumospesos_rank	0.000423421969934371	0.00304324188401523	0.00437898089171975
rf_007_018	0.00042103290350808	0.00141588156478615	0.00159235668789809
chomebanking_transacciones_delta1	0.000417581339770595	0.00361828140763729	0.00199044585987261
Master_Fvencimiento	0.000407648162465243	0.00132871468443886	0.0035828025477707
vmr_mpagominimo_lag1	0.000407160034772637	0.00133664504194164	0.00159235668789809
ctrx_quarter_normalizado_tend6	0.000403524211709155	0.00184631060266364	0.00278662420382166
vm_msaldototal_rank	0.000402213221194208	0.000221241552325325	0.000796178343949045
Master_fechaalta_tend6	0.000400847254391075	0.000981951445054245	0.00238853503184713
mpayroll_rank_delta2	0.000398205551076367	0.00261758600369739	0.00119426751592357
cliente_antiguedad_lag2	0.000397209234181822	0.0037659935358017	0.00318471337579618
Visa_delinquency_lag2	0.00039634327707707	0.000577195730257971	0.00119426751592357
ccomisiones_mantenimiento_delta1	0.000393723277651976	0.00266325716149119	0.000398089171974522
mcomisiones_otras_rank	0.000387101172248734	0.00179533561717412	0.00398089171974522
mcomisiones_rank_delta1	0.000386913624576973	0.00105893597242961	0.00318471337579618
vm_status02_tend6	0.000384263877698644	0.00311245889490431	0.00199044585987261
Master_msaldopesos_rank_tend6	0.000380573207938366	0.000360781935127235	0.000796178343949045
Visa_cconsumos_delta2	0.000373024080347942	0.000579779155090075	0.00159235668789809
Visa_Finiciomora_lag1	0.00036955168441351	0.00123878621202967	0.000398089171974522
rf_003_009	0.00036456344656641	0.000222904446470127	0.000398089171974522
thomebanking_delta2	0.000358055092577708	0.00219516491227758	0.000796178343949045
rf_010_007	0.000357591563998808	0.00202888411879231	0.000398089171974522
mttarjeta_visa_debitos_automaticos_rank_delta2	0.000355535134655778	0.00209754172289535	0.00119426751592357
Visa_cadelantosefectivo_tend6	0.000354945826199237	6.88146977895263e-05	0.000398089171974522
rf_012_015	0.000351027000888544	0.0013629400345505	0.000796178343949045
mactivos_margen_rank_lag1	0.000350597136722168	0.00317099449300036	0.00238853503184713
mprestamos_personales_rank_lag2	0.000346878734785777	0.00161420468087383	0.00199044585987261
mcuenta_corriente_rank_delta2	0.000337011524452434	0.00339015838553301	0.00238853503184713
Master_delinquency_lag1	0.000331507640943557	0.000201138349896193	0.000796178343949045
cmobile_app_trx_lag2	0.000328954388706865	0.00157622249272308	0.00119426751592357
ctrx_quarter_normalizado	0.00032583817318073	0.000283482262490554	0.000398089171974522
Visa_mpagominimo_rank_delta1	0.000323701804245889	0.00243977798202171	0.00199044585987261
vm_fechaalta_lag2	0.000321610101651355	0.00263047726487294	0.00278662420382166
chomebanking_transacciones_lag2	0.000320255126866075	0.0018835475536919	0.00398089171974522
cliente_edad_lag1	0.000316717895597381	0.00299104271723708	0.00238853503184713
ctarjeta_visa_transacciones	0.000306486632560005	0.0017938920794574	0.00119426751592357
cproductos	0.000303852765331674	0.00265001531318603	0.000398089171974522
rf_001_020	0.000301058395356449	0.0027269404514848	0.00119426751592357
ctarjeta_visa_debitos_automaticos_tend6	0.000300767185209919	0.00211207384678406	0.000796178343949045
vm_status02_delta2	0.000300672226738415	0.00108970813510345	0.00199044585987261
mrentabilidad_annual_rank_tend6	0.00029886256455618	0.000522662189614103	0.00119426751592357
cpagomiscuentas_delta2	0.000296993837668009	0.00389358330377035	0.000796178343949045
mcomisiones_mantenimiento_rank_lag2	0.000289533749271816	0.000795184293806942	0.00199044585987261
vmr_mpagominimo	0.000282928616433745	0.0018702568530818	0.00159235668789809
mrentabilidad_rank	0.000282559664603478	0.00108259006690643	0.00199044585987261
vm_mpagominimo_rank_lag2	0.000280509599531682	0.00148295865314096	0.00119426751592357
Visa_mpagospesos_rank_delta2	0.000278662465808717	0.000892946376997352	0.00398089171974522
ccaja_seguridad_lag1	0.00027841723830797	0.00266325716149119	0.000398089171974522
Visa_mlimitecompra_rank_lag1	0.000277266601700395	0.0023854273980493	0.00437898089171975
vmr_msaldopesos_tend6	0.000273268775192008	0.00159786214803715	0.00119426751592357
vmr_msaldototal_tend6	0.000270976864573569	0.00134685900522852	0.00119426751592357
internet_lag2	0.00027074367172963	0.00175098251372551	0.000398089171974522
vm_msaldopesos_rank_tend6	0.000269970258122731	0.000540112041362875	0.000796178343949045
Master_Fvencimiento_lag2	0.000268724364983457	0.000714267634827649	0.00238853503184713
mtransferencias_emitidas_rank	0.000267232926653958	0.00177833980449484	0.00238853503184713
Visa_mconsumosdolares_rank	0.000266275372449645	0.000336735106434191	0.00159235668789809
vm_mlimitecompra_rank_tend6	0.000264960483711369	0.00210270569889456	0.00119426751592357
rf_002_026	0.000264494163426645	0.00310099776100882	0.00278662420382166
Visa_Fvencimiento	0.000263611730075067	0.00137786010321377	0.00119426751592357
vm_Fvencimiento_lag2	0.000263408839890558	0.000518751131553487	0.00199044585987261
Master_mpagominimo_rank_lag1	0.000262781887041243	0.00152312961613093	0.00119426751592357
Visa_mconsumospesos_rank_lag1	0.00026176637820988	0.0017361151289205	0.00437898089171975
vmr_msaldototal	0.00025745275142213	0.000925122803966283	0.00159235668789809
rf_009_018	0.00025574820996321	0.00222821876495886	0.00119426751592357
Visa_fechaalta_lag1	0.000255048838777616	0.00255744690053314	0.00238853503184713
mcaja_ahorro_dolares_rank_delta2	0.000254048379532434	0.004540046812999	0.00119426751592357
rf_001_013	0.000253191198051629	0.000856627082991399	0.000796178343949045
rf_012_025	0.000252873711345206	0.00198305490942369	0.00119426751592357
rf_019_028	0.000252735688892807	0.000183928928118818	0.000796178343949045
vmr_msaldopesos_delta2	0.000252636735957311	0.00195786915150359	0.00119426751592357
ctrx_quarter_lag1	0.000252568580034279	0.000111578664494922	0.000398089171974522
vm_status01_tend6	0.000252290711702406	0.00102307646482315	0.000398089171974522
vm_fechaalta	0.000251871912734903	0.00189054875951239	0.00238853503184713
rf_017_016	0.000251751212077411	0.000930544451926872	0.00238853503184713
vm_mconsumototal_rank_delta2	0.000251404656640743	0.000352363054575006	0.00119426751592357
vm_fultimo_cierre_tend6	0.000250410640993876	0.00148167604066406	0.00238853503184713
mpayroll_sobre_edad_rank_tend6	0.000249482921919471	0.000884803368284814	0.00119426751592357
rf_011_016	0.000248186837511122	0.000417703491383427	0.00119426751592357
Master_fechaalta_lag2	0.0002421629220531	0.00185494596597896	0.00398089171974522
mcomisiones_mantenimiento_rank_lag1	0.000240260563150251	0.00151807579728992	0.000796178343949045
mcomisiones_otras_rank_delta1	0.000240186749896072	0.00170520311455016	0.00238853503184713
mcomisiones_mantenimiento_rank_delta2	0.000238323479853547	0.00067917539577532	0.000398089171974522
mcaja_ahorro_rank_delta2	0.000236371284104543	0.00187325791722677	0.00238853503184713
chomebanking_transacciones_tend6	0.000234887531878446	0.000418543559450818	0.000796178343949045
ccajas_consultas_delta2	0.00023077063756407	0.00266325716149119	0.000398089171974522
vmr_mconsumospesos_lag1	0.000229009123156693	0.000885690372880486	0.00199044585987261
ccaja_ahorro_delta2	0.0002288672724222	0.00120160386063635	0.000398089171974522
Master_msaldototal_rank_lag1	0.000228069931671062	0.00124074700944581	0.00199044585987261
mpagomiscuentas_rank_tend6	0.000227190363122951	0.00237373253940074	0.00199044585987261
chomebanking_transacciones_lag1	0.000223549667959233	0.00114889605515377	0.00278662420382166
mactivos_margen_rank_lag2	0.000221557432282514	0.00184199818939181	0.00199044585987261
ccajas_transacciones	0.000221374368437082	0.000826824303309808	0.000796178343949045
rf_013_017	0.000219678175712828	0.000720158648071045	0.000398089171974522
Visa_status_delta2	0.000218757832913588	0.000242161833501873	0.000796178343949045
Master_delinquency	0.000217264464434694	0.000360556831369154	0.000796178343949045
rf_001_015	0.000214513736265499	0.000470652684725738	0.000796178343949045
vmr_msaldototal_delta1	0.000211042675884677	0.00145261370866331	0.00119426751592357
Master_mfinanciacion_limite_rank	0.000210919792374581	0.00242729286549904	0.00477707006369427
mplazo_fijo_dolares_rank_tend6	0.000210129467472557	0.00223448431254017	0.000398089171974522
Master_cconsumos	0.000209312246735319	0.000989243848927737	0.00199044585987261
mtarjeta_master_descuentos_rank_lag1	0.000206829027876907	0.000686281969312354	0.000398089171974522
rf_004_019	0.000206375768272139	0.000752721104037876	0.00159235668789809
Visa_mconsumototal_rank_lag2	0.000201492282813416	0.00108747338162429	0.00398089171974522
vmr_mpagominimo_delta1	0.000200545787828666	0.00125456550652698	0.000796178343949045
Master_msaldototal_rank_tend6	0.000199760438116352	0.000483760428664378	0.00159235668789809
rf_019_020	0.000198535740029915	0.000116701451295846	0.000398089171974522
mpayroll_sobre_edad_rank_delta2	0.000197274672501282	0.0016934191722867	0.000398089171974522
Visa_cconsumos_lag2	0.000197246741173695	0.00197422988421858	0.00398089171974522
tcuentas_lag2	0.000197140403625352	0.00226309068969477	0.000796178343949045
rf_009_025	0.000196590407860143	0.00109907819876961	0.00318471337579618
rf_003_028	0.000193248200959791	0.000567252849369117	0.00119426751592357
rf_012_028	0.000192916023163659	0.00102342705195275	0.000398089171974522
mcomisiones_rank_delta2	0.000192625643354897	0.00143939963911979	0.00199044585987261
mplazo_fijo_dolares_rank_delta2	0.000191648939545364	0.0015506248428201	0.000796178343949045
Master_fechaalta_lag1	0.000190851314455472	0.00106922656678308	0.00278662420382166
Master_msaldototal_rank	0.000190476160349163	0.000720149069187723	0.00199044585987261
Visa_mconsumototal_rank	0.000190434544736661	0.000403160830723062	0.00119426751592357
Visa_Fvencimiento_lag2	0.000188956837758289	0.000628603681273677	0.00199044585987261
Visa_Fvencimiento_lag1	0.000187100864949711	0.00108864871060797	0.00238853503184713
vmr_msaldopesos_lag2	0.000187013698732202	0.000907963192382185	0.00119426751592357
Visa_fechaalta_delta1	0.000183122207294677	0.000171172729198118	0.000398089171974522
Master_mfinanciacion_limite_rank_tend6	0.000182323539422897	0.00151583050703911	0.00437898089171975
vmr_msaldopesos2_tend6	0.000181619511284977	0.00137047095261872	0.00199044585987261
Visa_fultimo_cierre_tend6	0.000180969557869855	0.000931228384196105	0.00199044585987261
vm_msaldopesos_rank_lag1	0.000180417000768956	0.000545692698786619	0.00119426751592357
Visa_mconsumototal_rank_delta2	0.000180256402376947	0.00091852103758035	0.00199044585987261
Visa_mpagominimo_rank_lag2	0.00017967785441276	0.0019808431452645	0.00199044585987261
internet_tend6	0.000179344224954851	0.000583234258304536	0.000398089171974522
cdescubierto_preacordado_lag2	0.000177948842812151	0.000695327308833881	0.000796178343949045
mactivos_margen_rank_tend6	0.000176800473696556	0.00101926885870241	0.00278662420382166
Visa_msaldototal_rank_lag2	0.000176571502840021	0.000333488822876164	0.00119426751592357
ccajas_transacciones_delta2	0.000176365403744029	0.000844623784299855	0.000398089171974522
Visa_fechaalta_lag2	0.000175065527405876	0.00123093152770514	0.00278662420382166
Visa_mfinanciacion_limite_rank_tend6	0.000174509767873062	0.000954383418851816	0.0035828025477707
cliente_edad	0.000173041412056866	0.00176849175455088	0.00199044585987261
mrentabilidad_rank_lag1	0.000169700116107749	0.00115547579010806	0.00159235668789809
Master_mfinanciacion_limite_rank_lag2	0.000169253135586933	0.000867477084130903	0.00159235668789809
vmr_msaldopesos	0.000167209397052406	0.000405688698031895	0.00119426751592357
Master_mpagominimo_rank	0.000166687378543496	0.00177012303838072	0.00119426751592357
ccaja_seguridad_delta2	0.00016609061781978	0.000219470416798977	0.000398089171974522
Master_mpagominimo_rank_tend6	0.000164849257329916	0.000838710739624817	0.000796178343949045
Master_mconsumospesos_rank_lag2	0.000163157301481782	0.000947067067770017	0.00199044585987261
Visa_mfinanciacion_limite_rank	0.000162751898452399	0.000367385617289832	0.00119426751592357
vmr_mpagominimo_tend6	0.000162330898718188	0.0014272258363051	0.00119426751592357
thomebanking_lag1	0.000162063625816402	0.000889565989072808	0.00318471337579618
mtransferencias_emitidas_rank_lag1	0.000161180606671248	0.00176940462213152	0.00278662420382166
Master_msaldopesos_rank	0.000159898665019042	0.00101533481132182	0.00199044585987261
mpasivos_margen_rank_delta1	0.000158229754521975	0.000265889685380275	0.00119426751592357
Visa_mconsumospesos_rank_delta1	0.000157623970235491	0.000774636631191643	0.00238853503184713
rf_015_029	0.000156195429944275	0.00353186934329582	0.00238853503184713
Visa_mconsumototal_rank_delta1	0.000152783275234074	0.000486596736016198	0.00238853503184713
vmr_Master_mlimitecompra_tend6	0.000152699628566233	0.00210860245946795	0.00159235668789809
Visa_mconsumototal_rank_lag1	0.000151839949783131	0.00112833115054849	0.00159235668789809
ccomisiones_mantenimiento	0.000151353448462458	0.00266325716149119	0.000398089171974522
ccajas_consultas_lag1	0.000150445967227433	7.80870568457988e-05	0.000398089171974522
rf_016_020	0.000149474526162326	0.00134895007545785	0.00159235668789809
vm_status01_delta1	0.000147062393993383	0.000561512224593886	0.000398089171974522
Visa_fultimo_cierre_lag2	0.000146597964373178	0.000573626638331972	0.00119426751592357
Master_delinquency_tend6	0.000145080408042662	0.000626640010192545	0.000398089171974522
rf_006_013	0.000140614829038394	0.000100741115903737	0.000398089171974522
rf_016_013	0.000140436755223744	0.000760189759364504	0.000398089171974522
Master_mlimitecompra_rank_tend6	0.000140194213969064	0.00103011790195358	0.00398089171974522
rf_015_025	0.000139379250420814	0.00149496099394417	0.00318471337579618
rf_008_010	0.000138994345128248	0.0017324655743746	0.000398089171974522
mextraccion_autoservicio_rank	0.000137611028706174	0.00107282918480071	0.000398089171974522
Master_msaldopesos_rank_lag1	0.000137013354744316	0.000357377599994385	0.00119426751592357
rf_020_025	0.000136637036596458	0.000967133870442523	0.00318471337579618
mcuenta_debitos_automaticos_rank_tend6	0.000134389026966827	0.00233597449711974	0.000398089171974522
Master_mconsumototal_rank_lag2	0.00013402806215879	0.0017517871399246	0.00199044585987261
rf_005_019	0.000133883580909674	0.000517728106814634	0.00199044585987261
vm_status03_tend6	0.000132669687695877	0.0007535621299936	0.000398089171974522
Visa_mfinanciacion_limite_rank_lag1	0.000132613221297292	0.00040580939196176	0.00159235668789809
mtransferencias_recibidas_rank_tend6	0.000132172541586044	0.000684824063270655	0.00119426751592357
Visa_mpagominimo_rank_tend6	0.000132155641344303	0.000613192215895953	0.00199044585987261
cliente_antiguedad	0.000130683285156271	0.00297082744187308	0.00398089171974522
ccallcenter_transacciones_delta2	0.000128996232245883	0.00172415110365058	0.000398089171974522
vm_mfinanciacion_limite_rank_delta2	0.000128658117448951	0.00313457366283118	0.00119426751592357
Master_mlimitecompra_rank_lag2	0.000128162933886361	0.00135473572098469	0.00318471337579618
vmr_msaldototal_delta2	0.000127607951711305	0.000171223497279727	0.000796178343949045
rf_017_020	0.000126241891526142	0.000268839981443634	0.00119426751592357
Visa_msaldopesos_rank_lag1	0.000125378803727205	0.000374837030626479	0.00199044585987261
tcallcenter_lag1	0.000123481752925769	0.00580372375334244	0.00398089171974522
Master_fultimo_cierre	0.000123428662954596	0.000285820467909599	0.000796178343949045
Visa_mconsumosdolares_rank_delta2	0.000122156243220279	0.000316601251578428	0.00159235668789809
mrentabilidad_rank_tend6	0.000121817709157088	0.00127408727073843	0.00199044585987261
Master_cconsumos_tend6	0.000121321320680443	0.00138214665350063	0.00238853503184713
cliente_vip_delta2	0.000121116465947649	0.000128372362736096	0.000398089171974522
Visa_madelantopesos_rank_delta1	0.0001204584100215	0.000254667065679522	0.000398089171974522
rf_012_016	0.000118712664599268	0.000411567258726972	0.000796178343949045
mcomisiones_mantenimiento_rank_delta1	0.000117421091257644	0.000447394198130144	0.000796178343949045
vm_mconsumospesos_rank_lag1	0.000117154039995249	0.000285743836843018	0.000796178343949045
Master_Fvencimiento_delta2	0.000117077654256708	0.00128635782027468	0.000398089171974522
mttarjeta_visa_debitos_automaticos_rank_delta1	0.000116479528249593	0.000915798718940069	0.00119426751592357
ctrx_quarter	0.000116406977653867	0.00219589865474009	0.000796178343949045
Visa_mpagospesos_rank_delta1	0.000115915944446087	0.000834934743819049	0.00159235668789809
Visa_mconsumosdolares_rank_lag1	0.000114994798942537	0.000488248135501014	0.00199044585987261
vm_mconsumototal_rank_lag1	0.000114698964670323	0.000483449114956393	0.00119426751592357
Visa_mlimitecompra_rank	0.000113745671164077	0.00124005541406991	0.00238853503184713
rf_016_015	0.000109808077399308	0.000567329480435698	0.000796178343949045
vm_mconsumototal_rank_tend6	0.000109299249959778	0.000313747702236626	0.00159235668789809
rf_019_024	0.000109070234341806	0.000798156621301944	0.00159235668789809
vm_mfinanciacion_limite_rank_lag2	0.000107113332138472	0.00107783989866676	0.00159235668789809
vm_fechaalta_delta2	0.000105868651631564	0.000276639108244891	0.000398089171974522
Master_mfinanciacion_limite_rank_lag1	0.000105484745907874	0.0006434212558854	0.00278662420382166
Visa_mconsumospesos_rank_tend6	0.000103728029049952	0.000297975112957641	0.00119426751592357
vm_mpagospesos_rank_tend6	0.000103376748720767	0.000298575708941967	0.000796178343949045
Visa_cconsumos_lag1	0.000103259537883153	0.000902583691508216	0.000796178343949045
rf_004_023	0.000102452317694353	0.000914952903542683	0.000398089171974522
vm_mconsumospesos_rank_tend6	0.000101992861715431	0.000578693867609625	0.00119426751592357
vm_status06	0.000101505111362458	0.000152165351021091	0.000398089171974522
vm_mconsumospesos_rank_delta1	0.000101016156953019	0.000297107266128613	0.000796178343949045
Master_msaldototal_rank_lag2	0.000100708155573975	0.000369251583761074	0.00119426751592357
rf_016_017	9.92005629155242e-05	0.0004028887904367	0.00119426751592357
rf_002_015	9.40498102246385e-05	0.000279519478459996	0.000796178343949045
mprestamos_prendarios_rank_lag2	9.30561430928493e-05	0.00254242625359497	0.000398089171974522
rf_003_025	9.24219258838736e-05	0.00028126379311304	0.000398089171974522
numero_de_cliente	8.95037985142666e-05	0.00201196302140295	0.00238853503184713
Visa_mfinanciacion_limite_rank_delta2	8.93975708327407e-05	0.000360700514618993	0.00119426751592357
mcheques_depositados_rank_lag1	8.86954080961652e-05	0.00251590998878137	0.000398089171974522
Visa_mlimitecompra_rank_delta2	8.80542941478077e-05	0.000521984004674863	0.00199044585987261
mcaja_ahorro_rank_lag1	8.6813626400148e-05	0.00115787434249204	0.00119426751592357
rf_011_019	8.61784932849724e-05	0.000732352566540709	0.000796178343949045
vm_mlimitecompra_rank_delta2	8.5164744823991e-05	0.000428467282573027	0.00159235668789809
Visa_mconsumosdolares_rank_delta1	8.50185238104765e-05	0.000393346306870731	0.00159235668789809
Master_mfinanciacion_limite_rank_delta2	8.47357927523039e-05	0.000603832689001445	0.00199044585987261
vm_mconsumototal_rank_lag2	8.44004529262786e-05	0.000982637293100143	0.00119426751592357
vm_mlimitecompra_rank_lag1	8.42704140657495e-05	0.00137324595511728	0.000398089171974522
Master_mpagosdolares_rank_lag2	8.41897834469139e-05	0.000760278842979404	0.00238853503184713
Visa_mpagospesos_rank_lag2	8.35660528493733e-05	0.000372981600926893	0.00159235668789809
ctarjeta_master_descuentos_delta2	8.1648874790032e-05	8.48574115782093e-05	0.000398089171974522
mrentabilidad_rank_delta1	8.02650588693838e-05	0.000738178443377512	0.00159235668789809
mcaja_ahorro_rank_lag2	7.99892268374999e-05	0.000413984010989263	0.000398089171974522
Visa_mpagosdolares_rank_tend6	7.80320980398104e-05	0.000192984804412	0.000796178343949045
rf_012_023	7.72200997402642e-05	0.000148529206911834	0.000398089171974522
Visa_status_tend6	7.70121009869681e-05	0.00045618473935529	0.000398089171974522
vm_msaldopesos_rank_delta2	7.34112998058116e-05	0.000162155168438226	0.000796178343949045
active_quarter_lag1	7.28471679069603e-05	0.000599232909229935	0.000398089171974522
vmr_Visa_mlimitecompra_delta2	7.24436660594851e-05	0.000333285750549724	0.000398089171974522
ccomisiones_otras_tend6	7.1774474421502e-05	0.000175753351202983	0.000398089171974522
Visa_msaldototal_rank_delta1	7.13428154143877e-05	0.000490700329631598	0.00159235668789809
mcaja_ahorro_rank_delta1	7.08901188651477e-05	0.00122006428457566	0.00238853503184713
mtransferencias_emitidas_rank_lag2	7.08898775011855e-05	0.000598060453911249	0.00119426751592357
ccallcenter_transacciones_tend6	7.07591308429814e-05	0.000624911979641149	0.000796178343949045
Visa_msaldototal_rank_lag1	7.02723608107515e-05	0.000316452778886927	0.000796178343949045
Visa_msaldototal_rank_delta2	7.01638867196686e-05	0.00067848858984109	0.00159235668789809
rf_004_017	6.92195664642386e-05	0.0006807693219602	0.000398089171974522
cpagomiscuentas_tend6	6.83290022416058e-05	0.000512738466491894	0.000398089171974522
Visa_msaldopesos_rank_delta1	6.81547612828642e-05	0.000680549965532113	0.00159235668789809
mcuenta_debitos_automaticos_rank_lag1	6.77361932929544e-05	0.000697136759893519	0.000398089171974522
Master_mpagosdolares_rank_tend6	6.74482205251347e-05	0.000432798853611505	0.00159235668789809
Visa_cconsumos_delta1	6.71872098651849e-05	0.000314730495665525	0.00119426751592357
rf_018_024	6.7033503043195e-05	0.000991638569758386	0.000398089171974522
vm_Fvencimiento_lag1	6.59054420179012e-05	0.000337325165646863	0.000796178343949045
ctarjeta_visa_transacciones_lag1	6.58482876415007e-05	0.000164290301530833	0.000398089171974522
ccomisiones_otras	6.47470047710056e-05	0.000665217046997634	0.000398089171974522
cliente_antiguedad_lag1	6.34375562030132e-05	0.00123521616221534	0.00119426751592357
vm_msaldototal_rank_tend6	6.33523834536341e-05	0.000439145821701057	0.00119426751592357
mcaja_ahorro_rank_tend6	6.25947189643761e-05	0.000304079735299131	0.000796178343949045
Visa_mconsumosdolares_rank_lag2	6.23877965819117e-05	0.000597783624183226	0.00159235668789809
Visa_mlimitecompra_rank_tend6	6.11358294180017e-05	0.000156513206161217	0.000796178343949045
Visa_mpagominimo_rank_delta2	6.01717205574583e-05	0.000878481305291901	0.000796178343949045
vmr_mconsumospesos_delta2	5.87865692737758e-05	9.77036520021422e-05	0.000398089171974522
vmr_mpagominimo_lag2	5.87197340394595e-05	0.000433448301900777	0.00119426751592357
vm_status05_delta2	5.86946600114272e-05	0.00016198274853842	0.000398089171974522
Visa_msaldopesos_rank_tend6	5.81933959446304e-05	0.000389509006211699	0.000796178343949045
Visa_msaldopesos_rank_lag2	5.79898109215861e-05	0.000139461835958665	0.000398089171974522
minversion2_rank_lag1	5.7569367668046e-05	0.00121622506813996	0.000398089171974522
Master_mlimitecompra_rank	5.62975000311617e-05	0.000330573968681098	0.00119426751592357
rf_011_026	5.60346218020703e-05	0.000697637735491291	0.00119426751592357
vmr_mconsumospesos_lag2	5.39702191582515e-05	0.000408864097853335	0.00159235668789809
rf_019_016	5.35561998260986e-05	0.000130914598369913	0.000398089171974522
rf_007_027	5.34930324092445e-05	0.000500196834557619	0.000398089171974522
mpayroll_rank_delta1	5.2525121566036e-05	0.00240717050530326	0.00119426751592357
mtarjeta_visa_consumo_rank_delta1	5.23245388705559e-05	9.68635839347506e-05	0.000398089171974522
rf_017_017	5.19838446332545e-05	0.000638876075748829	0.000796178343949045
vmr_Visa_mlimitecompra_lag2	5.16692211342279e-05	0.000211131040978325	0.000796178343949045
vm_mpagado_rank_delta2	5.13977622399989e-05	0.000995945235700225	0.000398089171974522
mautoservicio_rank_delta2	5.04981321468218e-05	0.000670002657105603	0.000796178343949045
rf_020_015	5.04132335880471e-05	0.000580392203622721	0.000398089171974522
mcaja_ahorro_dolares_rank_tend6	4.9295164821154e-05	0.000599839252544255	0.000398089171974522
cdescubierto_preacordado_lag1	4.91083489238574e-05	0.00022104901677054	0.000398089171974522
Visa_mlimitecompra_rank_delta1	4.89795914934757e-05	0.000248407265428205	0.00119426751592357
Master_mpagospesos_rank_delta2	4.89350928596728e-05	0.000258581955293466	0.000796178343949045
mpagomiscuentas_rank_lag1	4.84190600436218e-05	0.000652365059243708	0.00159235668789809
Visa_fultimo_cierre_delta1	4.78758982231436e-05	0.000522397812434399	0.000398089171974522
vm_mconsumosdolares_rank_lag2	4.74401616610868e-05	0.000526901803372684	0.000796178343949045
rf_005_020	4.7290671133056e-05	0.000660872065522505	0.000796178343949045
Visa_mconsumospesos_rank_lag2	4.67780586244429e-05	0.000617504629167786	0.00159235668789809
rf_018_017	4.66996810376655e-05	0.000292676074703581	0.000398089171974522
ccomisiones_otras_lag1	4.66767509848203e-05	9.48855445286346e-05	0.000398089171974522
Visa_mpagospesos_rank_lag1	4.66415966524728e-05	0.000307476407325323	0.000796178343949045
ctrx_quarter_lag2	4.63408440058921e-05	9.17072710421974e-05	0.000398089171974522
Master_mlimitecompra_rank_lag1	4.62330313073324e-05	0.000550456277462946	0.00199044585987261
mpasivos_margen_rank_tend6	4.6101046384348e-05	0.000257669087712823	0.00119426751592357
Visa_madelantopesos_rank_delta2	4.52721907225642e-05	6.84823105382322e-05	0.000398089171974522
vm_mfinanciacion_limite_rank_tend6	4.48698077442733e-05	0.000312694025071141	0.00119426751592357
vmr_msaldopesos_lag1	4.4251771354254e-05	0.000233113620315349	0.000796178343949045
Visa_mpagado_rank_delta1	4.4087883985198e-05	0.000240664654038551	0.000398089171974522
Master_mpagominimo_rank_delta1	4.38896095410482e-05	0.000242658019657984	0.00119426751592357
vmr_Master_mlimitecompra_delta2	4.37893420152547e-05	0.000284484213686097	0.000398089171974522
rf_020_019	4.28849679243592e-05	0.000171524274216057	0.000398089171974522
vm_msaldototal_rank_delta2	4.19613922011126e-05	0.000192168683552915	0.000796178343949045
ctarjeta_debito_transacciones_lag2	4.19293029909803e-05	0.00192809798213696	0.00159235668789809
Visa_mlimitecompra_rank_lag2	4.1815083522835e-05	0.000404125424273647	0.00159235668789809
rf_007_021	4.16039311249704e-05	0.000142049092344098	0.000398089171974522
vm_Fvencimiento	4.14904913967786e-05	0.000211065904571731	0.000796178343949045
Master_mpagospesos_rank_tend6	4.12247131792052e-05	9.7581042295613e-05	0.000398089171974522
rf_001_006	4.05666481054286e-05	0.000155680801200484	0.000398089171974522
Visa_mfinanciacion_limite_rank_delta1	4.04218095271148e-05	0.000572041333142083	0.00199044585987261
rf_020_023	4.00542201216133e-05	0.000348660816170823	0.000796178343949045
vmr_Master_mlimitecompra_lag2	4.00155273726171e-05	0.000380395656618582	0.00119426751592357
rf_016_019	3.94303145756974e-05	0.000213951064228497	0.000398089171974522
vm_mfinanciacion_limite_rank	3.93507687130186e-05	0.000514005752755473	0.00119426751592357
Master_mlimitecompra_rank_delta2	3.84302884135033e-05	0.000830987286001808	0.00238853503184713
vm_cconsumos_lag2	3.82752314588723e-05	0.000160154139712136	0.000398089171974522
Master_Fvencimiento_lag1	3.81867174790067e-05	0.000274283660835865	0.00119426751592357
vmr_msaldototal_lag2	3.80548483425933e-05	0.000589586015835749	0.000796178343949045
ctransferencias_recibidas_tend6	3.80127158950947e-05	0.000270545022675056	0.000398089171974522
vmr_mconsumospesos_tend6	3.79968844011622e-05	0.000355430213014901	0.000796178343949045
vm_fultimo_cierre_lag2	3.76673586546931e-05	0.000293126282219743	0.00119426751592357
rf_009_022	3.76583642499883e-05	0.000626740588467432	0.000398089171974522
Master_madelantopesos_rank_tend6	3.69425719296412e-05	0.000244490460037596	0.00119426751592357
cmobile_app_trx_delta2	3.69193518207751e-05	0.000536830315936554	0.000398089171974522
matm_rank_lag2	3.6260196035355e-05	0.000509284321165766	0.00199044585987261
rf_002_024	3.56594224094592e-05	0.000389691962883161	0.00119426751592357
rf_010_018	3.56094115678065e-05	0.000166764527093059	0.000398089171974522
rf_005_014	3.49454981108707e-05	0.000163360191960209	0.000398089171974522
Master_mpagospesos_rank	3.47554037420057e-05	0.00107072470413473	0.00159235668789809
rf_013_022	3.43289388721113e-05	0.000284018679956619	0.000398089171974522
vmr_mpagospesos	3.37501036867148e-05	0.00019383253558605	0.000796178343949045
mttarjeta_visa_debitos_automaticos_rank_lag2	3.35312040106897e-05	0.000182420253995509	0.000796178343949045
vm_mlimitecompra_rank	3.34343192013025e-05	9.61968936554979e-05	0.000398089171974522
rf_014_023	3.27989554896845e-05	0.000223486842576141	0.000398089171974522
rf_011_017	3.26101637048555e-05	0.000308040603553024	0.000398089171974522
Visa_delinquency_delta1	3.18754659065966e-05	0.000169994526549438	0.000398089171974522
Master_mconsumosdolares_rank	3.1409101944334e-05	0.000433190629939399	0.00119426751592357
Visa_mfinanciacion_limite_rank_lag2	3.08634181420212e-05	0.000141481064563068	0.000398089171974522
vmr_msaldopesos2	3.07453165541827e-05	0.000425913552279223	0.000796178343949045
rf_006_018	3.0638413949268e-05	0.000233153851625304	0.000398089171974522
Master_mconsumospesos_rank_delta2	3.05825768312224e-05	0.000160082298087217	0.000398089171974522
vm_mpagospesos_rank_delta1	3.0519479546179e-05	0.000136167657984025	0.000398089171974522
vmr_mconsumospesos_delta1	3.00546520041793e-05	6.78204097006409e-05	0.000398089171974522
vm_mconsumosdolares_rank	2.95998624587178e-05	0.000155409718802454	0.000398089171974522
Master_mlimitecompra_rank_delta1	2.90579589134549e-05	0.000219508732332267	0.00119426751592357
vm_status02	2.89480604605455e-05	9.65580175567598e-05	0.000398089171974522
vm_status02_delta1	2.87427236668417e-05	0.000293977844947121	0.000398089171974522
ccajas_transacciones_lag2	2.81057400628601e-05	0.000185582243380298	0.000796178343949045
vmr_mconsumototal_lag2	2.74636924847745e-05	0.000699741258268933	0.000796178343949045
Visa_mpagosdolares_rank_delta2	2.73288572182447e-05	0.000144051078958521	0.000398089171974522
mtransferencias_emitidas_rank_tend6	2.6447346097593e-05	0.000314226646402756	0.000398089171974522
thomebanking_delta1	2.63613401041683e-05	0.000423038929394112	0.000398089171974522
vm_mpagominimo_rank_tend6	2.57829969848992e-05	0.000235143385691407	0.000796178343949045
rf_008_022	2.50226702025417e-05	0.000206495819338521	0.000796178343949045
vm_msaldototal_rank_delta1	2.49194136894741e-05	0.000482939518363631	0.000796178343949045
Master_mpagospesos_rank_lag2	2.43137443200605e-05	0.000124383715720568	0.000398089171974522
vm_msaldototal_rank_lag1	2.30876893355492e-05	0.000325950241701281	0.000398089171974522
vmr_mpagospesos_delta2	2.28352119112415e-05	0.000788912041007307	0.00199044585987261
vm_fechaalta_delta1	2.28070256411837e-05	0.0002135918561039	0.000796178343949045
rf_018_021	2.25340551015161e-05	0.000251352772049904	0.000398089171974522
ccomisiones_mantenimiento_delta2	2.23435237428642e-05	0.000220003002711713	0.000398089171974522
rf_004_016	2.22735809832678e-05	0.000224711981753101	0.000398089171974522
Master_madelantodolares_rank_tend6	2.18014658313879e-05	9.72017185160382e-05	0.000398089171974522
Master_mconsumototal_rank_lag1	2.1721833822595e-05	0.000508194244243654	0.00119426751592357
mautoservicio_rank_delta1	2.13380958113643e-05	0.000284356814537906	0.000796178343949045
Master_msaldopesos_rank_lag2	2.12342549935923e-05	0.00011829729325739	0.000398089171974522
mextraccion_autoservicio_rank_lag2	2.11445956664489e-05	0.000478039919544124	0.00119426751592357
mttarjeta_visa_debitos_automaticos_rank	2.08152357207275e-05	0.000123975655291025	0.000398089171974522
ccomisiones_otras_lag2	2.05772968780267e-05	0.000171294381016315	0.000796178343949045
tcallcenter_lag2	2.0555563544487e-05	0.000657839391062571	0.000398089171974522
Master_mpagosdolares_rank	2.00855559678598e-05	0.000181405850251646	0.000796178343949045
Master_cconsumos_delta1	2.00590348995079e-05	8.06254609262866e-05	0.000398089171974522
rf_001_021	1.95238188654705e-05	0.000412806766228916	0.00119426751592357
rf_020_016	1.95189376295182e-05	0.000173191957802521	0.000398089171974522
vm_mconsumototal_rank	1.92054316656469e-05	9.650724947515e-05	0.000398089171974522
mtransferencias_recibidas_rank_lag2	1.89095857683233e-05	0.00036502346466248	0.00119426751592357
Master_msaldototal_rank_delta1	1.86516525941789e-05	0.000247757817138934	0.000398089171974522
ctarjeta_master_transacciones_tend6	1.84288224875531e-05	0.000869583480573542	0.000398089171974522
vmr_msaldopesos2_delta2	1.76576283237674e-05	0.000439801975208655	0.000796178343949045
Master_madelantopesos_rank_delta2	1.75224557384748e-05	9.56451499761164e-05	0.000398089171974522
Master_mconsumosdolares_rank_tend6	1.74128889108829e-05	0.000425405871463126	0.00119426751592357
Master_mfinanciacion_limite_rank_delta1	1.7375050869506e-05	0.000252939993016458	0.00119426751592357
cextraccion_autoservicio_tend6	1.72260813750895e-05	0.000212437600663527	0.000796178343949045
vmr_Visa_mlimitecompra_tend6	1.67346666350144e-05	7.27928080334002e-05	0.000398089171974522
mtarjeta_visa_consumo_rank_lag2	1.65889655116609e-05	0.000202996653260777	0.000796178343949045
Master_mconsumototal_rank_tend6	1.6386495736865e-05	0.000321770974907632	0.00119426751592357
rf_007_025	1.59908288323135e-05	0.000139360299795446	0.000398089171974522
Master_cconsumos_lag2	1.57514796350907e-05	0.000318321619023166	0.000796178343949045
vm_msaldototal_rank_lag2	1.56870422226237e-05	0.000111587285489912	0.000398089171974522
vm_cconsumos_tend6	1.54389265490804e-05	0.000652873697948137	0.000398089171974522
vmr_Visa_mlimitecompra	1.48382110010902e-05	7.16174790497178e-05	0.000398089171974522
vm_status05_lag2	1.4794453325112e-05	0.000120267669556848	0.000398089171974522
Master_fultimo_cierre_tend6	1.45835212326089e-05	8.32050542050616e-05	0.000398089171974522
mtransferencias_recibidas_rank_delta2	1.40948214321351e-05	0.000165496282941148	0.000398089171974522
rf_016_016	1.39260858205228e-05	0.000180480530122684	0.000398089171974522
Master_mpagominimo_rank_delta2	1.3658006974642e-05	7.8611979651877e-05	0.000398089171974522
vmr_msaldototal_lag1	1.33918719995976e-05	0.000976997246599799	0.000398089171974522
mpayroll_sobre_edad_rank_delta1	1.33526515468419e-05	0.000634693935290183	0.000398089171974522
vmr_mpagospesos_tend6	1.31248619015256e-05	0.000124731429185178	0.000398089171974522
rf_003_019	1.30217071558135e-05	0.000136173405314018	0.000398089171974522
rf_014_028	1.28913534644392e-05	0.00100741882214403	0.000398089171974522
Master_mpagosdolares_rank_lag1	1.23545344754422e-05	0.000275193654751512	0.000796178343949045
vmr_mconsumototal_tend6	1.15716534552678e-05	9.84680468912853e-05	0.000398089171974522
matm_rank_delta2	1.12640431372976e-05	0.000342173996384761	0.000796178343949045
Master_mpagosdolares_rank_delta2	1.11903117353263e-05	6.76882211107891e-05	0.000398089171974522
vmr_mconsumototal_delta1	1.09740259938493e-05	8.99188935258688e-05	0.000398089171974522
rf_004_026	1.08912148093167e-05	0.000245107340123571	0.000398089171974522
Master_fultimo_cierre_lag1	1.08693771356512e-05	7.32746258645268e-05	0.000398089171974522
Master_mpagominimo_rank_lag2	1.06280055504564e-05	0.00015432251554534	0.000398089171974522
vm_mfinanciacion_limite_rank_lag1	1.05285815121454e-05	0.000127767935198441	0.000398089171974522
Master_mconsumospesos_rank_lag1	1.02236929944972e-05	0.000446465046447852	0.000796178343949045
mautoservicio_rank_lag2	9.82014579003583e-06	9.95744079150451e-05	0.000398089171974522
matm_rank_lag1	9.23934462703663e-06	6.91432534874913e-05	0.000398089171974522
Master_mconsumosdolares_rank_delta2	9.23342306285771e-06	6.75062223276598e-05	0.000398089171974522
Master_madelantodolares_rank	8.92769258233158e-06	6.91154747258558e-05	0.000398089171974522
rf_019_023	8.86515101565659e-06	8.38027765243915e-05	0.000398089171974522
vmr_msaldopesos_delta1	8.68190574228042e-06	8.57453740622139e-05	0.000398089171974522
rf_002_022	8.59323474005433e-06	0.000167817246370212	0.000398089171974522
vmr_mpagospesos_lag1	8.33089679271007e-06	0.000183577383100879	0.000398089171974522
rf_020_027	8.16648191047032e-06	0.00101805904573877	0.000398089171974522
mpayroll_sobre_edad_rank	7.3790449906673e-06	0.000846160237184799	0.000398089171974522
vm_mconsumospesos_rank_lag2	7.33603951647253e-06	0.000212076476762265	0.000796178343949045
rf_011_024	6.76508062889882e-06	8.59858040336111e-05	0.000398089171974522
mpagomiscuentas_rank_lag2	6.66075727377806e-06	0.000124546556737052	0.000398089171974522
vm_mpagospesos_rank_lag1	6.53546450729867e-06	0.000409002991661513	0.000398089171974522
vm_fultimo_cierre	6.23294484401271e-06	7.27832291500776e-05	0.000398089171974522
rf_019_026	6.15990637482179e-06	0.000104048704315029	0.000398089171974522
ctarjeta_visa_transacciones_lag2	5.92737582864011e-06	0.000331893938802951	0.000796178343949045
Master_cadelantosefectivo_tend6	5.89894743231786e-06	0.000217645639526022	0.00119426751592357
mextraccion_autoservicio_rank_lag1	5.88396056932125e-06	7.74098297948913e-05	0.000398089171974522
mcaja_ahorro_dolares_rank_lag1	5.75350320483566e-06	9.33184392170579e-05	0.000398089171974522
mautoservicio_rank_lag1	5.66644104158995e-06	0.000374999871642964	0.000796178343949045
vm_msaldopesos_rank_delta1	5.07265253449752e-06	0.000103854252983581	0.000398089171974522
vm_mconsumospesos_rank_delta2	4.84434642938057e-06	0.000117872948726199	0.000398089171974522
vmr_mconsumospesos	4.7357252139559e-06	0.000101239217836512	0.000398089171974522
Master_mpagospesos_rank_delta1	4.65942161348674e-06	0.000323361069539183	0.000796178343949045
Master_cconsumos_lag1	4.49116225022931e-06	6.7875967223912e-05	0.000398089171974522
vm_mpagospesos_rank	4.30737307417012e-06	8.53085769827036e-05	0.000398089171974522
Master_madelantodolares_rank_lag2	3.84732440521859e-06	0.000160667567858227	0.000398089171974522
mpayroll_rank_lag1	3.42156333091223e-06	6.71345616547431e-05	0.000398089171974522
Master_mconsumospesos_rank_tend6	3.37010525836436e-06	0.000743128810278629	0.000398089171974522
mcuenta_debitos_automaticos_rank_lag2	3.30544408635358e-06	0.000263205682273283	0.00119426751592357
vm_mpagado_rank_lag2	3.13192257421894e-06	0.000175692046349718	0.000398089171974522
mpayroll_sobre_edad_rank_lag2	2.83925102273535e-06	0.000353827665835031	0.000796178343949045
Master_mconsumototal_rank_delta2	2.58161845773417e-06	0.000190306548635002	0.000398089171974522
ctrx_quarter_normalizado_lag2	2.52700026104833e-06	7.71617367168361e-05	0.000398089171974522
ctarjeta_debito_transacciones_lag1	2.25983446273392e-06	0.000614669279704297	0.000398089171974522
Master_cadelantosefectivo_lag2	2.08050932887759e-06	0.000101031356068412	0.000398089171974522
vmr_mconsumosdolares_tend6	1.76285186674185e-06	0.000152182593011072	0.000398089171974522
vmr_Master_mlimitecompra	1.58592636520268e-06	0.000398004517830509	0.000398089171974522
Master_mconsumosdolares_rank_lag2	1.30118168553438e-06	6.748514878435e-05	0.000398089171974522
Master_cadelantosefectivo	1.22378408599309e-06	7.64289521426575e-05	0.000398089171974522
vm_mlimitecompra_rank_lag2	9.80630047471661e-07	0.000110818101159108	0.000398089171974522
Master_mpagosdolares_rank_delta1	9.52891606186555e-07	0.000133202993595681	0.000796178343949045
mpayroll_sobre_edad_rank_lag1	8.46970346358864e-07	7.49585935526391e-05	0.000398089171974522
matm_other_rank	6.57296482493974e-07	0.000119540632312663	0.000398089171974522
vm_mpagominimo_rank_delta1	6.13817380358435e-07	9.3624963483381e-05	0.000398089171974522
matm_rank	4.45375255127281e-07	7.58273982699985e-05	0.000398089171974522
mpasivos_margen_rank_lag1	4.17908217278913e-07	7.64576887926253e-05	0.000398089171974522
mextraccion_autoservicio_rank_delta2	3.146053943472e-07	8.29100245987256e-05	0.000398089171974522
vmr_mconsumototal_lag1	2.77552357574049e-07	7.19747713976506e-05	0.000398089171974522
Master_msaldopesos_rank_delta2	2.53903953931385e-07	6.7905661762212e-05	0.000398089171974522
