Feature	Gain	Cover	Frequency
rf_013_016	0.260920890958669	0.0110565293853822	0.00966572694321385
rf_010_015	0.0704034278803066	0.0150296301534905	0.013290374546919
vm_status04_tend6	0.068735948840496	0.00475674550728846	0.000805477245267821
cdescubierto_preacordado_delta2	0.0344123022101061	0.00377290304944931	0.00120821586790173
ctrx_quarter_normalizado_lag1	0.0343058330826508	0.00252110098288609	0.000805477245267821
rf_018_027	0.0333643089153855	0.00495353417186903	0.00120821586790173
ctrx_quarter_normalizado	0.0297254931141467	0.00468765108794191	0.00201369311316955
rf_017_021	0.0257850720477804	0.0138217386282217	0.0036246476037052
mpayroll_sobre_edad_rank	0.0192843850923322	0.00403976332151616	0.00161095449053564
rf_013_026	0.0187191827096947	0.00426079754144646	0.00161095449053564
mcuentas_saldo_rank	0.0174080994606693	0.00915383025709926	0.00724929520741039
vm_status06	0.0142786922453911	0.00167629222431918	0.000805477245267821
foto_mes	0.0133319433114005	0.0176976387881877	0.0120821586790173
mpayroll_rank	0.00940410460359679	0.00963486870086978	0.00161095449053564
rf_014_025	0.0091131719145435	0.00304189691835716	0.0036246476037052
cdescubierto_preacordado_tend6	0.00909746907467732	0.00137041938143482	0.000402738622633911
mprestamos_personales_rank	0.00838976113475233	0.0183607914178267	0.00724929520741039
mtarjeta_visa_consumo_rank	0.00776239052739996	0.00635741206804681	0.0036246476037052
mcomisiones_mantenimiento_rank_tend6	0.00695031770232743	0.00464923167772816	0.00402738622633911
Visa_status	0.00631018412261152	0.0017780780287043	0.000805477245267821
rf_009_026	0.00606154045763318	0.00540012950981638	0.00120821586790173
cpayroll_trx	0.00605384731565345	0.00257283828297402	0.000402738622633911
mcuentas_saldo_rank_tend6	0.00573464984364621	0.00398432732730461	0.00483286347160693
mprestamos_personales_rank_lag1	0.00559508055926394	0.00480926104149147	0.00322190898107128
cdescubierto_preacordado	0.00550745668028857	0.0115221539817629	0.00443012484897302
rf_013_015	0.00546814707302464	0.00264825944030485	0.00161095449053564
ccomisiones_mantenimiento_tend6	0.00504017319480822	0.00614489770720987	0.00120821586790173
mv_status07_rank_lag2	0.00490418328769239	0.00209287048946646	0.000805477245267821
cproductos_delta2	0.00479837045251261	0.00595944386982975	0.00120821586790173
mactivos_margen_rank	0.00469334998694364	0.0154011513469407	0.013290374546919
mpasivos_margen_rank	0.00465106415405678	0.00523940519501809	0.00443012484897302
tcallcenter	0.00425114124007537	0.00721933549957252	0.00523560209424084
mprestamos_personales_rank_tend6	0.00417815453065291	0.0109673313558691	0.00281917035843737
mprestamos_personales_rank_delta1	0.00413903615764319	0.00671062208828761	0.00322190898107128
rf_010_019	0.00398142059024822	0.00366004614761736	0.00322190898107128
rf_003_018	0.00378559670595856	0.00130716125526757	0.00443012484897302
mcuentas_saldo_rank_delta2	0.00377633368366743	0.00491441148231228	0.0076520338300443
thomebanking	0.00376698904164119	0.0041472910315898	0.00805477245267821
rf_004_022	0.00375399799068476	0.000836921850882247	0.00241643173580346
rf_007_020	0.00368739205331079	0.00312263801377072	0.00241643173580346
mprestamos_personales_rank_delta2	0.00354360899288934	0.0099300415186975	0.00281917035843737
mcomisiones_otras_rank_tend6	0.00345866996480505	0.00292629722708754	0.00322190898107128
Visa_delinquency	0.00342915030116769	0.00722361162305143	0.00322190898107128
rf_013_017	0.00336704684682115	0.000697211707926146	0.000402738622633911
vm_status04	0.00291787965220564	0.000432013395990896	0.000402738622633911
rf_011_021	0.00290827553517303	0.000353083244885546	0.000805477245267821
ccaja_seguridad_lag2	0.00289094366348848	0.00531801331821375	0.00120821586790173
vm_Finiciomora	0.00283034517056046	0.00554242327899043	0.00120821586790173
rf_006_019	0.00280171391758268	0.00328475408137409	0.00402738622633911
vm_msaldototal_rank	0.00277972830033897	0.00312668834756583	0.00241643173580346
cliente_vip_delta1	0.00263884886286559	0.00773111835504257	0.00402738622633911
ctrx_quarter_normalizado_delta2	0.00254441773885893	0.00470705882170589	0.00644381796214257
rf_016_022	0.00249024745941009	0.00400597445055549	0.000805477245267821
vm_status02_delta2	0.002284828938207	0.0012241807703671	0.000402738622633911
rf_010_016	0.00224314816992916	0.00252130178764587	0.00120821586790173
mpasivos_margen_rank_lag1	0.00218958846645085	0.000944656843288565	0.00201369311316955
Visa_mpagominimo_rank	0.00217398399630618	0.00342226462564822	0.0076520338300443
mcomisiones_otras_rank_lag2	0.00213561283029295	0.00455267697614035	0.00604107933950866
vm_status01_delta2	0.00208682006934673	0.00110374233214417	0.00120821586790173
rf_013_021	0.00195679944726934	0.000750735892765817	0.000805477245267821
rf_010_013	0.00194259499613658	0.00043054391231106	0.000805477245267821
mcuenta_debitos_automaticos_rank	0.00189751665942689	0.0110830254346295	0.00483286347160693
cprestamos_personales_tend6	0.00183075130243598	0.00297699348867432	0.000805477245267821
internet	0.00182923467785363	0.0109434587236447	0.00241643173580346
Visa_delinquency_lag1	0.00177913580988698	0.00404158351949994	0.00201369311316955
ctarjeta_visa_transacciones_tend6	0.00177024259125458	0.00621592059254431	0.00443012484897302
vm_mpagospesos_rank	0.0017090489259828	0.00139090701913732	0.00161095449053564
ctarjeta_visa_transacciones_delta2	0.00170075133172533	0.00513345893809863	0.0036246476037052
ccaja_seguridad	0.00168119403615421	0.0102913531318961	0.00161095449053564
cproductos_delta1	0.00166759899292825	0.00132513281858375	0.000402738622633911
tcallcenter_delta2	0.00162313847760294	0.00201367568323993	0.00120821586790173
ccajas_consultas_tend6	0.00160834832171027	0.00401648292452792	0.00120821586790173
mrentabilidad_annual_rank_lag1	0.00159813378463889	0.00216473916074761	0.00523560209424084
cproductos_tend6	0.00151038411507617	0.00767239360453497	0.00120821586790173
rf_014_015	0.00150262622703902	0.00807800904023954	0.00281917035843737
rf_017_018	0.00149560358934665	0.000767533164652708	0.00201369311316955
mcuenta_corriente_rank	0.00146071277894684	0.00467022086464633	0.00281917035843737
mcomisiones_rank_lag2	0.00143036955953668	0.00248160907167427	0.00523560209424084
vm_Finiciomora_delta1	0.00140728869982298	0.00479660478942024	0.00120821586790173
cliente_vip_lag1	0.00140699716934929	0.00732234741597009	0.00322190898107128
mcuentas_saldo_rank_lag1	0.00137925759533038	0.000163862236182626	0.000805477245267821
ctrx_quarter_normalizado_delta1	0.00134563808877995	0.00599880160274586	0.00322190898107128
ctrx_quarter_delta1	0.00134490845957567	0.00348655823811128	0.00241643173580346
Master_delinquency	0.00133922197739066	0.00711916353620606	0.00201369311316955
ccaja_ahorro	0.00131920454827892	0.00514567656594804	0.000805477245267821
cdescubierto_preacordado_lag1	0.00131790854225577	0.00132560012919982	0.00161095449053564
mttarjeta_visa_debitos_automaticos_rank_tend6	0.00130860441855598	0.00681992742943743	0.00443012484897302
mrentabilidad_annual_rank_delta1	0.00124755002636585	0.00397948302814596	0.00563834071687475
ccomisiones_mantenimiento_delta2	0.00124707861939584	0.00236350811189924	0.000805477245267821
mplazo_fijo_dolares_rank	0.00120691515640611	0.00981862911562137	0.00201369311316955
Master_fechaalta_lag1	0.00117628367691078	0.00324903026685264	0.00523560209424084
mcuenta_corriente_rank_lag1	0.00114328508872801	0.00271356540487479	0.00201369311316955
rf_009_015	0.00112080437389084	0.00156778917684091	0.00281917035843737
Visa_cconsumos_tend6	0.0011061746483701	0.00202534919496608	0.00523560209424084
mrentabilidad_rank_delta1	0.00110163098369491	0.00164266344194581	0.0036246476037052
Visa_mpagospesos_rank_lag2	0.001096255753974	0.000676902666162064	0.00281917035843737
cprestamos_personales_delta2	0.00108727591705344	0.00396821575277714	0.000805477245267821
Visa_msaldototal_rank	0.00106200181598302	0.00394793077056953	0.0036246476037052
mcomisiones_otras_rank_lag1	0.00105471871337402	0.00193943529491129	0.00322190898107128
rf_007_015	0.00105388285076781	0.00139816837835374	0.000805477245267821
ccaja_ahorro_tend6	0.00104091550333814	0.00514567656594804	0.000805477245267821
mcuentas_saldo_rank_lag2	0.00102707940650356	0.00203208772151304	0.00443012484897302
Visa_mpagominimo_rank_lag2	0.0010257947766733	0.00272273672272798	0.00281917035843737
internet_lag1	0.00101442610621949	0.00514567656594804	0.000805477245267821
mrentabilidad_annual_rank_lag2	0.00100221425941865	0.00251683041161251	0.00483286347160693
Visa_msaldopesos_rank_tend6	0.000993043471570555	0.000556993538181487	0.00201369311316955
ctrx_quarter_delta2	0.000965796980270774	0.00259895400615559	0.00281917035843737
mautoservicio_rank	0.000948023444982104	0.00494939962962626	0.00201369311316955
mcuentas_saldo_rank_delta1	0.00091145193484184	0.00504099158500819	0.00483286347160693
mtarjeta_visa_consumo_rank_delta2	0.000892397103203479	0.00130599251604362	0.00161095449053564
vm_msaldopesos_rank	0.000874850513913222	0.00269195529632617	0.0036246476037052
mactivos_margen_rank_delta1	0.000853181035741282	0.00172449832181123	0.00523560209424084
rf_012_027	0.000818103186738938	0.000638560986823067	0.00201369311316955
vm_cconsumos_tend6	0.000806734744959725	0.00048413842508503	0.000805477245267821
Visa_msaldopesos_rank	0.000769034227722398	0.000918030317215767	0.00281917035843737
Master_mpagominimo_rank	0.000763924406255224	0.0035036914184212	0.00120821586790173
cliente_edad_lag2	0.000742819774572478	0.00372641628487736	0.00563834071687475
mcomisiones_otras_rank_delta2	0.000737813260745012	0.00219251499332567	0.00523560209424084
mrentabilidad_annual_rank	0.000729176779576447	0.00125298191019784	0.00322190898107128
mpayroll_sobre_edad_rank_delta2	0.000726623849613045	0.0030626371814026	0.00120821586790173
rf_011_022	0.000714613753011219	0.00197470845543269	0.000402738622633911
mcuenta_corriente_rank_lag2	0.000705517630883058	0.000963345566461089	0.00241643173580346
mcomisiones_rank_delta2	0.000705160725116978	0.00179753388158122	0.0036246476037052
mcomisiones_mantenimiento_rank_lag1	0.00070123090347114	0.00276912724907404	0.00201369311316955
Visa_mconsumototal_rank_tend6	0.000699621873841977	0.00107119067760664	0.00402738622633911
mprestamos_personales_rank_lag2	0.000697462134642247	0.00397381237575928	0.00241643173580346
mrentabilidad_annual_rank_delta2	0.000695466277347802	0.00225392238437978	0.00604107933950866
chomebanking_transacciones_delta2	0.000682031395126874	0.00537103040163242	0.00241643173580346
cdescubierto_preacordado_lag2	0.000678652049628785	0.00188291939676122	0.00120821586790173
mpayroll_sobre_edad_rank_tend6	0.000665726509384176	0.00529119894252697	0.00161095449053564
ccomisiones_otras	0.000657987998669612	0.00221461647204683	0.000805477245267821
mcuenta_corriente_rank_tend6	0.000656857291707447	0.00424379483796201	0.00241643173580346
mactivos_margen_rank_lag1	0.000656334043600053	0.00427010581369802	0.00523560209424084
Visa_cconsumos_delta2	0.00064912947323934	0.000511512648143538	0.00120821586790173
tcallcenter_delta1	0.000648126693376541	0.000753686889903724	0.000402738622633911
ctrx_quarter_tend6	0.000637354952300257	0.00348889016435384	0.00443012484897302
Visa_mpagospesos_rank	0.000632951143308183	0.000902201905160606	0.00201369311316955
rf_002_026	0.000619752085936927	0.00679296499494159	0.00443012484897302
mplazo_fijo_dolares_rank_tend6	0.000614442139161341	0.00759129439187701	0.00120821586790173
Master_msaldopesos_rank_lag2	0.000601882157660934	0.000446041968148525	0.000805477245267821
mcomisiones_otras_rank_delta1	0.000597985416244665	0.00322908119306806	0.00241643173580346
Visa_mpagominimo_rank_lag1	0.000591572645232746	0.00122019058546317	0.00281917035843737
ccajas_transacciones_delta1	0.000591308062274197	0.00322694822085016	0.000805477245267821
rf_016_019	0.000578668839330384	8.05578726373602e-05	0.000402738622633911
rf_003_021	0.000569676144972063	0.00371481680255574	0.00161095449053564
vm_mfinanciacion_limite_rank	0.000567229949823322	0.000932200470609551	0.00120821586790173
vm_mpagominimo_rank_lag1	0.000561112485929512	0.00166210911577961	0.00241643173580346
ctrx_quarter_normalizado_tend6	0.000560713016395953	0.00334991939007544	0.00322190898107128
mpasivos_margen_rank_delta2	0.000546099744762204	0.000715175868301874	0.00241643173580346
Visa_fechaalta	0.000542159669226183	0.00113093333242647	0.00322190898107128
ccomisiones_otras_tend6	0.000541925905296759	0.000741307322731906	0.00241643173580346
vmr_mpagominimo	0.000533653758874558	0.00410658503814377	0.00322190898107128
mactivos_margen_rank_tend6	0.000527099612741095	0.00293207799821344	0.00443012484897302
chomebanking_transacciones_lag1	0.000524483000038128	0.00206233613620226	0.00322190898107128
rf_019_017	0.000516746689746708	0.000605899213546308	0.000805477245267821
mpayroll_rank_delta2	0.00051515153481536	0.00608898792480935	0.00120821586790173
mcuenta_corriente_rank_delta2	0.000513852914608612	0.00384143114385123	0.00161095449053564
vm_status05	0.000500498477316589	0.00015529888481411	0.000805477245267821
mpagomiscuentas_rank_tend6	0.000491740027788076	0.00358360986207697	0.00161095449053564
ccaja_ahorro_delta2	0.000491661041609329	0.00507903807209664	0.000805477245267821
Visa_fechaalta_lag1	0.000489063343086935	0.00283063272908914	0.0036246476037052
internet_lag2	0.00047087427976254	0.00288749656544048	0.00161095449053564
mcaja_ahorro_dolares_rank_delta2	0.000470065753266317	0.00504725724873373	0.00241643173580346
mcomisiones_mantenimiento_rank_delta2	0.000457158607271475	0.000289369837880462	0.000805477245267821
rf_002_017	0.000452057528998728	0.000512909027786405	0.00161095449053564
thomebanking_delta2	0.000446884885455533	0.00325683481682476	0.00120821586790173
mtransferencias_recibidas_rank	0.000445748296770185	0.00336054168425733	0.00281917035843737
rf_014_030	0.000445129669706729	0.00749903617185436	0.00281917035843737
thomebanking_lag1	0.000441861354743855	0.0012557700426458	0.00402738622633911
cliente_edad_lag1	0.000434240891493689	0.0022047899939636	0.0036246476037052
internet_tend6	0.000426531102611551	0.00322002184468922	0.000805477245267821
vm_fechaalta_lag2	0.000426399262973515	0.00132475804472334	0.00322190898107128
mactivos_margen_rank_delta2	0.000425027031604206	0.00150132557745769	0.00563834071687475
ctarjeta_visa_debitos_automaticos_tend6	0.000423372676520302	0.00069615771427921	0.000402738622633911
vm_mpagominimo_rank_lag2	0.000423147727720937	0.00255278279192044	0.0036246476037052
vm_mpagospesos_rank_tend6	0.000422317032562186	0.00101810604235634	0.00201369311316955
rf_013_024	0.000413854490992368	0.000989183679375688	0.00281917035843737
ccaja_ahorro_lag2	0.000410821386173758	0.00140192351989831	0.000805477245267821
mcaja_ahorro_dolares_rank	0.000406168914267016	0.0041914967651348	0.00241643173580346
vm_fultimo_cierre_tend6	0.000405893182852403	0.000793623902910251	0.00201369311316955
Visa_mpagospesos_rank_lag1	0.000396969643184879	0.000304457030522809	0.00161095449053564
ctarjeta_visa	0.00039297255189418	0.000777547492349929	0.000402738622633911
rf_008_010	0.000392697206415421	0.00201166856100973	0.000402738622633911
rf_015_025	0.000386561074394136	0.0043469214999366	0.00604107933950866
rf_003_019	0.000384296662249639	0.00262389358717276	0.00120821586790173
Visa_mpagospesos_rank_tend6	0.000379357721858567	0.00188098445320043	0.00563834071687475
vmr_mpagominimo_tend6	0.000376941948027497	0.00316020330972975	0.00161095449053564
Visa_cconsumos_lag1	0.000372311690223811	0.00285027550621249	0.00241643173580346
mcomisiones_otras_rank	0.000370767273701722	0.00261902522845763	0.00443012484897302
Visa_mconsumototal_rank_delta2	0.000367141068522959	0.000434485978102056	0.00201369311316955
mcuenta_debitos_automaticos_rank_lag2	0.00036270499471426	0.000975355911977835	0.000805477245267821
vm_Finiciomora_lag1	0.000358001779839961	0.000909200459990959	0.000402738622633911
mpagomiscuentas_rank	0.000356292097684409	0.00355951051480117	0.00281917035843737
vmr_mpagominimo_delta2	0.000355906433429593	0.0017428409575176	0.00241643173580346
Master_cconsumos_tend6	0.000354087220323733	0.00109533906936294	0.00161095449053564
vm_fechaalta_lag1	0.000348446927367091	0.00202665118711818	0.00201369311316955
Visa_Finiciomora	0.000346617875555977	0.000775889233688552	0.000402738622633911
rf_020_025	0.000341748157470449	0.000325868185046768	0.00161095449053564
vmr_msaldopesos_tend6	0.00034111705586622	0.002152248549469	0.000805477245267821
cdescubierto_preacordado_delta1	0.000333163458846159	0.0016585594058326	0.000402738622633911
rf_012_025	0.000332655129666561	0.00216859516735585	0.00120821586790173
Visa_mconsumospesos_rank	0.000328297358529398	0.0013996841304114	0.00322190898107128
mcuenta_corriente_rank_delta1	0.000318109018943284	0.000175669000836926	0.000402738622633911
cplazo_fijo_delta2	0.000317957950887041	0.0023946633867939	0.000402738622633911
mcomisiones_rank_lag1	0.000315685823444199	0.00190013956162146	0.00483286347160693
ccajas_consultas_delta2	0.000314511561949606	0.00234463338984784	0.000402738622633911
Visa_status_delta1	0.00031323387724347	0.000107790514459712	0.000402738622633911
rf_001_013	0.000310703134793056	0.000230809802797927	0.000402738622633911
cliente_antiguedad_lag2	0.000308754924527496	0.00439798883391357	0.00281917035843737
ctarjeta_visa_transacciones	0.000306712074889641	0.00158482889502762	0.00120821586790173
rf_007_016	0.000304771635001853	0.00196430547336171	0.000402738622633911
mttarjeta_visa_debitos_automaticos_rank_delta1	0.000299364084156283	0.000774018140489164	0.000402738622633911
mrentabilidad_rank	0.000298281483186582	0.00284084508544347	0.00322190898107128
vm_msaldopesos_rank_delta2	0.000294358473251577	0.000495511192355298	0.00201369311316955
chomebanking_transacciones_delta1	0.000293504303857927	0.00149593160997044	0.00201369311316955
mcuenta_debitos_automaticos_rank_tend6	0.000293248818121575	0.00248115656693911	0.000402738622633911
rf_008_022	0.000292807942628098	0.000682812063378331	0.00161095449053564
mtarjeta_visa_descuentos_rank_delta2	0.000289733921011868	0.000253163906862033	0.000402738622633911
Master_fechaalta_tend6	0.000283714601441259	0.00150785312020175	0.00281917035843737
mcajeros_propios_descuentos_rank_delta2	0.000280620364915276	0.000870482156056437	0.000805477245267821
vm_Fvencimiento_lag2	0.00027999834116048	0.00249865341669877	0.0036246476037052
vm_fechaalta_tend6	0.000275155327860743	0.000866906535817843	0.00161095449053564
Master_Fvencimiento_lag1	0.000272167098721115	0.00111604046697101	0.00281917035843737
ctrx_quarter_lag1	0.000270280468775373	0.00010016826189623	0.000402738622633911
vmr_mconsumototal_delta2	0.000266969772946707	0.000356558000060473	0.00161095449053564
vm_mpagominimo_rank	0.000266459960231208	0.000620718049597249	0.00161095449053564
rf_001_022	0.000264492342634266	0.000353908672746008	0.00120821586790173
Visa_mconsumototal_rank	0.000264032905753447	0.00181618188858126	0.00241643173580346
mtarjeta_master_consumo_rank	0.000261004856086744	0.00059033453124477	0.000402738622633911
mcomisiones_mantenimiento_rank	0.000259885426352546	0.00125652051573418	0.00161095449053564
ctrx_quarter	0.000257079562729594	0.00017861814723972	0.000805477245267821
cmobile_app_trx_lag2	0.000256278928735531	0.00190284533635688	0.000805477245267821
mcomisiones_rank	0.000255638516428839	0.00113216684737938	0.00322190898107128
Master_fultimo_cierre_tend6	0.000254923321453394	0.00326719523198814	0.00201369311316955
rf_002_015	0.000253873744589224	0.000538694394750279	0.00120821586790173
Visa_msaldototal_rank_tend6	0.000253619968974144	0.000745662102453133	0.00201369311316955
vmr_mpagominimo_lag2	0.000252447612847897	0.00143905019163552	0.00120821586790173
cliente_antiguedad	0.000252173836942904	0.00297486791939688	0.00241643173580346
ccomisiones_otras_lag1	0.00025212198630906	0.000258092414468335	0.00120821586790173
mtransferencias_emitidas_rank_lag1	0.00025095888732528	0.000827738503250828	0.00201369311316955
Master_mpagominimo_rank_lag2	0.000250724508025697	0.00150684539493265	0.00161095449053564
rf_015_015	0.000248264995051149	0.000707950598420162	0.000805477245267821
vmr_msaldopesos_lag2	0.000247643312788806	0.00131050830971969	0.00161095449053564
mrentabilidad_rank_lag1	0.000243962184066428	0.00101749900123923	0.00281917035843737
Master_fechaalta_lag2	0.000241779439020607	0.00159285460784577	0.00322190898107128
cliente_antiguedad_lag1	0.000241295016283229	0.00407068447841901	0.0036246476037052
rf_020_016	0.000240577595006805	0.000587163296628398	0.00120821586790173
thomebanking_lag2	0.000239453276593524	0.00116644801388014	0.00322190898107128
thomebanking_delta1	0.000237178963352075	0.000670322377467282	0.000402738622633911
Master_fechaalta	0.000236508569983278	0.00110068491773725	0.00241643173580346
vm_mlimitecompra_rank_delta2	0.000234172569017129	0.00100278750782485	0.00281917035843737
Visa_mconsumototal_rank_lag1	0.00023414704369081	0.00112599834724728	0.00241643173580346
Master_status_delta2	0.000230961324033679	0.00226962957328503	0.000402738622633911
mtarjeta_visa_consumo_rank_tend6	0.000230209946432405	0.000390980747797388	0.000805477245267821
mcomisiones_rank_tend6	0.000228862702486571	0.00108980352063953	0.00161095449053564
rf_012_016	0.000226422283840313	0.000769940045667352	0.00120821586790173
chomebanking_transacciones	0.000224815346327247	0.00161977262469889	0.00201369311316955
Visa_mconsumospesos_rank_delta1	0.000222608602106342	0.000987243183609557	0.00241643173580346
vmr_mpagominimo_delta1	0.000221773279278521	9.47946524952178e-05	0.000402738622633911
Master_madelantopesos_rank	0.000219084871395976	0.00241254056261931	0.000805477245267821
Visa_mfinanciacion_limite_rank_tend6	0.000219002651864882	0.00213564467940144	0.00120821586790173
Master_msaldopesos_rank_tend6	0.000214744256930814	0.00167231962139882	0.00161095449053564
mrentabilidad_rank_lag2	0.000211981681464782	0.000897407575850007	0.00322190898107128
mplazo_fijo_dolares_rank_lag2	0.000211201554206474	0.00153761664229133	0.000402738622633911
vmr_msaldototal_tend6	0.000209194600401564	0.00176190815602076	0.00201369311316955
Master_msaldototal_rank_lag1	0.000192623647594629	0.000269657658190369	0.00120821586790173
Visa_mconsumospesos_rank_delta2	0.000183813426062903	0.00117463659138825	0.0036246476037052
Visa_cconsumos	0.000180431180348043	0.00080049105554757	0.00161095449053564
Master_mlimitecompra_rank_delta2	0.000180303950668191	0.000401042269239994	0.00201369311316955
Visa_mpagominimo_rank_delta1	0.00017939218253261	0.000839863594344588	0.00241643173580346
Visa_status_delta2	0.00017915764673148	0.000868721181596281	0.000805477245267821
rf_009_018	0.000178730804716514	0.000769788285388074	0.000805477245267821
rf_011_016	0.000177022941321656	0.000223476264912096	0.000805477245267821
Visa_msaldopesos_rank_lag1	0.000176317898814275	0.000476289457470188	0.00201369311316955
vm_status01_tend6	0.00017533032999017	0.000149005460061865	0.000805477245267821
Master_Fvencimiento	0.000174880839694312	0.00114632219489226	0.0036246476037052
vm_mconsumototal_rank_lag2	0.000170633922173442	0.000521945241976329	0.000805477245267821
rf_004_019	0.000170372708936305	0.000790994008314474	0.00201369311316955
vmr_msaldototal_delta2	0.000163648379905972	0.00115059924373874	0.000805477245267821
Visa_delinquency_tend6	0.000161386555734869	0.000757644686943182	0.000805477245267821
mtransferencias_emitidas_rank	0.00016025735566988	0.00289551302458306	0.0036246476037052
rf_020_015	0.00015898634165225	0.000126149806782097	0.000402738622633911
Visa_fechaalta_lag2	0.000158745213223459	0.00358942579717003	0.00201369311316955
Visa_Fvencimiento_lag1	0.000158480176904239	0.000854390014247653	0.00241643173580346
vm_Fvencimiento	0.000158043316511126	0.000856016810412106	0.00241643173580346
Master_Fvencimiento_lag2	0.000158036362828319	0.000778603336731977	0.00322190898107128
ccajas_consultas	0.000156938268205481	0.00257283828297402	0.000402738622633911
mrentabilidad_rank_delta2	0.000156485253396025	0.00151924069335293	0.00483286347160693
rf_006_013	0.000153083796166645	8.143789718366e-05	0.000402738622633911
Visa_mlimitecompra_rank	0.000151587971855418	0.000680768851813421	0.00241643173580346
rf_018_019	0.000151387568585824	0.00104411719900402	0.000805477245267821
Master_madelantodolares_rank_tend6	0.000151153357183531	0.000536525333197675	0.00120821586790173
vm_status01	0.00015003825783194	0.00106740962577049	0.000402738622633911
Visa_Fvencimiento	0.000148809018711431	0.000344997383176221	0.00161095449053564
vm_mlimitecompra_rank	0.000147401137253642	0.000500978263879524	0.00120821586790173
ccallcenter_transacciones_delta2	0.000146803337431233	0.000608928866926524	0.000402738622633911
vm_Finiciomora_lag2	0.000146678731811299	0.00230428921511643	0.000402738622633911
Master_mpagosdolares_rank	0.000145515223340462	0.000118446121873637	0.000402738622633911
Visa_cadelantosefectivo_tend6	0.000144719308133936	0.000103935433219034	0.000402738622633911
vm_status05_tend6	0.000144702023069889	0.000634205281734283	0.000402738622633911
mprestamos_prendarios_rank_lag2	0.000143836371989637	0.0023946633867939	0.000402738622633911
Master_mfinanciacion_limite_rank_lag1	0.000141620560792738	0.00119007912517232	0.00201369311316955
mactivos_margen_rank_lag2	0.000141521589993225	0.00118214965058005	0.0036246476037052
Visa_mconsumototal_rank_delta1	0.000141399045768362	0.000254520495699967	0.000805477245267821
vm_mconsumospesos_rank_delta2	0.000137866184408283	0.000373397838854967	0.000805477245267821
vm_status02_tend6	0.000137649583228591	0.00243338539219865	0.000402738622633911
mpasivos_margen_rank_lag2	0.000135316651349891	0.00123503440643813	0.00241643173580346
vm_cconsumos_delta1	0.000135083273902366	0.00239142182424323	0.000402738622633911
rf_009_021	0.000134911681352	0.000820839888116585	0.000805477245267821
Master_mpagosdolares_rank_tend6	0.000132038833927425	0.000785719413242014	0.00120821586790173
vm_mpagospesos_rank_delta2	0.000130088002617073	0.000140655868598917	0.000805477245267821
Visa_mfinanciacion_limite_rank_lag1	0.000129636350002589	0.000552734996686143	0.00161095449053564
Visa_delinquency_delta2	0.000128571144255791	6.6588524003352e-05	0.000402738622633911
rf_017_013	0.000128438127057572	0.00136665498621468	0.000402738622633911
vm_Fvencimiento_lag1	0.00012451570029975	0.000913185092689557	0.00281917035843737
vm_status03	0.000123889617760906	0.000335911199138242	0.000805477245267821
mcaja_ahorro_dolares_rank_lag2	0.000123679432764776	0.00054915382424221	0.00241643173580346
mcaja_ahorro_rank_tend6	0.000122964389542651	0.00035350058565356	0.00120821586790173
Visa_mconsumospesos_rank_tend6	0.000121435671987015	0.00123247113830643	0.00241643173580346
ctarjeta_debito_delta2	0.000120727930967525	0.00230697925860338	0.000402738622633911
mcomisiones_mantenimiento_rank_delta1	0.000119468734715972	0.00145846717907507	0.000402738622633911
vmr_msaldopesos_delta1	0.000119336316174155	0.000291610152734923	0.000805477245267821
mextraccion_autoservicio_rank_lag2	0.000118805857314969	0.000911710056804381	0.00241643173580346
rf_001_020	0.000118033972598081	0.00180404661844438	0.00120821586790173
Visa_fechaalta_tend6	0.000114449585762712	0.000543364724808297	0.00120821586790173
rf_003_015	0.000113997960284343	0.000898575389706401	0.00120821586790173
Master_status	0.000113806754899349	0.000243806590129979	0.000805477245267821
mcaja_ahorro_rank_lag2	0.000113134506303477	0.000560425726448812	0.00120821586790173
Master_mlimitecompra_rank_tend6	0.000112898806545833	0.000938777983201664	0.00281917035843737
rf_017_022	0.000112669918546505	0.000161439623919521	0.000402738622633911
Master_Fvencimiento_tend6	0.000111704112554005	0.000550593696160236	0.000805477245267821
vm_status01_delta1	0.000109828822892678	0.000165306734938434	0.000402738622633911
vmr_Visa_mlimitecompra_tend6	0.000108298535573348	0.00238043123377382	0.000402738622633911
rf_011_017	0.000108216884310007	0.000221493202238362	0.000805477245267821
Master_mfinanciacion_limite_rank_lag2	0.000107825823600761	0.000669856917586326	0.00241643173580346
Visa_mconsumospesos_rank_lag1	0.000107798181657498	0.000489150215771423	0.00241643173580346
Master_mfinanciacion_limite_rank	0.000106831279536901	0.00110235335544175	0.00241643173580346
Visa_mpagospesos_rank_delta2	0.000106157287487207	0.00039356622475045	0.00161095449053564
Visa_mconsumosdolares_rank_lag2	0.000104712918757375	0.00112409116471318	0.00201369311316955
mautoservicio_rank_lag2	0.000104541312508375	0.00142262954434416	0.00281917035843737
mcaja_ahorro_dolares_rank_lag1	0.000103993484185415	0.00214955758061449	0.000805477245267821
vmr_mpagominimo_lag1	0.000103736436472459	0.000269300466313533	0.000805477245267821
vm_msaldototal_rank_lag2	0.000103057198487117	0.000507404941559916	0.000402738622633911
rf_006_015	0.000102794822884123	0.000486143696580121	0.000402738622633911
Visa_mpagosdolares_rank_delta1	0.000102772614858796	0.000112756036768277	0.000402738622633911
mtarjeta_visa_consumo_rank_delta1	0.000102591987762822	0.000563008427299204	0.000805477245267821
rf_009_025	0.000102304215415485	0.000793056652598072	0.00161095449053564
Visa_fultimo_cierre_delta2	0.000102024017818986	0.000364979770192833	0.000805477245267821
tcuentas_lag2	0.000101835495751775	0.00221900641573521	0.000402738622633911
Master_mlimitecompra_rank_lag1	0.000100524462018966	0.000909399414015622	0.00241643173580346
mrentabilidad_rank_tend6	0.000100105282027242	0.000983794338726214	0.00322190898107128
Master_msaldototal_rank_tend6	9.92343488773377e-05	0.000431922709970352	0.000402738622633911
cproductos	9.92303436532846e-05	0.000148598298336973	0.000402738622633911
mcomisiones_rank_delta1	9.8536815470628e-05	0.000843051485576978	0.00281917035843737
mrentabilidad_annual_rank_tend6	9.83860952991376e-05	0.000377394501331801	0.00120821586790173
Visa_delinquency_lag2	9.8262848051852e-05	0.000357070653686814	0.000402738622633911
Visa_Fvencimiento_delta1	9.81982782486041e-05	0.000132408067567193	0.000402738622633911
vm_status02_delta1	9.7396066513825e-05	0.000151175446982026	0.000402738622633911
Master_mfinanciacion_limite_rank_delta2	9.62043915156561e-05	0.00099576396807047	0.00201369311316955
vmr_Visa_mlimitecompra_lag1	9.56238741457699e-05	0.000377548112346192	0.00161095449053564
Master_mconsumototal_rank_tend6	9.55040619554942e-05	0.00161747493705592	0.00201369311316955
chomebanking_transacciones_tend6	9.37723121321922e-05	0.000454269411094005	0.00120821586790173
vm_mlimitecompra_rank_tend6	9.22339625141213e-05	0.000572327803961438	0.00161095449053564
vmr_Master_mlimitecompra_tend6	9.2217726428282e-05	0.00104795192215845	0.00120821586790173
chomebanking_transacciones_lag2	9.06018970538168e-05	0.00127419688679981	0.00443012484897302
active_quarter_lag2	9.015776361218e-05	0.000100621691998951	0.000402738622633911
vm_mlimitecompra_rank_lag2	8.89586799086547e-05	0.000482899357926781	0.00161095449053564
mttarjeta_visa_debitos_automaticos_rank_delta2	8.8704171167396e-05	0.00146535839126886	0.000402738622633911
mpagomiscuentas_rank_delta2	8.80598406241615e-05	0.000469756362520791	0.000805477245267821
vm_cconsumos_lag1	8.73317650396099e-05	0.000308269544855885	0.000402738622633911
vm_mfinanciacion_limite_rank_delta2	8.67747595105764e-05	0.00107864821474505	0.00120821586790173
Visa_cadelantosefectivo_delta1	8.66934271381301e-05	7.12153617862111e-05	0.000402738622633911
rf_013_019	8.64624490881835e-05	0.000205506552331027	0.000402738622633911
mtransferencias_emitidas_rank_delta2	8.64337576444069e-05	0.00179013001576109	0.00120821586790173
Visa_mfinanciacion_limite_rank_delta1	8.61926525768905e-05	0.000480459163680101	0.00161095449053564
Visa_Fvencimiento_tend6	8.50362018699868e-05	0.000243583576548845	0.000805477245267821
Visa_cconsumos_delta1	8.4958426678937e-05	0.000325016846894722	0.00120821586790173
mtransferencias_emitidas_rank_lag2	8.48389461048031e-05	0.000479782719996247	0.00120821586790173
Master_mpagosdolares_rank_lag1	8.48052348359258e-05	0.00120793409217637	0.00120821586790173
Visa_mlimitecompra_rank_lag1	8.47650192564015e-05	0.000868494466544921	0.00201369311316955
vmr_msaldopesos2_tend6	8.37865742445619e-05	0.000833774675822346	0.00120821586790173
Visa_msaldototal_rank_lag1	8.35490918839684e-05	0.000365148187088129	0.00161095449053564
rf_004_021	8.30209405679173e-05	0.000635640526814526	0.000402738622633911
vm_cconsumos_lag2	8.26739903134645e-05	0.000179931243802495	0.000805477245267821
Visa_msaldototal_rank_delta1	8.26006308781348e-05	0.000503264847111813	0.00161095449053564
ctrx_quarter_normalizado_lag2	8.24364638893287e-05	0.000271582422708039	0.00120821586790173
mpasivos_margen_rank_delta1	8.15280964335972e-05	0.000349610340445732	0.00120821586790173
rf_019_024	8.13929263894634e-05	0.000720714193127957	0.00120821586790173
rf_012_015	8.11352215219545e-05	0.00083561708262748	0.000402738622633911
Visa_mpagado_rank_delta1	8.04489911082766e-05	0.000554405285125755	0.000402738622633911
Visa_mconsumosdolares_rank	8.03364968847482e-05	0.000395502093678798	0.00161095449053564
Master_mfinanciacion_limite_rank_tend6	8.02947624425175e-05	0.0010515497512184	0.00201369311316955
Visa_status_tend6	7.91578199193281e-05	8.89324490243353e-05	0.000402738622633911
Visa_mpagado_rank_delta2	7.9032782780565e-05	0.0002950497439427	0.000402738622633911
rf_017_016	7.89311327467434e-05	0.000468071268200274	0.00161095449053564
Master_madelantodolares_rank	7.86668183478873e-05	0.000183130239445564	0.000402738622633911
vmr_mpagospesos_delta2	7.81129912817014e-05	8.76841281905199e-05	0.000402738622633911
vm_mpagominimo_rank_delta2	7.75881853761431e-05	0.000326527046747047	0.000805477245267821
rf_007_018	7.71629053377804e-05	0.00037147770117508	0.000805477245267821
Visa_mpagospesos_rank_delta1	7.5230021843001e-05	0.000677092366511161	0.00241643173580346
vmr_msaldopesos2	7.51736430451089e-05	0.000370097052780675	0.00120821586790173
vm_mconsumospesos_rank_lag1	7.50918793437635e-05	0.00026841303882678	0.000402738622633911
vm_status03_lag2	7.41362565878359e-05	0.000340965556732238	0.000805477245267821
mcaja_ahorro_rank_delta2	7.40872972440982e-05	0.000608159886487013	0.00201369311316955
matm_rank_lag2	7.40756527882899e-05	0.000828121605419249	0.00201369311316955
cliente_vip_delta2	7.32702195717307e-05	6.81079775312429e-05	0.000402738622633911
Visa_Fvencimiento_lag2	7.31926471344058e-05	0.000353732852910259	0.00161095449053564
Visa_msaldopesos_rank_delta2	7.2989403756136e-05	0.00055481152148309	0.00201369311316955
ctarjeta_master_transacciones_delta2	6.92195827202417e-05	0.00129582642806712	0.000402738622633911
ctransferencias_recibidas_tend6	6.79737177794582e-05	0.00147225885713822	0.000805477245267821
Master_mconsumototal_rank_lag2	6.7652017644113e-05	0.00082814288887305	0.00161095449053564
mcajeros_propios_descuentos_rank_lag1	6.66917028806451e-05	7.005495087027e-05	0.000402738622633911
vm_mlimitecompra_rank_lag1	6.66590837038726e-05	0.000355628005666118	0.000805477245267821
vmr_mconsumospesos_lag2	6.62808141471455e-05	0.000410296870173268	0.00120821586790173
vmr_msaldopesos2_lag2	6.49929650667681e-05	0.000317468623735766	0.00120821586790173
Visa_mfinanciacion_limite_rank_delta2	6.47105482797595e-05	0.00044592444646884	0.00161095449053564
rf_007_025	6.46666457972895e-05	0.000196740545467623	0.000805477245267821
vmr_Visa_mlimitecompra_lag2	6.43068593771308e-05	0.000961083042785271	0.000805477245267821
Visa_cconsumos_lag2	6.42641057295566e-05	0.000686067506442351	0.00281917035843737
ctransferencias_emitidas_tend6	6.41602675690136e-05	0.000661602638981705	0.000402738622633911
rf_008_018	6.41120347039369e-05	0.00027361730596494	0.000805477245267821
Master_mpagominimo_rank_tend6	6.27477970452363e-05	0.000247541373588303	0.000805477245267821
Master_fultimo_cierre_lag2	6.25388036640396e-05	0.000463856218980089	0.00120821586790173
cliente_edad	6.23639093868642e-05	0.000297423311725307	0.000402738622633911
Visa_mconsumototal_rank_lag2	6.23507543302637e-05	0.000740263508128093	0.00161095449053564
cextraccion_autoservicio_tend6	6.22473313086511e-05	0.000742302092855221	0.00120821586790173
thomebanking_tend6	6.19197124139562e-05	0.000245148373087008	0.000402738622633911
Visa_mconsumosdolares_rank_tend6	6.10697684671069e-05	0.000346347494441259	0.00120821586790173
rf_017_015	6.07258456818976e-05	0.000177207887083505	0.000402738622633911
Master_msaldototal_rank_delta2	6.04189810954908e-05	0.000571168318413054	0.000402738622633911
vm_fechaalta	5.99787148944438e-05	0.000783381934794114	0.00161095449053564
ctarjeta_visa_transacciones_lag2	5.99465192594789e-05	0.00112186750647474	0.00281917035843737
Visa_mlimitecompra_rank_lag2	5.82628456097776e-05	0.000247097197161148	0.000805477245267821
Visa_mlimitecompra_rank_delta2	5.77024101518189e-05	0.000456322801702038	0.00201369311316955
Master_mlimitecompra_rank	5.76003054278236e-05	0.000771641796603887	0.00201369311316955
Master_mconsumosdolares_rank_delta2	5.74131728816285e-05	7.85387206289205e-05	0.000402738622633911
Visa_mconsumospesos_rank_lag2	5.71747173245228e-05	0.000445015735528287	0.00161095449053564
rf_003_028	5.67432854838517e-05	8.48099365598078e-05	0.000402738622633911
Visa_mpagominimo_rank_delta2	5.59187001056043e-05	0.00040286246722377	0.00120821586790173
Visa_msaldodolares_rank_tend6	5.51106795804021e-05	0.000307073044605238	0.000402738622633911
Master_fultimo_cierre_lag1	5.46914392862014e-05	0.000303142083224921	0.000805477245267821
rf_008_017	5.4624521959751e-05	0.000538528753957652	0.000402738622633911
rf_002_016	5.45983937985911e-05	8.26788150770229e-05	0.000402738622633911
Master_mlimitecompra_rank_lag2	5.30217634083475e-05	0.000711575263139253	0.00120821586790173
rf_007_021	5.29630316445981e-05	0.000283450261621072	0.000805477245267821
vmr_mconsumototal_lag1	5.20633483153547e-05	0.000409713888612628	0.000805477245267821
Visa_msaldopesos_rank_delta1	5.19136812233528e-05	0.00102535629716208	0.00120821586790173
rf_001_015	5.0879014502761e-05	0.000527057897726388	0.000805477245267821
mcaja_ahorro_dolares_rank_tend6	5.06836489115993e-05	0.000364194133137303	0.000402738622633911
vmr_msaldopesos	5.06788984059081e-05	0.00113933844594282	0.00120821586790173
rf_002_024	5.04121322127945e-05	0.000654487487839224	0.00201369311316955
Visa_fultimo_cierre	4.96577873497902e-05	0.000236087173973057	0.000805477245267821
ccomisiones_otras_lag2	4.91686204930855e-05	0.000232666090116411	0.000805477245267821
tcallcenter_lag1	4.83813550358877e-05	0.00314457570243437	0.00281917035843737
mpayroll_rank_lag1	4.82533196769567e-05	0.000121902369697433	0.000402738622633911
ccajeros_propios_descuentos_delta2	4.81866135516228e-05	0.000418875027422689	0.000402738622633911
cmobile_app_trx_delta2	4.68128642455123e-05	0.000247408120660156	0.000402738622633911
vm_fechaalta_delta1	4.62892131086492e-05	9.66352085652391e-05	0.000402738622633911
Visa_fultimo_cierre_lag2	4.62863261869114e-05	0.000411159312735993	0.000805477245267821
rf_004_016	4.62074190186539e-05	0.000282883011308894	0.000402738622633911
rf_010_017	4.61448822160825e-05	0.000264439510538861	0.000402738622633911
rf_004_017	4.54528536480089e-05	0.000887982707286323	0.000402738622633911
vm_msaldototal_rank_delta1	4.43342823931705e-05	0.000470887161674922	0.000805477245267821
rf_007_026	4.32738917279444e-05	0.000342981932638008	0.00120821586790173
rf_014_028	4.31819280762695e-05	0.000709011069639993	0.000402738622633911
vmr_mconsumospesos_lag1	4.30448910769415e-05	0.000502666134302711	0.00161095449053564
Visa_mconsumosdolares_rank_delta2	4.30069471914419e-05	0.000254653748628114	0.000805477245267821
mpasivos_margen_rank_tend6	4.2733810777599e-05	0.000628285705474893	0.00201369311316955
rf_006_018	4.25293120676474e-05	0.000406648145897706	0.000805477245267821
Master_cconsumos_lag2	4.19851531504182e-05	0.000130855300807265	0.000402738622633911
rf_019_015	4.05935049295331e-05	0.000451186086395508	0.000402738622633911
Master_mpagominimo_rank_lag1	4.03946750322861e-05	0.00019204708122069	0.000805477245267821
vmr_mconsumototal_lag2	4.02244499711635e-05	0.00024300984866377	0.000402738622633911
Visa_mfinanciacion_limite_rank_lag2	4.02064402327814e-05	0.000354316759838456	0.00120821586790173
rf_016_017	4.01145980407414e-05	0.00015627329685118	0.000402738622633911
vmr_mconsumosdolares_lag1	3.97829028885243e-05	0.000407297753922419	0.000805477245267821
rf_001_017	3.87899172875792e-05	0.000312094088967197	0.000402738622633911
rf_016_015	3.85136905379733e-05	0.000132749528195568	0.000402738622633911
vm_mfinanciacion_limite_rank_tend6	3.83378526932193e-05	0.000618118692130839	0.000805477245267821
vm_mfinanciacion_limite_rank_lag2	3.82234739935407e-05	0.00039453786068485	0.000805477245267821
rf_019_021	3.8076452565886e-05	0.000289055212911228	0.000402738622633911
Visa_msaldodolares_rank_delta2	3.76667831769625e-05	0.000476666082065713	0.000402738622633911
mautoservicio_rank_tend6	3.74746832260877e-05	0.000191614009204215	0.000805477245267821
tcallcenter_lag2	3.72566214919111e-05	0.00102304287827065	0.00120821586790173
ctarjeta_master_descuentos_delta1	3.71699135572315e-05	0.000298845601659758	0.000402738622633911
mtransferencias_recibidas_rank_delta2	3.71683363863031e-05	9.99878152226988e-05	0.000402738622633911
Visa_mpagominimo_rank_tend6	3.71512397318852e-05	0.000216076100562191	0.000402738622633911
mttarjeta_visa_debitos_automaticos_rank_lag2	3.59385643248465e-05	0.00097748148125528	0.00120821586790173
mpayroll_rank_delta1	3.56681854910504e-05	0.000989808302476374	0.000402738622633911
ccajas_transacciones	3.56535989391118e-05	0.000358719658672625	0.000402738622633911
rf_009_017	3.53064876248147e-05	0.000296891225380278	0.000402738622633911
rf_019_023	3.52015039561021e-05	0.000240452132737406	0.000805477245267821
Master_mlimitecompra_rank_delta1	3.43932568455293e-05	0.000626371120000346	0.00241643173580346
ctarjeta_master_transacciones_lag2	3.43715413062599e-05	0.000181617263490569	0.000402738622633911
ccallcenter_transacciones_tend6	3.42353879993737e-05	0.00061680096873028	0.000402738622633911
rf_008_019	3.39677138503807e-05	0.00038989251555086	0.00201369311316955
mpayroll_rank_tend6	3.34789081437868e-05	0.000396829996122479	0.000402738622633911
vm_mpagominimo_rank_tend6	3.31838799365052e-05	0.000314261299784688	0.000805477245267821
vm_msaldototal_rank_delta2	3.30366074226308e-05	7.59856315403389e-05	0.000402738622633911
Visa_mlimitecompra_rank_delta1	3.18820634135775e-05	0.00028864157361344	0.00161095449053564
rf_019_016	3.17441416771978e-05	0.000201220249808987	0.000402738622633911
rf_014_024	3.16258599353013e-05	0.000269385600128737	0.000402738622633911
mpagomiscuentas_rank_lag2	3.13451192366505e-05	0.000680049841221965	0.00201369311316955
rf_014_023	3.12731267207778e-05	0.000445620925910285	0.000402738622633911
mtransferencias_recibidas_rank_tend6	3.11740809942503e-05	0.000102936961625493	0.000402738622633911
Visa_msaldototal_rank_delta2	3.07391145737409e-05	0.000142957257712112	0.000805477245267821
vmr_mconsumototal	2.94576776290626e-05	0.000173038180873592	0.000805477245267821
rf_005_017	2.91476928880303e-05	0.000180344883100283	0.000402738622633911
mtransferencias_emitidas_rank_delta1	2.83314710360148e-05	0.000476282054529736	0.000805477245267821
Visa_madelantopesos_rank_lag1	2.80044475689283e-05	0.000108517853359178	0.000402738622633911
vm_mpagospesos_rank_lag2	2.74703581207633e-05	0.00033860031725764	0.000805477245267821
mcuenta_debitos_automaticos_rank_delta2	2.73271787680976e-05	9.01650386096889e-05	0.000402738622633911
Master_cadelantosefectivo_tend6	2.69518608989184e-05	0.000178827280307505	0.000805477245267821
Master_mpagospesos_rank_delta2	2.65168114794091e-05	0.000421196774622128	0.000805477245267821
Visa_mpagosdolares_rank	2.64047335803839e-05	0.000210158375037914	0.00120821586790173
rf_008_013	2.63986171048809e-05	0.000151182849922478	0.000402738622633911
vmr_msaldopesos_delta2	2.5901710828841e-05	0.00122860680339019	0.00120821586790173
vmr_Master_mlimitecompra	2.57864133473265e-05	0.000551599570694229	0.000805477245267821
ctarjeta_master_transacciones_tend6	2.57184309936625e-05	0.000125156887393896	0.000402738622633911
mforex_sell_rank_delta2	2.47349874287771e-05	0.000549596149934252	0.000402738622633911
Master_msaldopesos_rank_lag1	2.44729278677415e-05	0.000232657761808401	0.000402738622633911
Master_msaldototal_rank	2.43858142445862e-05	8.58972434387797e-05	0.000402738622633911
Master_msaldopesos_rank_delta2	2.42564816701637e-05	8.90999405520748e-05	0.000402738622633911
vmr_mconsumospesos_tend6	2.42376486842637e-05	0.0002432393398178	0.000805477245267821
mcaja_ahorro_rank_delta1	2.40734179742574e-05	0.00115930140024074	0.00161095449053564
vm_mconsumototal_rank_lag1	2.40128577634311e-05	0.000198570922494522	0.000805477245267821
Visa_mconsumosdolares_rank_lag1	2.38456539038929e-05	0.000246136665637427	0.00120821586790173
Master_mconsumototal_rank	2.35257089445539e-05	0.000698626594920144	0.00161095449053564
vm_mconsumospesos_rank_delta1	2.34406307496058e-05	0.000431869038652071	0.000805477245267821
mpayroll_sobre_edad_rank_lag1	2.30923509917211e-05	0.000205815625094922	0.000805477245267821
Master_mpagospesos_rank_lag1	2.26489336776114e-05	0.000677205261353063	0.00201369311316955
vm_msaldopesos_rank_delta1	2.19886998042535e-05	0.000121025121253803	0.000402738622633911
Master_Fvencimiento_delta2	2.18851915044923e-05	0.000152107292111494	0.000402738622633911
Master_fultimo_cierre	2.17983650540782e-05	9.86034653580674e-05	0.000402738622633911
ccajas_transacciones_delta2	2.16473425808096e-05	0.000106402463124855	0.000402738622633911
vm_msaldopesos_rank_tend6	2.15995640260485e-05	7.90939411628636e-05	0.000402738622633911
vmr_msaldototal_lag2	2.15202815579651e-05	0.00099485710786503	0.000402738622633911
Master_fechaalta_delta2	2.09766149368639e-05	0.000326936984574609	0.000402738622633911
Master_fultimo_cierre_delta1	2.08082705533102e-05	0.000243373518113503	0.00120821586790173
mextraccion_autoservicio_rank_delta2	2.05561894853182e-05	0.000708425311976683	0.000402738622633911
rf_009_024	2.02976671631277e-05	6.66135089273794e-05	0.000402738622633911
Visa_mlimitecompra_rank_tend6	1.9967186037473e-05	0.000474385051038763	0.00120821586790173
Master_delinquency_delta2	1.97157473095676e-05	0.00014745732013972	0.000402738622633911
rf_001_021	1.94115169131083e-05	0.00062561694544174	0.00281917035843737
vm_mlimitecompra_rank_delta1	1.93875666047082e-05	7.95908635407427e-05	0.000402738622633911
Master_msaldototal_rank_lag2	1.92775034731696e-05	9.70432956576873e-05	0.000402738622633911
vm_mpagominimo_rank_delta1	1.89745104007565e-05	0.000157792750379071	0.000402738622633911
Master_mpagado_rank_tend6	1.89599496791704e-05	0.000415103229262102	0.000402738622633911
rf_016_020	1.8392004426112e-05	0.000280339175895878	0.000805477245267821
Master_mconsumototal_rank_delta2	1.82571612498934e-05	0.000278032234577344	0.000805477245267821
Visa_madelantodolares_rank_lag1	1.82263714698432e-05	0.000133551821867116	0.000805477245267821
vm_mfinanciacion_limite_rank_lag1	1.74799692502701e-05	0.000363043901264485	0.000805477245267821
Master_mconsumospesos_rank_delta1	1.71077627989797e-05	0.000172397826524444	0.000805477245267821
Master_mconsumosdolares_rank	1.69418466584798e-05	0.000187360094546654	0.000805477245267821
vm_status02	1.65817962369253e-05	0.000107395382513056	0.000402738622633911
Master_madelantopesos_rank_tend6	1.6268794662677e-05	7.857666069874e-05	0.000402738622633911
ccajas_transacciones_lag2	1.61794520320535e-05	0.000184239755145894	0.000402738622633911
vm_fultimo_cierre_delta2	1.56941133855164e-05	6.61721086028946e-05	0.000402738622633911
Master_fultimo_cierre_delta2	1.53103503206087e-05	0.000144132474508958	0.000402738622633911
vmr_mpagospesos_tend6	1.51174401323567e-05	0.000119999814001121	0.000402738622633911
mpagomiscuentas_rank_lag1	1.49712688271821e-05	0.000213662741974652	0.000805477245267821
Master_mfinanciacion_limite_rank_delta1	1.44382765992065e-05	6.66542250998686e-05	0.000402738622633911
rf_020_019	1.42902109415705e-05	0.000118070422645669	0.000402738622633911
mautoservicio_rank_lag1	1.41207273635047e-05	0.000102793529654225	0.000402738622633911
rf_005_019	1.387685085112e-05	7.06888276465217e-05	0.000402738622633911
cliente_vip	1.38189650314115e-05	0.000118750567799749	0.000402738622633911
mtarjeta_visa_consumo_rank_lag2	1.35786698214142e-05	0.000100531931345963	0.000402738622633911
Visa_fultimo_cierre_tend6	1.31189541247329e-05	0.000552156641963286	0.000805477245267821
Visa_msaldototal_rank_lag2	1.27423878518311e-05	0.000196710008338256	0.000805477245267821
Master_mconsumosdolares_rank_lag2	1.27392084393383e-05	9.55571553618329e-05	0.000402738622633911
ctarjeta_debito_transacciones_lag2	1.27227951496843e-05	0.000675692285398068	0.00120821586790173
Visa_mfinanciacion_limite_rank	1.26527760205038e-05	0.000224005575154455	0.00120821586790173
Master_mpagospesos_rank	1.26392320604083e-05	0.000147446215729041	0.000402738622633911
mextraccion_autoservicio_rank_lag1	1.25707519976382e-05	7.39748078399083e-05	0.000402738622633911
Master_cconsumos	1.25285380794913e-05	0.000199458349981274	0.000805477245267821
Master_mpagospesos_rank_tend6	1.20577931072325e-05	0.000509650808619716	0.00201369311316955
mextraccion_autoservicio_rank	1.17271398108834e-05	0.000185354823051563	0.000805477245267821
Visa_madelantopesos_rank_tend6	1.11321730653234e-05	6.77128455845867e-05	0.000402738622633911
Master_madelantodolares_rank_delta1	1.10009883026913e-05	7.14781661722775e-05	0.000402738622633911
vmr_Master_mlimitecompra_lag2	1.09933189671799e-05	8.0742020781118e-05	0.000402738622633911
Master_mconsumototal_rank_lag1	1.08829846169411e-05	0.000370578243910092	0.000402738622633911
mtransferencias_recibidas_rank_lag1	1.07095516539664e-05	0.000209647572146686	0.000805477245267821
Master_mconsumospesos_rank_lag1	1.0642446677603e-05	0.000495337223254663	0.000805477245267821
rf_010_020	1.06036688610758e-05	8.28731422639029e-05	0.000402738622633911
vm_mconsumospesos_rank_lag2	1.054410948144e-05	0.000297696295154496	0.00120821586790173
Master_mconsumosdolares_rank_delta1	1.04017750282054e-05	7.48400265053029e-05	0.000402738622633911
vmr_msaldototal	9.77163218587978e-06	0.000688593759871792	0.000402738622633911
Visa_fultimo_cierre_lag1	9.6356057516068e-06	6.58528567958774e-05	0.000402738622633911
mtransferencias_recibidas_rank_lag2	9.43161107925707e-06	0.000176010461465301	0.000805477245267821
mcaja_ahorro_rank	9.25904099813754e-06	0.000112596873548547	0.000402738622633911
vm_Fvencimiento_tend6	8.09958029546396e-06	7.79751717869683e-05	0.000402738622633911
vm_status04_lag2	7.69250305837454e-06	6.88714057654147e-05	0.000402738622633911
mpayroll_sobre_edad_rank_lag2	7.00356454117034e-06	0.000271404752137177	0.000805477245267821
vm_msaldototal_rank_lag1	6.48255237365499e-06	0.000262934862891875	0.000402738622633911
vmr_mconsumosdolares_delta2	6.06539408182869e-06	0.000254680584287254	0.000402738622633911
Master_msaldopesos_rank	5.93491927402918e-06	8.52846501163291e-05	0.000402738622633911
Master_mconsumospesos_rank_delta2	5.79018763114227e-06	0.000129804083263	0.000402738622633911
Master_fechaalta_delta1	5.64858867819902e-06	7.35361836180932e-05	0.000402738622633911
vm_mfinanciacion_limite_rank_delta1	5.00230775342989e-06	0.000335697439232674	0.000805477245267821
Master_mpagosdolares_rank_delta2	4.6473100147038e-06	7.81176783906803e-05	0.000402738622633911
rf_005_022	4.62441890950699e-06	0.000140952911584577	0.000805477245267821
Master_mpagospesos_rank_lag2	4.5250074745711e-06	0.000136549087382852	0.000402738622633911
Master_mconsumospesos_rank_tend6	4.45561119400732e-06	7.13930323570729e-05	0.000402738622633911
ctarjeta_debito_transacciones_lag1	4.33320267345819e-06	0.000585328292763716	0.000402738622633911
rf_015_029	4.24498005451156e-06	0.000161231416219292	0.000805477245267821
Master_mpagosdolares_rank_lag2	4.23437650492594e-06	7.02187409277832e-05	0.000402738622633911
Master_cconsumos_delta1	3.84319557058452e-06	9.05277826918651e-05	0.000402738622633911
Master_mconsumospesos_rank_lag2	3.53288567099854e-06	0.000405453496382171	0.000402738622633911
ccajas_extracciones_tend6	3.50658315496002e-06	0.00019048968762298	0.000402738622633911
Master_mconsumosdolares_rank_tend6	3.03148576832335e-06	0.000217072721420619	0.000805477245267821
mtransferencias_emitidas_rank_tend6	2.89214231795232e-06	9.23155928111618e-05	0.000402738622633911
ctarjeta_debito_transacciones_tend6	2.18589167180967e-06	0.000221157293815327	0.000805477245267821
mpayroll_rank_lag2	1.74091409045811e-06	7.49806823739018e-05	0.000402738622633911
mttarjeta_visa_debitos_automaticos_rank	1.7390024544521e-06	6.64561964427622e-05	0.000402738622633911
Master_cadelantosefectivo_delta2	1.69356154658236e-06	9.24840097064579e-05	0.000402738622633911
ccomisiones_otras_delta1	1.65509863243946e-06	0.000146854905860392	0.000402738622633911
mtarjeta_master_consumo_rank_lag1	1.43959619236923e-06	6.3941047424e-05	0.000402738622633911
vmr_mpagospesos_lag2	1.40215690090436e-06	7.16604635809221e-05	0.000402738622633911
vm_mconsumototal_rank_tend6	1.2167206111593e-06	0.000162052217241971	0.000402738622633911
vmr_mconsumosdolares_tend6	5.45301435499856e-07	0.000222730418661499	0.000402738622633911
Master_mpagado_rank_lag1	4.64716338946817e-07	6.61961681593655e-05	0.000402738622633911
vmr_mpagospesos_delta1	3.98875150559922e-07	7.09405276219093e-05	0.000402738622633911
Master_mpagospesos_rank_delta1	3.77919968547884e-07	0.00010703819063622	0.000402738622633911
Master_cconsumos_delta2	3.08867839443896e-07	0.00014706588966329	0.000402738622633911
rf_005_020	2.92687307855056e-07	6.78951429932314e-05	0.000402738622633911
Visa_msaldopesos_rank_lag2	2.24234784798854e-07	6.51754877444668e-05	0.000402738622633911
vm_mconsumototal_rank_delta1	9.35055432800718e-08	8.90083291639741e-05	0.000402738622633911
Master_cadelantosefectivo_delta1	1.52032041195996e-08	7.47114004149394e-05	0.000402738622633911
vm_msaldopesos_rank_lag2	4.26800982290073e-12	6.72723706276585e-05	0.000402738622633911
