Feature	Gain	Cover	Frequency
rf_009_015	0.303840175517702	0.0143923729061966	0.0133279483037157
rf_018_027	0.0968564126126713	0.012334803861306	0.00525040387722133
vm_status04_tend6	0.0461150428201813	0.00306352582767702	0.000807754442649435
rf_004_022	0.0424133701395006	0.00594837683249242	0.00767366720516963
rf_017_021	0.0290296022274851	0.0130105910976228	0.00323101777059774
cdescubierto_preacordado_delta2	0.0288226161598506	0.00407214322352884	0.000807754442649435
mpasivos_margen_rank	0.0243448069982614	0.0109112005705629	0.00686591276252019
mpayroll_sobre_edad_rank	0.0230090194933629	0.00905328966036104	0.00201938610662359
vm_status05_delta2	0.0179892192824535	0.000923143198361871	0.000807754442649435
cdescubierto_preacordado	0.017253842949496	0.00860563373667093	0.00484652665589661
mcuentas_saldo_rank	0.0154324555009457	0.0132541639562869	0.00767366720516963
foto_mes	0.0125411436052714	0.00939050328123758	0.00767366720516963
rf_009_026	0.011662022512595	0.00653119152291393	0.00161550888529887
mcomisiones_mantenimiento_rank_tend6	0.0110788991598716	0.00693247191472446	0.00525040387722133
mpayroll_rank	0.0109423382868198	0.00524081774812472	0.000807754442649435
mprestamos_personales_rank	0.0107360695921719	0.0232203662252737	0.0105008077544427
mprestamos_personales_rank_lag2	0.00862816332755681	0.00590302106091634	0.00282714054927302
Visa_status	0.00846218248765595	0.00145173434946648	0.000403877221324717
mcuenta_corriente_rank	0.00712239623569898	0.00796049303065791	0.00605815831987076
mprestamos_personales_rank_delta2	0.006525246951151	0.01105933253561	0.00444264943457189
rf_016_022	0.00646190592916644	0.00645071245445219	0.00161550888529887
mprestamos_personales_rank_tend6	0.00627954616086217	0.00343503053809359	0.00161550888529887
vm_mpagominimo_rank_lag1	0.00581789377183381	0.000848428320303239	0.00161550888529887
mcuentas_saldo_rank_tend6	0.0057227580512794	0.00504941005862705	0.00484652665589661
rf_003_018	0.00514213347488514	0.0027528222047826	0.00363489499192246
Visa_delinquency	0.00507380208697908	0.00893029073414319	0.00484652665589661
rf_012_027	0.00462127571147243	0.00205936446390923	0.00605815831987076
rf_004_021	0.00453656795999546	0.0100981603832315	0.00525040387722133
mcomisiones_otras_rank_tend6	0.00426106142303637	0.000872771563259738	0.00201938610662359
thomebanking	0.00414596519556021	0.00320695671657457	0.00888529886914378
mprestamos_personales_rank_delta1	0.00373580515832095	0.00389890837892208	0.000807754442649435
cproductos_delta1	0.00367175222565262	0.00146647940487143	0.000403877221324717
ctarjeta_visa_transacciones_tend6	0.00307392463640601	0.00520482737223793	0.00363489499192246
tcallcenter_delta2	0.00294528016198851	0.00267832503895143	0.00121163166397415
ctrx_quarter_delta1	0.00283356961387743	0.00598099879495528	0.00444264943457189
mactivos_margen_rank	0.00282277830692817	0.0119552089268181	0.00807754442649435
cliente_vip_delta1	0.0027483265538596	0.00878113052649801	0.00444264943457189
mv_status07_rank	0.00272942536639276	0.000218250381922618	0.000403877221324717
Visa_msaldopesos_rank	0.00268092432011181	0.00203993906685258	0.00323101777059774
mcuentas_saldo_rank_delta2	0.00257517643164044	0.00515413906480495	0.00444264943457189
mcomisiones_rank_lag2	0.00256692965737547	0.00359853336338994	0.00848142164781906
rf_017_022	0.00246241944565424	0.000635349310640574	0.000807754442649435
internet	0.00243688943723326	0.0117568221938386	0.00282714054927302
mcomisiones_rank_tend6	0.00234458450809512	0.00293842140744993	0.00484652665589661
mcuenta_debitos_automaticos_rank	0.00228714545935613	0.00619804469104808	0.00363489499192246
rf_009_018	0.00226838468388406	0.00245902756488724	0.00121163166397415
vm_status02	0.00222839964473254	0.00309526468902679	0.00161550888529887
ccomisiones_mantenimiento_tend6	0.00217966871703822	0.0077350562602749	0.00161550888529887
ctrx_quarter_delta2	0.00205858207653432	0.00457541284036917	0.00403877221324717
mrentabilidad_annual_rank_delta1	0.00201562239070184	0.00233016171825419	0.00444264943457189
vm_mpagominimo_rank	0.00194945536489024	0.00249602262144272	0.00403877221324717
mcomisiones_mantenimiento_rank_delta2	0.00192619137990809	0.000548130587899459	0.000807754442649435
tcallcenter	0.00191740172978419	0.0065377002702854	0.00403877221324717
ctrx_quarter_normalizado_delta1	0.00190823100461582	0.0042135345918194	0.00323101777059774
vm_msaldopesos_rank	0.00188589066406006	0.00228282014727011	0.0024232633279483
mrentabilidad_annual_rank_lag2	0.00186690203840866	0.00353052232547802	0.00646203554119548
mprestamos_personales_rank_lag1	0.00184307510478919	0.00495284573221732	0.00323101777059774
ccaja_seguridad_lag1	0.00183467394381924	0.00524081774812472	0.000807754442649435
rf_010_019	0.00171724486693398	0.0020209349570932	0.00282714054927302
rf_013_026	0.00169374498323733	0.000605850717536101	0.000807754442649435
Master_fechaalta_tend6	0.00167535344278047	0.000461527302753705	0.00201938610662359
ccaja_ahorro	0.00167240082430909	0.00786122662218707	0.00121163166397415
ctrx_quarter_tend6	0.00167204677484004	0.00742041685269713	0.00444264943457189
mtransferencias_recibidas_rank	0.0016484767843823	0.0038784754737652	0.0024232633279483
rf_001_022	0.00162098801292578	0.0025000102423707	0.00484652665589661
rf_011_021	0.00160702696367403	0.00038743257467631	0.00161550888529887
vm_Finiciomora	0.00159051663263036	0.00824421070459676	0.00201938610662359
ccaja_seguridad_lag2	0.00155752347268234	0.0037843889198489	0.000807754442649435
cproductos_delta2	0.00154717801365934	0.00409948165894791	0.000807754442649435
vm_Finiciomora_delta1	0.0015372752836528	0.00490014335106108	0.000807754442649435
rf_008_022	0.00152489229613114	0.00148449391359691	0.000807754442649435
internet_lag1	0.00151389783439101	0.00561729119820858	0.00201938610662359
mcuenta_corriente_rank_lag2	0.00147888889716309	0.00284824519133325	0.00323101777059774
rf_014_015	0.00147623022330856	0.00154675866817205	0.00161550888529887
Visa_mpagominimo_rank	0.00145039187363879	0.00450430670741412	0.00525040387722133
mcomisiones_otras_rank_delta2	0.00144471822608381	0.000625944330909926	0.0024232633279483
Visa_mpagominimo_rank_lag2	0.0013918364356732	0.00288432133264297	0.00484652665589661
cprestamos_personales_delta2	0.00138614595383319	0.0044835910591047	0.00121163166397415
rf_019_021	0.00128502419789242	0.00130471639244038	0.00121163166397415
rf_007_020	0.00124829213419743	0.00213461372652617	0.0024232633279483
cproductos_tend6	0.00123759841375584	0.0083602437820132	0.00161550888529887
rf_015_015	0.00119953696566858	0.000630352296658021	0.000807754442649435
mtarjeta_visa_consumo_rank_tend6	0.00115850999590296	0.0024591312373765	0.00201938610662359
mrentabilidad_annual_rank_lag1	0.0011278552150006	0.00327460207334253	0.00807754442649435
Visa_Finiciomora	0.00110816094388984	0.00389081532741921	0.000807754442649435
mttarjeta_visa_debitos_automaticos_rank_tend6	0.001092728082113	0.00332600666342861	0.00161550888529887
ccaja_ahorro_tend6	0.0010887112202672	0.00524081774812472	0.000807754442649435
mcuentas_saldo_rank_delta1	0.00108547525137162	0.00475216877970222	0.00403877221324717
rf_010_015	0.00108244676208437	0.000424809334487716	0.00121163166397415
Visa_cconsumos_tend6	0.00104793669985647	0.00231460047761558	0.00605815831987076
rf_002_026	0.00102026569090381	0.00861074856030038	0.00444264943457189
rf_006_019	0.00100161613071014	0.00226866037019092	0.00403877221324717
vm_fechaalta_lag2	0.000996739368819699	0.00341154966175234	0.00444264943457189
cliente_vip_lag1	0.000980782585317078	0.00678431073288493	0.00201938610662359
mpasivos_margen_rank_lag1	0.000977412669690759	0.00238880830295399	0.0024232633279483
mtarjeta_visa_consumo_rank_delta2	0.000966613036270537	0.00178038085282107	0.00201938610662359
rf_017_018	0.000959771904756813	0.00322664694971744	0.00282714054927302
ccajas_consultas_tend6	0.000959395909998399	0.00400770888649655	0.000807754442649435
rf_017_017	0.000940574328991215	0.00176778087546673	0.000807754442649435
chomebanking_transacciones_delta1	0.000916012771920195	0.00592332673165457	0.00403877221324717
mpayroll_sobre_edad_rank_tend6	0.000900822574187286	0.0031104734432019	0.00121163166397415
mcomisiones_otras_rank_lag1	0.000894162019053224	0.00146608733436658	0.00323101777059774
mcuenta_corriente_rank_tend6	0.00089103187650787	0.00124567585228138	0.00282714054927302
mcaja_ahorro_rank	0.000889788855830383	0.00183438385247899	0.00201938610662359
vm_status06	0.000875738425941601	0.000213421128877238	0.000807754442649435
rf_013_021	0.000874736767465604	0.000635180607226225	0.00121163166397415
mplazo_fijo_dolares_rank	0.000859985631695168	0.00783863261686762	0.00121163166397415
mcomisiones_rank_delta2	0.000855777618623047	0.00243309059302759	0.00323101777059774
Master_delinquency	0.000839441800026707	0.00503423334867589	0.000807754442649435
ctarjeta_visa_transacciones_delta2	0.000814480704026436	0.00286342095880723	0.00121163166397415
vm_Finiciomora_tend6	0.000804719713694918	0.000107294429048614	0.000403877221324717
vm_status04	0.000792441951483564	0.000945192451874097	0.00121163166397415
mcuenta_corriente_rank_lag1	0.000787604787268882	0.00273858985696093	0.00282714054927302
mcomisiones_otras_rank_lag2	0.000782401399195585	0.00188250673704126	0.00444264943457189
mrentabilidad_rank	0.000779170814204175	0.00129471576713505	0.00363489499192246
rf_008_013	0.000772016734083072	0.0011167355499515	0.0024232633279483
rf_006_020	0.000753334178824733	0.00220318648083446	0.000807754442649435
ccajas_transacciones_delta1	0.000706042497091651	0.00326715179127311	0.00121163166397415
Visa_mconsumospesos_rank	0.000705014876792104	0.00270338644951538	0.00363489499192246
Visa_fechaalta_lag2	0.000690981446263193	0.00310022400392233	0.00403877221324717
vm_cconsumos_delta2	0.000686671663360294	0.00560645836555761	0.00161550888529887
ctrx_quarter_normalizado_delta2	0.000683276128691933	0.00147898042212239	0.00282714054927302
mcuenta_corriente_rank_delta2	0.000681843462374856	0.00493419410892144	0.00161550888529887
mtarjeta_visa_consumo_rank	0.000668647108498736	0.00237906685887182	0.00282714054927302
ccomisiones_otras_tend6	0.000666638997581801	0.00290519060473193	0.00161550888529887
rf_014_025	0.000646246733139934	0.00194344919613968	0.00403877221324717
Visa_delinquency_delta2	0.000641023752739782	0.000523373597463077	0.00121163166397415
rf_010_017	0.000637554587991082	0.000344238845739985	0.000807754442649435
mcuentas_saldo_rank_lag2	0.000630733197311764	0.00219635446379192	0.00282714054927302
rf_017_016	0.00062289794890996	0.00070771270814725	0.00201938610662359
mcomisiones_mantenimiento_rank_delta1	0.000622092129490412	0.000883753307304382	0.000807754442649435
vm_mpagospesos_rank_tend6	0.000616503273180713	0.00111556970568586	0.00201938610662359
chomebanking_transacciones	0.000615881664179844	0.00410242218773432	0.00444264943457189
rf_020_009	0.000613763115319568	0.00293931393333478	0.00161550888529887
rf_014_030	0.000599882139306513	0.0100679690694033	0.00525040387722133
mcomisiones_rank_delta1	0.000596800683218742	0.00340226814653163	0.00201938610662359
vm_mpagominimo_rank_lag2	0.00059431265981726	0.00128269352828906	0.000807754442649435
Visa_delinquency_tend6	0.000594285947740494	0.000198735449534323	0.000403877221324717
mpasivos_margen_rank_delta1	0.000589788805939186	0.00279802152514761	0.00444264943457189
rf_012_015	0.000581011383794373	0.00162926594751467	0.00161550888529887
ccaja_seguridad	0.00057534103122903	0.00524081774812472	0.000807754442649435
rf_020_025	0.000572140954748775	0.00162349138986264	0.00363489499192246
vm_Finiciomora_lag1	0.000569959945681398	0.00266593334905279	0.000807754442649435
thomebanking_delta2	0.000547120204431015	0.00400776166521836	0.00201938610662359
mpayroll_sobre_edad_rank_delta2	0.000543088998968622	0.00353756828483931	0.000807754442649435
mcaja_ahorro_dolares_rank_delta2	0.000539371881656375	0.00521873927782006	0.00161550888529887
ccajas_consultas_delta1	0.000537018488897906	0.00241704963150683	0.000403877221324717
vm_msaldototal_rank	0.000510872972738091	0.00214939930844964	0.000807754442649435
mttarjeta_visa_debitos_automaticos_rank_delta2	0.000510764042095567	0.00256922765106678	0.00161550888529887
rf_012_016	0.000509555540338903	0.000196779809395923	0.000807754442649435
Master_fechaalta	0.000494008420834613	0.0038410949440451	0.00403877221324717
rf_020_016	0.000491763767614627	0.00199541267519061	0.00201938610662359
rf_009_008	0.000491151449217524	0.000696643313725319	0.000403877221324717
mcaja_ahorro_dolares_rank	0.000481185558990839	0.00557732545359709	0.00323101777059774
cplazo_fijo	0.000475419723306313	0.00262040887406236	0.000403877221324717
mtarjeta_visa_consumo_rank_delta1	0.000469692136372887	0.0015994186378554	0.00161550888529887
mactivos_margen_rank_delta1	0.000468937776811891	0.00146746335104227	0.00444264943457189
mactivos_margen_rank_tend6	0.000464112484349557	0.00185856781679289	0.00363489499192246
mactivos_margen_rank_lag2	0.000458310780915244	0.00264388315306338	0.00525040387722133
vmr_msaldototal_delta2	0.0004551611643706	0.00299125196550198	0.00282714054927302
vmr_mpagominimo_delta2	0.000431784438902196	0.00190585189666929	0.00161550888529887
Master_Fvencimiento_tend6	0.00043133760952224	0.000510459775209411	0.00121163166397415
mpagomiscuentas_rank	0.000428997001308248	0.00519406899528379	0.00201938610662359
Visa_mpagominimo_rank_lag1	0.000426044576141906	0.00178158816608242	0.00161550888529887
Visa_mconsumospesos_rank_tend6	0.000422745084411772	0.00137539369828075	0.00444264943457189
mcomisiones_mantenimiento_rank_lag1	0.000420698691250291	0.00136286817662324	0.000403877221324717
chomebanking_transacciones_lag1	0.000413169397533658	0.000859655108413418	0.00363489499192246
thomebanking_lag2	0.000413147807514071	0.001574344032611	0.00403877221324717
Visa_msaldototal_rank	0.000409264927925997	0.00168855812907944	0.00363489499192246
vm_mconsumospesos_rank_delta2	0.000401271383356407	0.000155777339891782	0.000403877221324717
mplazo_fijo_dolares_rank_tend6	0.000399071408193942	0.00262040887406236	0.000403877221324717
Visa_mpagospesos_rank_delta2	0.000391038364323631	0.00113605067717866	0.00403877221324717
Visa_mpagospesos_rank_tend6	0.000390968455078185	0.00148086631894983	0.00444264943457189
mplazo_fijo_dolares_rank_delta2	0.00038806054499982	0.00397798504134722	0.000807754442649435
Visa_msaldototal_rank_delta1	0.000382894018474737	0.00078546613261851	0.00161550888529887
internet_tend6	0.000381879560908535	0.00472665215266268	0.00121163166397415
mcomisiones_otras_rank	0.00037876438108073	0.00204455720501073	0.00403877221324717
mrentabilidad_annual_rank_delta2	0.000378053910664527	0.00179278385244582	0.00525040387722133
Visa_msaldopesos_rank_tend6	0.000372848265707064	0.000862872725489321	0.00282714054927302
rf_015_029	0.000368832489431738	0.0045280477074557	0.00363489499192246
ccaja_ahorro_lag2	0.000366283107183394	0.00267362396280187	0.00121163166397415
mcuentas_saldo_rank_lag1	0.000359165253526898	0.000860021732034545	0.0024232633279483
cpagomiscuentas_tend6	0.000353937448587073	0.00347379933669267	0.000807754442649435
rf_011_022	0.000353807700714484	0.00250936055842519	0.000807754442649435
rf_007_018	0.000353266293495375	0.00202611575412491	0.00161550888529887
mrentabilidad_rank_delta1	0.000352390009867885	0.00257192407826484	0.00444264943457189
thomebanking_lag1	0.000351119594732493	0.0013519731404787	0.00363489499192246
Visa_Fvencimiento_tend6	0.000344690853296612	0.00088302948483388	0.00161550888529887
mcaja_ahorro_rank_lag2	0.000342674129778977	0.00210661649956168	0.00161550888529887
mrentabilidad_annual_rank	0.000341804186867742	0.000835869811944598	0.00323101777059774
cliente_edad_lag2	0.000340465482301781	0.00152594217480489	0.0024232633279483
rf_008_010	0.000340398936372604	0.00142655135934694	0.000403877221324717
Visa_msaldototal_rank_tend6	0.000338114292815873	0.00049544988371825	0.00201938610662359
Visa_msaldopesos_rank_lag1	0.000325383409837535	0.000521540479357444	0.00121163166397415
rf_010_020	0.000322057574075771	0.000393887600848792	0.000807754442649435
chomebanking_transacciones_delta2	0.000321007496802682	0.00149374149963931	0.0024232633279483
Visa_msaldototal_rank_lag1	0.000319488067050458	0.00119277083853249	0.00201938610662359
mttarjeta_visa_debitos_automaticos_rank_delta1	0.000311187428528054	0.00224331244656573	0.00121163166397415
mcaja_ahorro_rank_lag1	0.00031068570817297	0.000885490292738151	0.00282714054927302
ctrx_quarter	0.000307594240032581	0.00150430572629538	0.00121163166397415
Visa_mconsumospesos_rank_delta1	0.00030471155511332	0.000289536528018117	0.00121163166397415
Master_fechaalta_lag1	0.000304535053450745	0.00228742320579345	0.00363489499192246
vmr_msaldototal_lag2	0.000303027492340764	0.00167456517046024	0.0024232633279483
rf_017_020	0.00030042480192191	0.000534395868026252	0.000807754442649435
mpayroll_rank_delta2	0.00029814396745347	0.0036937546598251	0.00161550888529887
Visa_madelantodolares_rank	0.000297919945288055	0.000317384843588934	0.000807754442649435
mtarjeta_master_consumo_rank	0.000294914066493947	0.00241779230352084	0.000403877221324717
Visa_cconsumos_lag1	0.000294508592143075	0.00219396905406166	0.0024232633279483
Visa_Fvencimiento	0.000294190628705395	0.000866047931092342	0.0024232633279483
vm_status03_delta2	0.000288166736154183	0.00285772274180638	0.000807754442649435
mcomisiones_mantenimiento_rank	0.000287325964121519	0.00187629015759409	0.00161550888529887
ccallcenter_transacciones_tend6	0.000285988307039194	0.00180361480014244	0.000807754442649435
mactivos_margen_rank_delta2	0.000284481204885135	0.00223163609684301	0.00565428109854604
vm_msaldototal_rank_lag1	0.000278378188562684	0.000241035710108622	0.00121163166397415
Master_msaldopesos_rank_tend6	0.000266848318184135	0.000801901049598471	0.000807754442649435
ctarjeta_visa_debitos_automaticos_tend6	0.00026639981413182	0.00169672469380196	0.000403877221324717
Visa_msaldopesos_rank_delta1	0.000266194226376944	0.000426656589750976	0.000807754442649435
rf_001_006	0.000264651865001183	0.00253241355012893	0.000807754442649435
ccajas_transacciones_delta2	0.000264500203610156	0.00251102968550235	0.00121163166397415
vm_fechaalta_tend6	0.000261537020348584	0.000648890822692878	0.00121163166397415
Visa_mconsumospesos_rank_lag1	0.000260126453199339	0.00137360958898822	0.00363489499192246
ctarjeta_master	0.000256940474589474	0.000251566007586378	0.000403877221324717
ctrx_quarter_normalizado_lag1	0.000256454873960642	0.00186682108941553	0.000403877221324717
Visa_Finiciomora_lag1	0.000256316974357186	0.00184800076270531	0.000403877221324717
ccajas_consultas_delta2	0.000248261692369086	0.00269064038819888	0.000807754442649435
mpasivos_margen_rank_delta2	0.00024748904466822	0.00193046751552941	0.00525040387722133
thomebanking_delta1	0.0002437867534696	0.00163927505511458	0.000807754442649435
vmr_mpagominimo_tend6	0.000242040686096521	0.00341448924806158	0.0024232633279483
mcomisiones_otras_rank_delta1	0.000239485155408233	0.00220718823892007	0.00323101777059774
rf_011_017	0.000238036469845246	0.000419212905021779	0.000807754442649435
Master_msaldopesos_rank	0.000237928494627226	0.000544083590909439	0.000807754442649435
rf_013_024	0.000237581891421352	0.000726565079081427	0.00201938610662359
vm_fechaalta_lag1	0.000236754294753848	0.00247635029536617	0.0024232633279483
vm_Fvencimiento_delta1	0.000236581088846474	0.000112072788326536	0.000403877221324717
cplazo_fijo_tend6	0.000232648316606089	0.00262040887406236	0.000403877221324717
cliente_edad_lag1	0.000230143355855461	0.00254627927432948	0.0024232633279483
Visa_mpagospesos_rank_lag1	0.000229467940397284	0.00108306461039271	0.00323101777059774
mpasivos_margen_rank_lag2	0.000228856453786017	0.0011643985056523	0.00282714054927302
vm_Finiciomora_lag2	0.00022802194292267	0.00331450655693764	0.000807754442649435
Visa_delinquency_lag2	0.000227005720347499	0.000284546111375791	0.000807754442649435
rf_007_026	0.000225907135280443	0.000613740193969135	0.00201938610662359
Visa_mconsumototal_rank_tend6	0.000220389656568914	0.00129056981004164	0.00403877221324717
rf_014_017	0.000218892849534949	0.00176599488121985	0.000403877221324717
Master_mlimitecompra_rank_lag2	0.000218852883239879	0.00158059077132778	0.00323101777059774
Master_mfinanciacion_limite_rank_delta2	0.000218236444765992	0.00169496980130186	0.00403877221324717
Visa_fechaalta	0.000215849488702594	0.00235800720639348	0.0024232633279483
Master_mlimitecompra_rank	0.000214280688747988	0.00135452536866896	0.00403877221324717
mprestamos_prendarios_rank	0.000211565086559785	0.00243893960637646	0.000403877221324717
Visa_mfinanciacion_limite_rank	0.000210199383404541	0.000612842955698409	0.00201938610662359
cdescubierto_preacordado_lag1	0.000209380773315997	0.000430003326199871	0.00121163166397415
vmr_Visa_mlimitecompra_tend6	0.000208318725580586	0.00260232273707156	0.000403877221324717
Master_Fvencimiento	0.000207092579093173	0.000868827296281808	0.00282714054927302
mrentabilidad_rank_tend6	0.000203860107750818	0.00162437354849856	0.00323101777059774
mtransferencias_emitidas_rank_lag2	0.000202907827228545	0.00192345454286925	0.0024232633279483
Visa_mlimitecompra_rank_delta2	0.000202331147581747	0.000554474401765276	0.00201938610662359
Master_mpagospesos_rank_lag2	0.000199818568411627	0.000992588686534337	0.00121163166397415
Visa_Fvencimiento_lag1	0.000199704970409394	0.000728369922871806	0.00363489499192246
mrentabilidad_rank_delta2	0.000197895675637883	0.00133001719220682	0.00282714054927302
Visa_cconsumos_lag2	0.000197803815169946	0.00181415169496042	0.00323101777059774
vm_status05	0.000194530333111144	0.000132844985266457	0.000403877221324717
Visa_mpagominimo_rank_tend6	0.00019421475057908	0.000588562858712644	0.00121163166397415
vm_status01_delta2	0.000193477283820944	0.00206431623898738	0.000807754442649435
mcuenta_debitos_automaticos_rank_tend6	0.000192891694343026	0.00159982296056353	0.000403877221324717
chomebanking_transacciones_lag2	0.000190183215541166	0.00166547686306044	0.00403877221324717
vm_status05_delta1	0.00018976978353003	0.00102244542096536	0.000403877221324717
ctarjeta_visa_descuentos_delta2	0.000188342293577365	0.000329976338648704	0.000403877221324717
Visa_cadelantosefectivo_delta1	0.000185894401067322	0.00020610562104386	0.000807754442649435
Visa_status_lag1	0.000184534632950916	0.000472167870060951	0.000403877221324717
mextraccion_autoservicio_rank_lag2	0.000184235779534452	0.00172711110040541	0.00323101777059774
tcuentas_lag2	0.000183955572207112	0.00124903012854768	0.000403877221324717
vm_mconsumototal_rank_delta2	0.000182760222848672	0.00024706379412077	0.000807754442649435
mrentabilidad_rank_lag2	0.000181758955025888	0.00167255298169134	0.00282714054927302
Visa_msaldototal_rank_delta2	0.000181724022867699	0.00107758033571061	0.0024232633279483
Visa_mlimitecompra_rank_tend6	0.000181642492544433	0.00128062950327552	0.00201938610662359
vmr_mpagominimo	0.000178033494376333	0.00104779805697643	0.0024232633279483
mrentabilidad_annual_rank_tend6	0.000176328287477668	0.00146020910422527	0.00201938610662359
Master_fultimo_cierre_tend6	0.000174074994575137	0.00110738523389701	0.0024232633279483
mcuenta_debitos_automaticos_rank_lag2	0.000173885800618607	0.00151540716494126	0.00121163166397415
Visa_msaldopesos_rank_delta2	0.000168867058618041	0.000583354729842862	0.00201938610662359
vmr_msaldopesos2_lag2	0.000168773996261677	0.000286184136706171	0.00121163166397415
rf_005_019	0.00016766801143949	0.00067709633711307	0.00201938610662359
vm_mconsumototal_rank_delta1	0.000167607156525465	0.000242759500861939	0.000403877221324717
mcuenta_debitos_automaticos_rank_lag1	0.000167310105247849	0.00117712948733399	0.000807754442649435
Visa_mpagospesos_rank	0.000163599532937961	0.00168491639727472	0.00161550888529887
mactivos_margen_rank_lag1	0.000163292473052768	0.00136323103033566	0.0024232633279483
Visa_cconsumos	0.000161699958206438	0.000716378785772594	0.00201938610662359
Visa_status_delta2	0.00016094699336043	0.00145285118491901	0.000807754442649435
vmr_mpagominimo_delta1	0.00016032855159562	0.00139779732321082	0.00121163166397415
vm_mfinanciacion_limite_rank	0.000159679833477092	0.00123251698596218	0.00201938610662359
rf_006_014	0.000156421854865114	0.000257412193503725	0.000403877221324717
rf_007_015	0.000155821483867701	0.00189148948699745	0.000807754442649435
vm_Fvencimiento_tend6	0.00015553755436573	0.000158449262683283	0.000807754442649435
vmr_msaldopesos_lag1	0.000154905695700159	0.000265967058822403	0.000807754442649435
ccaja_ahorro_delta2	0.000154514398838386	0.00262040887406236	0.000403877221324717
Visa_mconsumototal_rank_lag2	0.000154420399000436	0.000628449435241429	0.00201938610662359
ctarjeta_master_delta1	0.000154317152674374	0.00255985094565139	0.000403877221324717
vm_status06_delta1	0.000154296268074632	0.00014943258354879	0.000403877221324717
vm_msaldopesos_rank_delta1	0.000152440533585974	0.000588040726357621	0.000807754442649435
Visa_fechaalta_lag1	0.000146727504531512	0.00160357024981186	0.00363489499192246
Master_fechaalta_lag2	0.000146231007048883	0.000657915984121948	0.00201938610662359
Visa_mconsumototal_rank_lag1	0.000145647327558714	0.000496269838860615	0.00201938610662359
rf_002_017	0.000143955329327264	0.000363588844622631	0.00161550888529887
vmr_msaldopesos2_tend6	0.000142489259325459	0.00103916402357504	0.00161550888529887
matm_rank_lag2	0.000142380282844761	0.00188862152895352	0.00161550888529887
rf_018_025	0.000141236699140046	0.00119361341312706	0.000807754442649435
ccallcenter_transacciones_delta2	0.000139771019767531	0.000936470768095421	0.000807754442649435
vm_mconsumosdolares_rank	0.000132636329098688	0.00255483979451121	0.000403877221324717
mcaja_ahorro_rank_delta1	0.000132449371499624	0.000698207825836039	0.00161550888529887
Visa_mpagominimo_rank_delta2	0.000131774914001883	0.00101969056018245	0.00201938610662359
mcomisiones_rank	0.000127804304118539	0.00101837203461444	0.00201938610662359
cmobile_app_trx_lag2	0.000127738323941532	0.0007683281276659	0.00201938610662359
cliente_vip_delta2	0.000127398863452506	9.09810916242447e-05	0.000403877221324717
vmr_mpagominimo_lag1	0.000126846131237649	0.000812790430879952	0.0024232633279483
Visa_fechaalta_tend6	0.000126688447916213	0.00091932710827976	0.00161550888529887
rf_012_025	0.000125949815203333	0.000795085054667913	0.000403877221324717
mplazo_fijo_dolares_rank_lag1	0.000125418868657643	0.00233431050277912	0.000403877221324717
Master_status	0.000125369872529216	0.000463835429355604	0.000807754442649435
Master_msaldopesos_rank_lag2	0.000125150137142257	0.000563682403766321	0.00201938610662359
mtransferencias_emitidas_rank_lag1	0.000124962261009329	0.00115345823060336	0.00161550888529887
numero_de_cliente	0.000124920348362196	0.00124202186827339	0.00121163166397415
rf_001_020	0.000124416922329391	0.000945358327856921	0.000403877221324717
cdescubierto_preacordado_lag2	0.000122248157700734	0.000394587861389916	0.00121163166397415
Master_Fvencimiento_lag2	0.000121343014707656	0.000428629194478528	0.00161550888529887
vm_mlimitecompra_rank_tend6	0.00012107254689197	0.00143533336166483	0.00161550888529887
rf_019_017	0.000119867680801148	0.000301547457138007	0.000403877221324717
ctrx_quarter_normalizado_lag2	0.000118499249174002	0.000482873468293281	0.00201938610662359
rf_016_020	0.000118210797099707	0.00107663126119526	0.00161550888529887
Visa_mpagospesos_rank_lag2	0.000117255294890599	0.00092793003993437	0.00444264943457189
vm_fultimo_cierre_tend6	0.000116423035552467	0.000401573502211998	0.00121163166397415
ctrx_quarter_normalizado_tend6	0.000116367789355408	0.000153794367915303	0.000403877221324717
mtransferencias_recibidas_rank_lag1	0.000114998781258189	0.00150842152411918	0.000807754442649435
tcuentas_lag1	0.000114804959846998	0.00117779581869681	0.000403877221324717
Master_msaldototal_rank_lag1	0.000114711121925941	0.000843688602589498	0.0024232633279483
rf_009_025	0.000114484963069988	0.000872378550277707	0.00201938610662359
ctarjeta_master_transacciones_tend6	0.000113987214463565	0.00234711876758917	0.000403877221324717
rf_020_019	0.000113687875679203	0.000401848705547137	0.00121163166397415
Master_Fvencimiento_lag1	0.000113522943227453	0.000496788201306938	0.00201938610662359
cliente_edad	0.00011330681364932	0.000288076630873837	0.00121163166397415
Visa_fultimo_cierre_tend6	0.000112866071272755	0.000889653214420712	0.00201938610662359
rf_003_019	0.0001120073145987	0.000775883967178937	0.000807754442649435
cliente_antiguedad_lag2	0.000111356969846987	0.00149186314262928	0.00201938610662359
Visa_mconsumototal_rank_delta2	0.000111151569655415	0.000576431292514338	0.00201938610662359
Master_mconsumototal_rank_tend6	0.000110376378127236	0.00101947567538652	0.00161550888529887
Visa_mconsumototal_rank	0.000109387940232553	0.00102736892172825	0.00161550888529887
ctarjeta_debito_transacciones_delta1	0.000109225256243759	0.00233244251301801	0.000403877221324717
Visa_madelantodolares_rank_delta1	0.000107921506013434	6.68112644679706e-05	0.000403877221324717
thomebanking_tend6	0.000106922229974182	0.00111542739163241	0.000403877221324717
rf_015_025	0.00010653695954051	0.00220447767456439	0.00323101777059774
tcallcenter_delta1	0.000105640543887112	0.00133120471344748	0.000807754442649435
mcajeros_propios_descuentos_rank_delta2	0.000105574285236017	0.000239974480809423	0.000403877221324717
vmr_msaldopesos	0.000103332017227946	0.000766027540881401	0.000807754442649435
Visa_mlimitecompra_rank_lag2	0.000102025489529592	0.000458911928592712	0.00121163166397415
Visa_mlimitecompra_rank	0.000101891783305721	0.000672736437700907	0.00161550888529887
Visa_mfinanciacion_limite_rank_lag2	0.000101420976828198	0.000649821990141909	0.00121163166397415
Visa_Fvencimiento_delta1	0.000101125467397499	0.000221802578395692	0.000403877221324717
rf_003_021	0.000100592812111829	0.000161862915011613	0.000403877221324717
vm_fultimo_cierre_lag1	9.90599789519191e-05	0.00040524822071784	0.000807754442649435
Visa_mconsumototal_rank_delta1	9.87355526186741e-05	0.000176914275498479	0.000807754442649435
Master_mpagospesos_rank_tend6	9.84069390303599e-05	0.000344064487462586	0.00121163166397415
Visa_Fvencimiento_lag2	9.77003241390602e-05	0.000332670880892408	0.000807754442649435
ctransferencias_emitidas_tend6	9.72775704231e-05	0.000403982473871637	0.000807754442649435
Visa_mpagospesos_rank_delta1	9.45157667997021e-05	0.00081529459273428	0.00161550888529887
vm_Fvencimiento	9.44625769089084e-05	0.000823573312240644	0.00282714054927302
mpagomiscuentas_rank_delta2	9.36218144458003e-05	0.000913087909380382	0.000403877221324717
rf_003_028	9.17948651825926e-05	0.000168361295134152	0.000807754442649435
rf_001_015	9.09533628013888e-05	0.000416475951305194	0.000403877221324717
rf_002_024	8.98506410065211e-05	0.00111902388453272	0.00161550888529887
vm_mlimitecompra_rank_lag1	8.96969543145915e-05	0.000326525929710544	0.00121163166397415
mrentabilidad_rank_lag1	8.88687214629816e-05	0.00112701232106914	0.00201938610662359
Master_mlimitecompra_rank_tend6	8.84719362692607e-05	0.000239326056512931	0.00121163166397415
Master_mlimitecompra_rank_delta1	8.74881453032847e-05	0.000218819638136398	0.000807754442649435
Master_mconsumospesos_rank_delta2	8.72619556333608e-05	0.000248334253352848	0.00121163166397415
vm_mlimitecompra_rank	8.60098988066104e-05	0.000774969764319059	0.00161550888529887
Master_msaldototal_rank	8.52054417091016e-05	0.000352264038886239	0.00121163166397415
Master_cadelantosefectivo_lag2	8.50334362068744e-05	0.000152085656796788	0.000403877221324717
tcallcenter_lag2	8.4760925865084e-05	0.00257134728223366	0.00161550888529887
vmr_mconsumototal_lag1	8.42060217437222e-05	0.000952241238666914	0.00121163166397415
mtransferencias_emitidas_rank	8.30882428261374e-05	0.00150298060338714	0.00201938610662359
mpagomiscuentas_rank_tend6	8.27310775095474e-05	0.00124299261976378	0.000403877221324717
Master_fultimo_cierre_delta2	8.23998590879993e-05	0.000253829837761046	0.00121163166397415
Master_cconsumos_lag2	8.187674732947e-05	0.000862327973682094	0.000807754442649435
Master_msaldopesos_rank_lag1	8.11763813584559e-05	0.00111420122882756	0.000403877221324717
rf_009_023	8.04966948158956e-05	0.000920211151870034	0.000403877221324717
vmr_mconsumospesos_lag1	8.04575446125896e-05	0.000641923088937124	0.000807754442649435
vmr_mconsumototal_lag2	7.92005402130717e-05	0.000657537108297544	0.00121163166397415
Visa_mfinanciacion_limite_rank_delta1	7.89394436411109e-05	0.00047262497149089	0.00201938610662359
Master_cconsumos_delta1	7.82497527524159e-05	0.000288018197288979	0.000807754442649435
Visa_mconsumosdolares_rank_lag2	7.80079242234551e-05	0.000343400983531292	0.00121163166397415
ccomisiones_otras_lag1	7.58058177294041e-05	0.000267546650567925	0.000807754442649435
Master_mpagospesos_rank	7.49080310456707e-05	0.000601060106054902	0.00201938610662359
Master_mfinanciacion_limite_rank_lag2	7.37871113996974e-05	0.000351285747578451	0.00161550888529887
rf_004_023	7.333686913317e-05	0.000766197186772925	0.000807754442649435
Master_mpagominimo_rank_lag1	7.24016371582869e-05	0.000662428564836482	0.000807754442649435
Master_Fvencimiento_delta2	7.23552577293444e-05	0.000448469281492243	0.000807754442649435
cliente_antiguedad_lag1	7.15114724347818e-05	0.00117080829292038	0.000807754442649435
rf_011_016	7.07156466943033e-05	0.000573762197154363	0.000807754442649435
Visa_fultimo_cierre_delta2	7.01210970493996e-05	0.000121894342968592	0.000403877221324717
mcaja_ahorro_rank_tend6	6.87776178490019e-05	0.000353494914076962	0.00121163166397415
mcomisiones_rank_lag1	6.77060434288698e-05	0.00092718454048884	0.00161550888529887
mttarjeta_visa_debitos_automaticos_rank_lag2	6.62714574587925e-05	0.000365568989167585	0.000807754442649435
ctarjeta_visa_delta2	6.6178268353655e-05	0.000682581554272341	0.000403877221324717
vm_status02_tend6	6.61728604059799e-05	0.000236885040629338	0.000403877221324717
vm_Fvencimiento_lag1	6.60370358651197e-05	0.00084359906725786	0.0024232633279483
Master_mfinanciacion_limite_rank_tend6	6.51740000562929e-05	0.000470965269185482	0.00201938610662359
Visa_madelantodolares_rank_tend6	6.51026379727666e-05	9.93992977525285e-05	0.000403877221324717
rf_005_022	6.50727616265031e-05	0.000832361911898755	0.00323101777059774
Master_cconsumos	6.44900618435874e-05	0.00113972351073015	0.00121163166397415
mcomisiones_mantenimiento_rank_lag2	6.4429810888186e-05	0.000205805913302167	0.000807754442649435
Master_mfinanciacion_limite_rank_lag1	6.35279093909249e-05	0.000973849412861177	0.0024232633279483
vmr_Master_mlimitecompra	6.32028915634029e-05	0.000320887088771726	0.00161550888529887
ctarjeta_visa_transacciones	6.30352478649524e-05	0.000279540615098662	0.000807754442649435
rf_009_019	6.21271765876366e-05	8.58926573557041e-05	0.000403877221324717
vm_mconsumospesos_rank_lag2	6.16927686831915e-05	0.000618896486594285	0.00121163166397415
Master_fechaalta_delta1	6.13364219464502e-05	8.82149211152306e-05	0.000403877221324717
Master_fechaalta_delta2	6.08366859345673e-05	0.000242366487879909	0.000403877221324717
vm_mfinanciacion_limite_rank_delta1	6.07941817931575e-05	0.000777802850707507	0.000403877221324717
Master_mconsumospesos_rank_lag1	6.05412944008018e-05	6.63098666108001e-05	0.000403877221324717
vmr_Visa_mlimitecompra_lag1	6.04315452741251e-05	0.000575961938881122	0.00161550888529887
Master_cconsumos_lag1	6.03477903160986e-05	0.000568433431206164	0.000403877221324717
mtransferencias_emitidas_rank_tend6	6.03267740392618e-05	0.000699106949061115	0.000807754442649435
Master_mconsumospesos_rank_lag2	6.01590340710746e-05	0.000808882920511853	0.00121163166397415
vm_fultimo_cierre	5.93718356684128e-05	0.000541377738939634	0.00121163166397415
vm_status02_delta2	5.89980878418262e-05	8.02500465081855e-05	0.000403877221324717
cliente_antiguedad	5.8793026029766e-05	0.000918779529041008	0.00161550888529887
vm_mlimitecompra_rank_lag2	5.87772867890736e-05	0.000302584182030652	0.000807754442649435
Visa_mfinanciacion_limite_rank_lag1	5.8091241467721e-05	0.000493779814163915	0.000807754442649435
Master_cconsumos_tend6	5.78344910368647e-05	0.00058810669975988	0.00121163166397415
mtarjeta_master_consumo_rank_delta2	5.77913070741731e-05	0.000839859317826934	0.000403877221324717
rf_016_014	5.71106344845282e-05	0.000624800163619316	0.000403877221324717
vm_msaldototal_rank_delta2	5.70686126487577e-05	0.000386405274555415	0.000807754442649435
vm_mconsumototal_rank	5.57748279630074e-05	0.000166979623595407	0.000807754442649435
Visa_mlimitecompra_rank_lag1	5.5614598948195e-05	0.00032489261676604	0.000807754442649435
Visa_mconsumospesos_rank_delta2	5.53917783362738e-05	0.000530452543525497	0.0024232633279483
Visa_mconsumosdolares_rank_delta1	5.50472850261802e-05	0.000117585337323886	0.000403877221324717
rf_010_016	5.49348511604742e-05	0.000436153932244786	0.000403877221324717
tcallcenter_lag1	5.48381712725774e-05	0.00438891828438546	0.00363489499192246
Visa_mfinanciacion_limite_rank_delta2	5.47237054072796e-05	0.000293276277449043	0.00161550888529887
Visa_mlimitecompra_rank_delta1	5.44558183095448e-05	0.00040595884850789	0.00121163166397415
rf_007_016	5.41686742022096e-05	0.000695069376842847	0.000403877221324717
rf_007_021	5.35354114913332e-05	0.000816145649623424	0.000403877221324717
vmr_mconsumototal_tend6	5.31818171503845e-05	0.000575854496483157	0.000807754442649435
rf_012_023	5.3107154706308e-05	0.000656498498450548	0.000403877221324717
Master_mlimitecompra_rank_lag1	5.28166478808012e-05	0.000953773706553679	0.0024232633279483
Visa_mpagosdolares_rank_lag2	5.22603132782348e-05	0.000325589107398463	0.000807754442649435
mpayroll_rank_lag2	5.1921772997745e-05	0.000256839167381244	0.000403877221324717
vmr_msaldopesos2_lag1	5.17283427900167e-05	0.000370375622760761	0.00161550888529887
Master_mpagominimo_rank_lag2	5.16024047491955e-05	0.00018555773367162	0.000807754442649435
vm_mconsumototal_rank_tend6	5.15113860194342e-05	0.000437729754081608	0.00121163166397415
Visa_mconsumosdolares_rank	5.04369897285306e-05	0.000181233648392112	0.000807754442649435
Master_mpagospesos_rank_delta2	4.98475272597737e-05	0.000298948105088991	0.000807754442649435
Visa_mconsumosdolares_rank_tend6	4.92639412641699e-05	0.000273501221360412	0.00121163166397415
vm_mpagominimo_rank_tend6	4.9248550355328e-05	8.11237228495334e-05	0.000403877221324717
Master_mconsumototal_rank_lag2	4.89723591793895e-05	0.000569652996670785	0.000403877221324717
Visa_fultimo_cierre_lag2	4.88945609830938e-05	0.000316882503254588	0.000807754442649435
mextraccion_autoservicio_rank_delta2	4.87460456794067e-05	0.000385898221835194	0.000807754442649435
vmr_mpagominimo_lag2	4.86629486283781e-05	0.000739074578626961	0.000807754442649435
rf_004_019	4.85199013691798e-05	0.000299416516245032	0.000807754442649435
mtransferencias_emitidas_rank_delta2	4.84704979604361e-05	0.00103338663849147	0.00121163166397415
vmr_mconsumototal	4.75800224177413e-05	0.000272116722390143	0.000807754442649435
Visa_cconsumos_delta2	4.74322615778755e-05	0.000221459516703944	0.000807754442649435
ctarjeta_debito_transacciones_delta2	4.73742157114161e-05	9.7966732446327e-05	0.000403877221324717
mcaja_ahorro_dolares_rank_tend6	4.70609784862182e-05	0.000618363986990335	0.000807754442649435
mcuenta_corriente_rank_delta1	4.63676147509642e-05	0.000577281406926308	0.000403877221324717
vmr_mpagospesos_lag1	4.60932149959713e-05	0.000274424848992042	0.000403877221324717
ccomisiones_otras_delta2	4.60420615067654e-05	0.000594195102311237	0.000807754442649435
mtransferencias_recibidas_rank_tend6	4.57519898807567e-05	0.000287392392444691	0.00121163166397415
rf_008_017	4.4170309877499e-05	0.00045392433938191	0.000403877221324717
Master_madelantopesos_rank_tend6	4.39011328035705e-05	0.000319023811396489	0.00121163166397415
mv_status07_rank_tend6	4.36453377972185e-05	0.000139438555583684	0.000403877221324717
vmr_Master_mlimitecompra_lag1	4.34363471081101e-05	0.00021179818318166	0.000807754442649435
Master_mpagosdolares_rank_tend6	4.29883076338311e-05	0.000382905856804148	0.00201938610662359
rf_004_026	4.26617313322886e-05	0.000453880042954679	0.000403877221324717
active_quarter_lag2	4.19442473389056e-05	0.000212397598665044	0.000403877221324717
mtarjeta_master_consumo_rank_lag2	4.17329636884042e-05	0.000264511874063998	0.00121163166397415
Master_mfinanciacion_limite_rank_delta1	4.15945091463769e-05	0.000194175744961032	0.000807754442649435
ctarjeta_debito_lag2	4.12392696073033e-05	0.000113753225129797	0.000403877221324717
rf_013_016	4.11972546616134e-05	0.000186276843756246	0.000807754442649435
Master_mpagosdolares_rank_delta1	4.11306727509047e-05	7.55970366945562e-05	0.000403877221324717
Visa_msaldototal_rank_lag2	4.05016605498648e-05	0.000381751322264611	0.00121163166397415
vm_fultimo_cierre_delta2	4.02995498932822e-05	0.00016600510219632	0.000807754442649435
vmr_msaldopesos2	4.01488837361136e-05	0.000370205034392062	0.00121163166397415
rf_006_017	3.98586322024459e-05	0.000428897800473441	0.000403877221324717
Master_cadelantosefectivo_delta2	3.9624697125017e-05	7.71332744900222e-05	0.000403877221324717
mttarjeta_visa_debitos_automaticos_rank	3.95951889195856e-05	0.000495715662281637	0.00161550888529887
rf_016_013	3.90337731936169e-05	0.000293961458355365	0.000403877221324717
rf_002_016	3.87382683563044e-05	0.000250147579437803	0.000403877221324717
vm_status01	3.79861226643179e-05	9.00150525197338e-05	0.000403877221324717
vm_msaldototal_rank_tend6	3.77960483086045e-05	0.000237503305656225	0.000807754442649435
mpagomiscuentas_rank_lag2	3.70488378282102e-05	0.000372897691681416	0.00121163166397415
vmr_msaldopesos_lag2	3.61994799896035e-05	0.000245913029489933	0.000807754442649435
mautoservicio_rank_lag2	3.58172211551195e-05	0.00115339791206415	0.0024232633279483
vm_mconsumosdolares_rank_delta2	3.57302643551253e-05	0.000360133723298596	0.000403877221324717
rf_006_018	3.55799993537582e-05	0.000226854256054402	0.000403877221324717
vm_cconsumos_lag1	3.52989330630414e-05	0.000293371467643732	0.000403877221324717
rf_014_028	3.51670599833823e-05	0.00108546132984907	0.000403877221324717
Master_madelantodolares_rank_tend6	3.46293948435814e-05	0.000154832977762299	0.000807754442649435
mautoservicio_rank_tend6	3.40650849966908e-05	0.00087371215548052	0.000807754442649435
vm_mlimitecompra_rank_delta2	3.37728204590005e-05	0.000480743469877482	0.00121163166397415
rf_019_024	3.35365377301642e-05	0.000331291094308014	0.00121163166397415
vm_msaldopesos_rank_delta2	3.34159137835943e-05	0.000360403271770683	0.000807754442649435
vm_mfinanciacion_limite_rank_lag1	3.33391675447024e-05	0.000188965731136899	0.000807754442649435
Visa_mconsumosdolares_rank_lag1	3.32730840164876e-05	0.000140771218309322	0.000403877221324717
rf_019_023	3.27763582042448e-05	0.000199998368949001	0.000403877221324717
vmr_Visa_mlimitecompra_lag2	3.23751074727565e-05	0.000174085901495907	0.000403877221324717
vmr_msaldopesos_delta1	3.23161436944536e-05	0.000746729378243387	0.000807754442649435
Master_msaldopesos_rank_delta2	3.19406741132916e-05	7.50221256177253e-05	0.000403877221324717
vm_mfinanciacion_limite_rank_tend6	3.17192929540341e-05	0.000807071479381248	0.00121163166397415
ctarjeta_debito_transacciones	3.16423581231107e-05	0.00010044450493975	0.000403877221324717
Master_msaldodolares_rank_lag1	3.11385339967622e-05	0.000174202768665623	0.000403877221324717
vm_msaldopesos_rank_lag1	3.11323941694188e-05	9.64719636465668e-05	0.000403877221324717
vmr_mconsumosdolares_lag2	3.09989042175216e-05	8.61612633506168e-05	0.000403877221324717
vm_fultimo_cierre_lag2	3.0924105502963e-05	0.000102519839679392	0.000403877221324717
cseguro_accidentes_personales_lag1	3.07753042609326e-05	0.000287966361044347	0.000403877221324717
Master_msaldototal_rank_delta2	3.07596055951591e-05	0.000379500686770394	0.000807754442649435
Visa_cconsumos_delta1	3.07235674115726e-05	9.62288045353826e-05	0.000403877221324717
vmr_mpagospesos_delta2	3.05480722749329e-05	0.000225933455854298	0.000807754442649435
vm_mpagospesos_rank	3.01000610547691e-05	0.000114398821994763	0.000403877221324717
vmr_mconsumototal_delta2	2.98064258216774e-05	0.000344711969281902	0.00121163166397415
mcaja_ahorro_dolares_rank_delta1	2.980219215426e-05	0.000176745572084131	0.000403877221324717
Visa_msaldodolares_rank_lag2	2.96129874798263e-05	0.000146172555000006	0.000403877221324717
Master_mpagosdolares_rank_delta2	2.9002107578431e-05	0.000201562881059721	0.000807754442649435
vm_mconsumospesos_rank_lag1	2.88662344242246e-05	0.000280874220301474	0.000403877221324717
Master_mconsumosdolares_rank_tend6	2.87720849184134e-05	0.000140661890957006	0.000807754442649435
Visa_mpagosdolares_rank_tend6	2.83302198415001e-05	9.2356165822763e-05	0.000403877221324717
Master_fultimo_cierre_delta1	2.75706665473471e-05	9.5278787542849e-05	0.000403877221324717
cliente_vip	2.71865185269376e-05	6.78894583563223e-05	0.000403877221324717
vm_fechaalta	2.69238908573637e-05	0.000308743270370143	0.000807754442649435
Visa_cadelantosefectivo_lag2	2.66720653029787e-05	6.74757108764391e-05	0.000403877221324717
Master_mconsumototal_rank	2.65292538376484e-05	0.000147959491724058	0.000403877221324717
mpasivos_margen_rank_tend6	2.64687191209779e-05	6.94926120312227e-05	0.000403877221324717
catm_trx_lag2	2.63969857267039e-05	0.000212563474647868	0.000403877221324717
Master_mpagado_rank_lag2	2.6371365344924e-05	0.000645049285727038	0.000807754442649435
Master_status_delta1	2.62883368119188e-05	7.25858221200077e-05	0.000403877221324717
Master_mlimitecompra_rank_delta2	2.62192679649103e-05	0.000922774689786395	0.0024232633279483
vm_msaldototal_rank_delta1	2.59251101383473e-05	0.000263914343534964	0.000403877221324717
mtransferencias_recibidas_rank_delta1	2.57887875977755e-05	0.000324856802633385	0.000403877221324717
vm_mfinanciacion_limite_rank_delta2	2.54950695880216e-05	0.000796640142006881	0.000807754442649435
mpagomiscuentas_rank_lag1	2.53243012380372e-05	0.000404948512976148	0.000807754442649435
rf_018_024	2.51861245002302e-05	0.000333341924641103	0.000403877221324717
vm_fultimo_cierre_delta1	2.5159536444914e-05	8.98039376325041e-05	0.000403877221324717
vmr_mconsumospesos_delta2	2.43271366256943e-05	0.000191129658731004	0.000403877221324717
rf_014_023	2.31771194039519e-05	0.000470579796020853	0.000403877221324717
ctrx_quarter_normalizado	2.2387562105654e-05	0.000218082620985444	0.000403877221324717
Visa_mconsumospesos_rank_lag2	2.21713100371999e-05	8.79086160333126e-05	0.000403877221324717
vmr_Master_mlimitecompra_lag2	2.1532362244297e-05	0.00016476197480232	0.000807754442649435
vm_mpagospesos_rank_delta2	2.12652261653433e-05	0.000699846793643594	0.000807754442649435
vm_mpagominimo_rank_delta1	2.09775086501926e-05	8.89698453325118e-05	0.000403877221324717
Master_madelantopesos_rank_delta1	2.09652917717954e-05	6.76001178635566e-05	0.000403877221324717
mtarjeta_visa_descuentos_rank_delta1	2.0633811527186e-05	0.000125420150080763	0.000403877221324717
Master_mconsumototal_rank_delta1	1.97616855130646e-05	0.000452185468993791	0.00121163166397415
Master_mpagado_rank_tend6	1.96184012159559e-05	0.00121435168088867	0.000807754442649435
vm_fechaalta_delta1	1.89553787160122e-05	8.35440042352738e-05	0.000403877221324717
Visa_cadelantosefectivo_lag1	1.84963416444322e-05	7.93848524614139e-05	0.000403877221324717
rf_016_017	1.83059794364644e-05	8.95890528365739e-05	0.000403877221324717
ccajas_transacciones_lag2	1.82108059881255e-05	8.11585945050133e-05	0.000403877221324717
mcuenta_debitos_automaticos_rank_delta1	1.77850219764568e-05	0.000612160602223613	0.000403877221324717
Master_mpagominimo_rank_tend6	1.75132389209477e-05	0.000278902558051097	0.000403877221324717
mtransferencias_recibidas_rank_delta2	1.74011327168506e-05	9.11111534744129e-05	0.000403877221324717
Visa_fultimo_cierre_lag1	1.69541685975407e-05	0.00039550677663567	0.000403877221324717
Master_mconsumospesos_rank_tend6	1.573083402856e-05	0.000198322644531615	0.000807754442649435
ccajas_transacciones	1.56178845551587e-05	0.000889803068291558	0.000807754442649435
rf_014_024	1.50864943648367e-05	0.000117939708741736	0.000403877221324717
Master_cconsumos_delta2	1.49081798455101e-05	0.000482754716169215	0.000807754442649435
rf_015_023	1.46416523903393e-05	0.000181201604168157	0.000403877221324717
vmr_mpagospesos	1.45859813049795e-05	0.000149075384699414	0.000807754442649435
Visa_mpagosdolares_rank_lag1	1.38610384166081e-05	6.87593647889696e-05	0.000403877221324717
Master_mconsumospesos_rank_delta1	1.3639845394828e-05	0.000189253186675315	0.000403877221324717
ctrx_quarter_lag2	1.29906528176971e-05	0.000310730012255323	0.000807754442649435
mcaja_ahorro_dolares_rank_lag1	1.22788799355337e-05	8.08654841035471e-05	0.000403877221324717
vm_status03_lag2	1.14186365352069e-05	8.20784522279427e-05	0.000403877221324717
Master_mconsumosdolares_rank_lag2	1.10130190237726e-05	6.55276105554401e-05	0.000403877221324717
vmr_msaldototal_lag1	1.09571542505927e-05	0.00010663092511732	0.000403877221324717
ctarjeta_visa_descuentos	1.07086711508438e-05	7.06141598696305e-05	0.000403877221324717
vmr_msaldopesos2_delta2	1.03482445294553e-05	0.00032205010560584	0.000807754442649435
mautoservicio_rank_lag1	9.58830931430912e-06	0.00037790601539007	0.00121163166397415
rf_011_026	9.36813784266764e-06	0.00038064202662948	0.000403877221324717
mtransferencias_recibidas_rank_lag2	9.23488138794501e-06	0.000454532237159871	0.00121163166397415
ctransferencias_recibidas_tend6	9.22856318407156e-06	0.000109892838620454	0.000403877221324717
vm_mconsumospesos_rank	9.04202037742742e-06	7.5951408112406e-05	0.000403877221324717
cextraccion_autoservicio_tend6	9.00257313509278e-06	0.000166330256821741	0.000403877221324717
Master_mconsumosdolares_rank_delta2	8.98639752263158e-06	0.000111940841522017	0.000403877221324717
rf_002_015	8.72109956405839e-06	0.00011882563728636	0.000403877221324717
vmr_mconsumospesos_tend6	8.47713023264072e-06	8.12566121312271e-05	0.000403877221324717
vmr_msaldopesos_tend6	8.42834004106682e-06	6.89403204065951e-05	0.000403877221324717
vm_Fvencimiento_lag2	8.427210067855e-06	8.66362718468836e-05	0.000403877221324717
vmr_Visa_mlimitecompra	8.14301338387041e-06	9.67349147784288e-05	0.000403877221324717
Master_msaldototal_rank_lag2	7.60912860160342e-06	0.000127271175252723	0.000403877221324717
Master_mpagospesos_rank_lag1	7.5568175788634e-06	6.55474025761179e-05	0.000403877221324717
matm_rank	7.40266733762502e-06	0.000158719753632546	0.000403877221324717
vm_mconsumosdolares_rank_lag2	7.33167347866448e-06	0.000438163293582169	0.000403877221324717
ctrx_quarter_lag1	7.19289653828433e-06	6.91165636383448e-05	0.000403877221324717
Master_mfinanciacion_limite_rank	7.1691400189915e-06	0.000211521094892171	0.000807754442649435
mpayroll_rank_delta1	7.13915237878784e-06	0.000948091511664805	0.000403877221324717
mautoservicio_rank	7.13779886074007e-06	0.000927483305753357	0.000403877221324717
ctarjeta_visa_transacciones_lag2	6.79372661112516e-06	6.89704796761993e-05	0.000403877221324717
mcuenta_debitos_automaticos_rank_delta2	6.11143868037128e-06	0.000104590462033159	0.000403877221324717
Master_mpagosdolares_rank_lag2	5.65834659996782e-06	7.24227735687098e-05	0.000403877221324717
Visa_mconsumosdolares_rank_delta2	5.61615021548977e-06	6.54974512858359e-05	0.000403877221324717
matm_rank_delta2	4.99361803952093e-06	0.000490453812212872	0.00121163166397415
vm_cconsumos_lag2	4.92879577883083e-06	0.000166727982189647	0.000403877221324717
vm_mconsumototal_rank_lag2	4.57672200449761e-06	0.000175450608445499	0.000807754442649435
cmobile_app_trx_delta2	4.40912293606546e-06	0.000617135939231138	0.000403877221324717
mpayroll_sobre_edad_rank_delta1	4.24546246974311e-06	7.41899182720833e-05	0.000403877221324717
chomebanking_transacciones_tend6	3.88400262335739e-06	0.000250850667410452	0.000807754442649435
mttarjeta_visa_debitos_automaticos_rank_lag1	3.84408465454673e-06	6.94454881724661e-05	0.000403877221324717
Master_mconsumosdolares_rank	3.66937173344174e-06	7.28402909572935e-05	0.000403877221324717
Visa_mfinanciacion_limite_rank_tend6	3.34674639069864e-06	7.17357077080382e-05	0.000403877221324717
vm_mconsumospesos_rank_tend6	3.3403989039828e-06	0.000218109952823523	0.00121163166397415
ccomisiones_otras_delta1	3.24508569227369e-06	0.000163960869203458	0.000807754442649435
vmr_msaldopesos2_delta1	3.11873773950693e-06	0.000134223829373676	0.000403877221324717
rf_012_028	2.78621556160399e-06	0.000102244636344254	0.000403877221324717
vm_msaldopesos_rank_lag2	2.67872418035298e-06	0.000380518562119537	0.000403877221324717
ctarjeta_debito_transacciones_tend6	2.05717661603527e-06	0.00023949287497293	0.000807754442649435
rf_001_021	2.01146192875386e-06	0.000349398908273836	0.00161550888529887
mpayroll_rank_tend6	1.96776413630457e-06	0.000170593081084865	0.000403877221324717
Master_cadelantosefectivo_tend6	1.74774836134465e-06	7.51455901276677e-05	0.000403877221324717
rf_011_025	1.71605743580923e-06	0.000275723582539375	0.000403877221324717
mextraccion_autoservicio_rank_delta1	1.43979056468019e-06	0.000268073495308824	0.000403877221324717
mpayroll_sobre_edad_rank_lag2	1.0697005096109e-06	6.61713224660557e-05	0.000403877221324717
Master_mpagosdolares_rank_lag1	8.63262691045519e-07	0.000121359015933117	0.000403877221324717
Master_fultimo_cierre	6.37715425438286e-07	0.000106578146395513	0.000403877221324717
matm_other_rank_lag2	5.83811932828844e-07	0.000209188463883718	0.000403877221324717
vmr_msaldototal_tend6	4.67862259973789e-07	7.44472145408945e-05	0.000403877221324717
rf_005_020	4.4771126242063e-07	9.30799882932648e-05	0.000403877221324717
Master_mconsumototal_rank_delta2	4.4363893772302e-07	0.000156232556367371	0.000403877221324717
Master_mconsumototal_rank_lag1	4.43309122963995e-07	0.000114883255262781	0.000403877221324717
Master_madelantodolares_rank	2.38690740220358e-07	6.78291398171138e-05	0.000403877221324717
mautoservicio_rank_delta2	2.30434725113309e-07	0.00010936693635673	0.000403877221324717
