fecha	objective	metric	first_metric_only	boost_from_average	feature_pre_filter	verbosity	max_depth	min_gain_to_split	lambda_l1	lambda_l2	max_bin	num_iterations	force_row_wise	seed	learning_rate	feature_fraction	min_data_in_leaf	num_leaves	envios	ganancia	iteracion
20230902 233818	binary	custom	TRUE	TRUE	FALSE	-100	-1	0	0	0	31	305	TRUE	150523	0.0942222793980036	0.909192410744727	6407	291	11613	66330000	1
20230902 233834	binary	custom	TRUE	TRUE	FALSE	-100	-1	0	0	0	31	81	TRUE	150523	0.160259287974681	0.752449568053708	2246	468	10206	65865000	2
20230902 233856	binary	custom	TRUE	TRUE	FALSE	-100	-1	0	0	0	31	130	TRUE	150523	0.172338188763242	0.5499514915701	5677	503	9763	65400000	3
20230902 233912	binary	custom	TRUE	TRUE	FALSE	-100	-1	0	0	0	31	103	TRUE	150523	0.228818266781862	0.232108120722696	5185	849	7894	60570000	4
20230902 234010	binary	custom	TRUE	TRUE	FALSE	-100	-1	0	0	0	31	376	TRUE	150523	0.0209138901097467	0.941392414281145	3485	561	5866	57525000	5
20230902 234027	binary	custom	TRUE	TRUE	FALSE	-100	-1	0	0	0	31	46	TRUE	150523	0.199797090510023	0.592753300648183	1950	171	12897	67035000	6
20230902 234038	binary	custom	TRUE	TRUE	FALSE	-100	-1	0	0	0	31	44	TRUE	150523	0.251874773049145	0.639308712324128	953	41	6421	56820000	7
20230902 234049	binary	custom	TRUE	TRUE	FALSE	-100	-1	0	0	0	31	44	TRUE	150523	0.270667458323296	0.990303414389491	4066	794	8026	61605000	8
20230902 234129	binary	custom	TRUE	TRUE	FALSE	-100	-1	0	0	0	31	250	TRUE	150523	0.0577395134300459	0.25454883242026	1540	574	8860	64980000	9
20230902 234230	binary	custom	TRUE	TRUE	FALSE	-100	-1	0	0	0	31	328	TRUE	150523	0.0332592968440149	0.774676443915814	2585	389	14332	67530000	10
20230902 234249	binary	custom	TRUE	TRUE	FALSE	-100	-1	0	0	0	31	108	TRUE	150523	0.277655670740525	0.445235979063436	5448	332	12357	63855000	11
20230902 234308	binary	custom	TRUE	TRUE	FALSE	-100	-1	0	0	0	31	95	TRUE	150523	0.114503657514229	0.640374738872051	3095	939	13668	67005000	12
20230902 234413	binary	custom	TRUE	TRUE	FALSE	-100	-1	0	0	0	31	500	TRUE	150523	0.0491167531704996	0.438580494262278	6158	666	10519	65415000	13
20230902 234430	binary	custom	TRUE	TRUE	FALSE	-100	-1	0	0	0	31	133	TRUE	150523	0.145245512081659	0.82137166053988	7600	678	7496	59595000	14
20230902 234455	binary	custom	TRUE	TRUE	FALSE	-100	-1	0	0	0	31	171	TRUE	150523	0.105102699444746	0.291835324540734	4684	120	13022	66540000	15
20230902 234522	binary	custom	TRUE	TRUE	FALSE	-100	-1	0	0	0	31	173	TRUE	150523	0.0778474648072151	0.383747743945569	7970	95	6904	59460000	16
20230902 234543	binary	custom	TRUE	TRUE	FALSE	-100	-1	0	0	0	31	63	TRUE	150523	0.286321309642866	0.496558861872181	1	753	14777	58875000	17
20230902 234613	binary	custom	TRUE	TRUE	FALSE	-100	-1	0	0	0	31	105	TRUE	150523	0.195813731877948	0.697464785343036	483	1002	5446	52785000	18
20230902 234633	binary	custom	TRUE	TRUE	FALSE	-100	-1	0	0	0	31	142	TRUE	150523	0.21337325190648	0.343701777290553	6881	909	11381	64980000	19
20230902 234647	binary	custom	TRUE	TRUE	FALSE	-100	-1	0	0	0	31	66	TRUE	150523	0.133243963828543	0.840751267299056	3861	257	9127	63345000	20
20230902 234714	binary	custom	TRUE	TRUE	FALSE	-100	-1	0	0	0	31	153	TRUE	150523	0.0663887420470476	0.838184084438088	2244	420	13213	66690000	21
20230902 234732	binary	custom	TRUE	TRUE	FALSE	-100	-1	0	0	0	31	107	TRUE	150523	0.119324121430218	0.760482978076491	3616	218	13905	65325000	22
20230902 234958	binary	custom	TRUE	TRUE	FALSE	-100	-1	0	0	0	31	814	TRUE	150523	0.010310135883808	0.569899037027837	3037	801	14167	67305000	23
20230902 235021	binary	custom	TRUE	TRUE	FALSE	-100	-1	0	0	0	31	100	TRUE	150523	0.134701068876909	0.401424456708765	1856	484	12153	65790000	24
20230902 235102	binary	custom	TRUE	TRUE	FALSE	-100	-1	0	0	0	31	320	TRUE	150523	0.0366285551496727	0.999745590050541	4569	946	14296	66435000	25
20230902 235511	binary	custom	TRUE	TRUE	FALSE	-100	-1	0	0	0	31	1937	TRUE	150523	0.0100658764807701	0.300670728166855	2080	364	14281	67440000	26
20230902 235746	binary	custom	TRUE	TRUE	FALSE	-100	-1	0	0	0	31	1109	TRUE	150523	0.0102168092457111	0.587274806762405	5115	454	14273	66390000	27
20230903 000133	binary	custom	TRUE	TRUE	FALSE	-100	-1	0	0	0	31	627	TRUE	150523	0.0100214703435041	0.700495115734874	20	458	14345	66045000	28
20230903 000211	binary	custom	TRUE	TRUE	FALSE	-100	-1	0	0	0	31	249	TRUE	150523	0.0487272510339406	0.231724261751113	2728	891	13724	66960000	29
20230903 000401	binary	custom	TRUE	TRUE	FALSE	-100	-1	0	0	0	31	605	TRUE	150523	0.0264764934538383	0.373167536897978	2405	129	11836	67695000	30
20230903 000534	binary	custom	TRUE	TRUE	FALSE	-100	-1	0	0	0	31	615	TRUE	150523	0.0176814653777083	0.53614804516047	2141	19	14797	67455000	31
20230903 000720	binary	custom	TRUE	TRUE	FALSE	-100	-1	0	0	0	31	504	TRUE	150523	0.0210583809549446	0.56674813600177	2484	284	12971	68490000	32
20230903 000813	binary	custom	TRUE	TRUE	FALSE	-100	-1	0	0	0	31	372	TRUE	150523	0.0341144434540047	0.66088877550372	2591	1024	11966	68145000	33
20230903 000833	binary	custom	TRUE	TRUE	FALSE	-100	-1	0	0	0	31	110	TRUE	150523	0.189106291419554	0.626577634535679	6759	16	12266	65925000	34
20230903 001022	binary	custom	TRUE	TRUE	FALSE	-100	-1	0	0	0	31	684	TRUE	150523	0.0100511681778327	0.669013338969566	2511	323	12281	68040000	35
20230903 001033	binary	custom	TRUE	TRUE	FALSE	-100	-1	0	0	0	31	46	TRUE	150523	0.190014073148753	0.950959396061445	4442	1024	12344	64860000	36
20230903 001122	binary	custom	TRUE	TRUE	FALSE	-100	-1	0	0	0	31	308	TRUE	150523	0.0329221423153044	0.654927331089852	2259	1024	13695	67995000	37
20230903 001205	binary	custom	TRUE	TRUE	FALSE	-100	-1	0	0	0	31	294	TRUE	150523	0.0393275612883409	0.651220771562587	2501	891	12716	67695000	38
20230903 001421	binary	custom	TRUE	TRUE	FALSE	-100	-1	0	0	0	31	764	TRUE	150523	0.0100047765608476	0.585095935592375	2336	197	13434	67710000	39
20230903 001535	binary	custom	TRUE	TRUE	FALSE	-100	-1	0	0	0	31	349	TRUE	150523	0.0362541836548244	0.518050737361773	2766	323	12231	68550000	40
20230903 001637	binary	custom	TRUE	TRUE	FALSE	-100	-1	0	0	0	31	418	TRUE	150523	0.0419591606429944	0.565805390435797	3216	1024	14997	66975000	41
20230903 001746	binary	custom	TRUE	TRUE	FALSE	-100	-1	0	0	0	31	396	TRUE	150523	0.0265626155959307	0.483557964822888	2783	341	12736	67155000	42
20230903 001831	binary	custom	TRUE	TRUE	FALSE	-100	-1	0	0	0	31	240	TRUE	150523	0.0458463886095092	0.562961418594746	2381	294	11480	68280000	43
20230903 002110	binary	custom	TRUE	TRUE	FALSE	-100	-1	0	0	0	31	1280	TRUE	150523	0.0214170443266955	0.200315351633348	1663	21	12145	69645000	44
20230903 002330	binary	custom	TRUE	TRUE	FALSE	-100	-1	0	0	0	31	1000	TRUE	150523	0.0102382536817117	0.20107121171223	2560	347	12011	67290000	45
20230903 002358	binary	custom	TRUE	TRUE	FALSE	-100	-1	0	0	0	31	160	TRUE	150523	0.0532337301398643	0.559181811277545	565	16	12191	67710000	46
20230903 002451	binary	custom	TRUE	TRUE	FALSE	-100	-1	0	0	0	31	565	TRUE	150523	0.0692328725923263	0.20118656568937	598	16	14168	66465000	47
20230903 002519	binary	custom	TRUE	TRUE	FALSE	-100	-1	0	0	0	31	222	TRUE	150523	0.0899122284853597	0.200123182931484	2534	16	12102	66540000	48
20230903 002904	binary	custom	TRUE	TRUE	FALSE	-100	-1	0	0	0	31	2532	TRUE	150523	0.0100130572885288	0.794830405634338	6203	1023	12139	67395000	49
20230903 003141	binary	custom	TRUE	TRUE	FALSE	-100	-1	0	0	0	31	1259	TRUE	150523	0.0107349975968177	0.248417083079982	5781	16	13011	66090000	50
20230903 003237	binary	custom	TRUE	TRUE	FALSE	-100	-1	0	0	0	31	472	TRUE	150523	0.107249573934276	0.541950979493756	7665	1024	12098	66195000	51
20230903 003342	binary	custom	TRUE	TRUE	FALSE	-100	-1	0	0	0	31	465	TRUE	150523	0.0216406165998124	0.922213286389871	3440	67	12091	67890000	52
20230903 003455	binary	custom	TRUE	TRUE	FALSE	-100	-1	0	0	0	31	593	TRUE	150523	0.0329300987543343	0.565085472936569	3622	16	12047	68025000	53
20230903 003729	binary	custom	TRUE	TRUE	FALSE	-100	-1	0	0	0	31	1105	TRUE	150523	0.010457834613343	0.911367498374009	2143	1022	11860	68460000	54
20230903 003840	binary	custom	TRUE	TRUE	FALSE	-100	-1	0	0	0	31	223	TRUE	150523	0.0236438935632525	0.260965413544513	56	322	12172	65010000	55
20230903 004110	binary	custom	TRUE	TRUE	FALSE	-100	-1	0	0	0	31	1279	TRUE	150523	0.0102518037768626	0.995736105261651	3639	1022	11296	67035000	56
20230903 004212	binary	custom	TRUE	TRUE	FALSE	-100	-1	0	0	0	31	255	TRUE	150523	0.0269040110514139	0.556275374775252	1758	236	12159	68655000	57
20230903 004412	binary	custom	TRUE	TRUE	FALSE	-100	-1	0	0	0	31	1110	TRUE	150523	0.014701163009927	0.202335314009859	1623	16	13016	67875000	58
20230903 004437	binary	custom	TRUE	TRUE	FALSE	-100	-1	0	0	0	31	176	TRUE	150523	0.0884261510422621	0.262234367017734	5912	1024	14462	64500000	59
20230903 004511	binary	custom	TRUE	TRUE	FALSE	-100	-1	0	0	0	31	244	TRUE	150523	0.0942618295049555	0.577579090984771	5028	394	12118	65775000	60
20230903 004657	binary	custom	TRUE	TRUE	FALSE	-100	-1	0	0	0	31	1139	TRUE	150523	0.0164442439263042	0.943095706846236	7921	291	13012	66330000	61
20230903 004726	binary	custom	TRUE	TRUE	FALSE	-100	-1	0	0	0	31	125	TRUE	150523	0.0602553447753876	0.555544476293237	2240	159	13980	67620000	62
20230903 004813	binary	custom	TRUE	TRUE	FALSE	-100	-1	0	0	0	31	137	TRUE	150523	0.0303406903354461	0.999718060281673	691	456	12021	69180000	63
20230903 004916	binary	custom	TRUE	TRUE	FALSE	-100	-1	0	0	0	31	203	TRUE	150523	0.020520151867364	0.999804564528865	929	1021	13672	67110000	64
20230903 004958	binary	custom	TRUE	TRUE	FALSE	-100	-1	0	0	0	31	212	TRUE	150523	0.0315791592304794	0.99935185887022	2131	548	11924	67800000	65
20230903 005040	binary	custom	TRUE	TRUE	FALSE	-100	-1	0	0	0	31	414	TRUE	150523	0.0235370739696895	0.925024842075306	342	16	11841	67560000	66
20230903 005244	binary	custom	TRUE	TRUE	FALSE	-100	-1	0	0	0	31	401	TRUE	150523	0.0430834209882568	0.999518399087843	1	1017	11309	62925000	67
20230903 005424	binary	custom	TRUE	TRUE	FALSE	-100	-1	0	0	0	31	411	TRUE	150523	0.0112929799744616	0.985162181723864	938	74	12263	68100000	68
20230903 005640	binary	custom	TRUE	TRUE	FALSE	-100	-1	0	0	0	31	755	TRUE	150523	0.0123347651651976	0.631747066811658	1183	418	11667	68325000	69
20230903 005854	binary	custom	TRUE	TRUE	FALSE	-100	-1	0	0	0	31	1134	TRUE	150523	0.01119730470301	0.200930016227467	1351	20	11920	68280000	70
20230903 010032	binary	custom	TRUE	TRUE	FALSE	-100	-1	0	0	0	31	786	TRUE	150523	0.019231958442143	0.655056074459459	3068	252	11024	67500000	71
20230903 010117	binary	custom	TRUE	TRUE	FALSE	-100	-1	0	0	0	31	157	TRUE	150523	0.0303722495111808	0.878404838635543	957	650	12063	67860000	72
20230903 010258	binary	custom	TRUE	TRUE	FALSE	-100	-1	0	0	0	31	879	TRUE	150523	0.0179407895917748	0.630046314406777	4365	1020	13101	67500000	73
20230903 010325	binary	custom	TRUE	TRUE	FALSE	-100	-1	0	0	0	31	105	TRUE	150523	0.168078390501947	0.538278274453463	3572	948	13131	65730000	74
20230903 010351	binary	custom	TRUE	TRUE	FALSE	-100	-1	0	0	0	31	227	TRUE	150523	0.0799435337034932	0.735016329150647	6600	1024	13064	65700000	75
20230903 010612	binary	custom	TRUE	TRUE	FALSE	-100	-1	0	0	0	31	715	TRUE	150523	0.0116526658876024	0.516443007469922	1632	66	10392	66630000	76
20230903 010655	binary	custom	TRUE	TRUE	FALSE	-100	-1	0	0	0	31	287	TRUE	150523	0.0388330231366368	0.201143449968664	2472	39	11991	66390000	77
20230903 010919	binary	custom	TRUE	TRUE	FALSE	-100	-1	0	0	0	31	1000	TRUE	150523	0.0101826088503268	0.607111001315312	3180	405	11696	68235000	78
20230903 011122	binary	custom	TRUE	TRUE	FALSE	-100	-1	0	0	0	31	738	TRUE	150523	0.012036341458705	0.914305461804309	1500	233	11512	68670000	79
20230903 011356	binary	custom	TRUE	TRUE	FALSE	-100	-1	0	0	0	31	1058	TRUE	150523	0.0103348927928663	0.952965099811681	3089	1012	12151	68430000	80
20230903 011824	binary	custom	TRUE	TRUE	FALSE	-100	-1	0	0	0	31	1807	TRUE	150523	0.0101253209194494	0.445286557987101	2359	886	11009	67185000	81
20230903 012051	binary	custom	TRUE	TRUE	FALSE	-100	-1	0	0	0	31	748	TRUE	150523	0.010065469424003	0.615033183522874	1716	1023	13065	69045000	82
20230903 012244	binary	custom	TRUE	TRUE	FALSE	-100	-1	0	0	0	31	516	TRUE	150523	0.0128541174089089	0.408294710295999	1609	69	12247	68985000	83
20230903 012501	binary	custom	TRUE	TRUE	FALSE	-100	-1	0	0	0	31	443	TRUE	150523	0.0112913332204683	0.751287957938134	649	330	13022	68700000	84
20230903 012730	binary	custom	TRUE	TRUE	FALSE	-100	-1	0	0	0	31	445	TRUE	150523	0.0101467667680594	0.746452130185387	630	934	13014	68490000	85
20230903 012753	binary	custom	TRUE	TRUE	FALSE	-100	-1	0	0	0	31	37	TRUE	150523	0.0844363520839371	0.99880824330096	444	204	12923	66600000	86
20230903 013010	binary	custom	TRUE	TRUE	FALSE	-100	-1	0	0	0	31	474	TRUE	150523	0.0100206022847561	0.581670209639597	965	651	13370	68010000	87
20230903 013329	binary	custom	TRUE	TRUE	FALSE	-100	-1	0	0	0	31	1299	TRUE	150523	0.0107079751303059	0.496897271527731	4076	168	15000	6.6e+07	88
20230903 013532	binary	custom	TRUE	TRUE	FALSE	-100	-1	0	0	0	31	534	TRUE	150523	0.0115490896837964	0.982166525613765	914	359	11809	67425000	89
20230903 013754	binary	custom	TRUE	TRUE	FALSE	-100	-1	0	0	0	31	322	TRUE	150523	0.0119069919191169	0.960625002757125	381	473	12241	68160000	90
20230903 014033	binary	custom	TRUE	TRUE	FALSE	-100	-1	0	0	0	31	1057	TRUE	150523	0.0100325993504309	0.397985200482359	3580	1022	12217	67275000	91
20230903 014301	binary	custom	TRUE	TRUE	FALSE	-100	-1	0	0	0	31	797	TRUE	150523	0.0100764042804017	0.440525561700873	1752	771	11581	68700000	92
20230903 014333	binary	custom	TRUE	TRUE	FALSE	-100	-1	0	0	0	31	347	TRUE	150523	0.0490687624770075	0.754617726282755	1592	16	11240	68160000	93
20230903 014625	binary	custom	TRUE	TRUE	FALSE	-100	-1	0	0	0	31	1351	TRUE	150523	0.0104307264536224	0.520244913123398	1675	19	11578	68835000	94
20230903 014849	binary	custom	TRUE	TRUE	FALSE	-100	-1	0	0	0	31	744	TRUE	150523	0.0106175571762812	0.570861563945079	1690	437	11363	68040000	95
20230903 014903	binary	custom	TRUE	TRUE	FALSE	-100	-1	0	0	0	31	65	TRUE	150523	0.11488294046491	0.907134270613103	1594	31	11580	67260000	96
20230903 015149	binary	custom	TRUE	TRUE	FALSE	-100	-1	0	0	0	31	1266	TRUE	150523	0.0105581107251357	0.205607757064438	1631	918	12208	68745000	97
20230903 015221	binary	custom	TRUE	TRUE	FALSE	-100	-1	0	0	0	31	224	TRUE	150523	0.0436354065450906	0.974658315431639	2141	30	10833	67230000	98
20230903 015443	binary	custom	TRUE	TRUE	FALSE	-100	-1	0	0	0	31	752	TRUE	150523	0.0100939596268605	0.600203510241266	1372	415	12938	69315000	99
20230903 015659	binary	custom	TRUE	TRUE	FALSE	-100	-1	0	0	0	31	934	TRUE	150523	0.0109977103887908	0.249205256393197	1775	1023	11648	68745000	100
20230903 015934	binary	custom	TRUE	TRUE	FALSE	-100	-1	0	0	0	31	1100	TRUE	150523	0.0101124126228234	0.760388306442507	2163	353	11599	67815000	101
20230903 020135	binary	custom	TRUE	TRUE	FALSE	-100	-1	0	0	0	31	595	TRUE	150523	0.0104777482761927	0.998177379035455	1560	949	12914	68070000	102
20230903 020409	binary	custom	TRUE	TRUE	FALSE	-100	-1	0	0	0	31	1074	TRUE	150523	0.0116550570822991	0.232426869991471	1396	992	12964	68880000	103
20230903 020731	binary	custom	TRUE	TRUE	FALSE	-100	-1	0	0	0	31	1466	TRUE	150523	0.0100613427747642	0.528424196991697	4847	816	13600	67200000	104
20230903 021254	binary	custom	TRUE	TRUE	FALSE	-100	-1	0	0	0	31	3188	TRUE	150523	0.0106332959217748	0.579760033458425	7219	218	12149	67845000	105
20230903 021309	binary	custom	TRUE	TRUE	FALSE	-100	-1	0	0	0	31	80	TRUE	150523	0.21455133972883	0.645287428001694	3997	74	10713	65550000	106
20230903 021525	binary	custom	TRUE	TRUE	FALSE	-100	-1	0	0	0	31	917	TRUE	150523	0.0100146469433422	0.220015809715119	1574	112	12164	69120000	107
20230903 021627	binary	custom	TRUE	TRUE	FALSE	-100	-1	0	0	0	31	348	TRUE	150523	0.0308743502092926	0.314937083206258	1503	210	11566	69225000	108
20230903 021948	binary	custom	TRUE	TRUE	FALSE	-100	-1	0	0	0	31	1546	TRUE	150523	0.0100399581777417	0.500358058114462	7255	727	11589	66045000	109
20230903 022031	binary	custom	TRUE	TRUE	FALSE	-100	-1	0	0	0	31	127	TRUE	150523	0.0524902042342306	0.539178846357413	1616	981	14468	67845000	110
20230903 022057	binary	custom	TRUE	TRUE	FALSE	-100	-1	0	0	0	31	193	TRUE	150523	0.0921403525090791	0.627628114844764	3117	207	11528	67305000	111
20230903 022151	binary	custom	TRUE	TRUE	FALSE	-100	-1	0	0	0	31	379	TRUE	150523	0.0334823674133905	0.226011860779661	1516	84	12286	67905000	112
20230903 022400	binary	custom	TRUE	TRUE	FALSE	-100	-1	0	0	0	31	823	TRUE	150523	0.0105366225711093	0.587752351954963	2252	636	13021	68700000	113
20230903 022455	binary	custom	TRUE	TRUE	FALSE	-100	-1	0	0	0	31	636	TRUE	150523	0.0379657971735681	0.86102645469315	6486	371	12320	66840000	114
20230903 022621	binary	custom	TRUE	TRUE	FALSE	-100	-1	0	0	0	31	610	TRUE	150523	0.0165745326470698	0.495101695260226	1657	17	12127	68505000	115
20230903 022656	binary	custom	TRUE	TRUE	FALSE	-100	-1	0	0	0	31	306	TRUE	150523	0.0315089996282017	0.996815504853389	647	28	12618	68595000	116
20230903 022739	binary	custom	TRUE	TRUE	FALSE	-100	-1	0	0	0	31	224	TRUE	150523	0.0339997918682581	0.572122056829552	1586	381	11254	68250000	117
20230903 022810	binary	custom	TRUE	TRUE	FALSE	-100	-1	0	0	0	31	259	TRUE	150523	0.0517958154401559	0.687088236649757	3292	166	12576	66795000	118
20230903 022828	binary	custom	TRUE	TRUE	FALSE	-100	-1	0	0	0	31	99	TRUE	150523	0.104144985048317	0.788312817769845	2027	523	12153	67110000	119
20230903 022846	binary	custom	TRUE	TRUE	FALSE	-100	-1	0	0	0	31	89	TRUE	150523	0.112218712169092	0.360940466363322	2453	524	11196	66975000	120
