Feature	Gain	Cover	Frequency
ctrx_quarter	0.129601083375119	0.0211496491243232	0.0193713995761574
mcaja_ahorro	0.0910640582180575	0.0217231697729931	0.0271617467092499
mcuentas_saldo	0.0541747875712772	0.0264700259956864	0.0295197445004925
mpasivos_margen	0.0487032520747323	0.0183606141798233	0.0248634450646211
cpayroll_trx	0.0471364162865016	0.0122496436680196	0.00399964182312032
mtarjeta_visa_consumo	0.0424308577183469	0.0145276936131197	0.0171626421514491
mpayroll	0.0306162868234743	0.0209510246608356	0.011073635196848
ctarjeta_visa_transacciones	0.0291434183818422	0.0137023927726257	0.0160284153657881
mrentabilidad_annual	0.0179261489599553	0.0221429910670977	0.0264155448765782
Visa_mpagospesos	0.0175164295530833	0.0153271447647123	0.0219681819538549
mactivos_margen	0.0171449631135498	0.0173803346138706	0.0252216219443035
Visa_mpagominimo	0.0167775855610922	0.0197340476197497	0.022386054980151
Master_fechaalta	0.015712238213277	0.0213472703478018	0.0299973136734024
Visa_msaldototal	0.0154723482426893	0.00938864624304986	0.0170432498582217
mcuenta_corriente	0.0137639888077279	0.0162591088888751	0.0190729188430887
cliente_edad	0.0136587411360414	0.0196752850484728	0.0257290391905203
mautoservicio	0.0134664829219962	0.0114798280770306	0.015162821239889
Visa_Fvencimiento	0.0134659849648002	0.0187744032401654	0.0260275199235889
Visa_status	0.0134211525916838	0.00720048276463623	0.00313404769722114
mtransferencias_recibidas	0.013005047661727	0.0180055940876126	0.0190132226964749
chomebanking_transacciones	0.0127910722389885	0.0208170723960102	0.0233411933259708
Master_Fvencimiento	0.0126413308717125	0.0171206585713493	0.0254305584574516
mrentabilidad	0.0117045082149849	0.0143483375414294	0.0203862340685909
numero_de_cliente	0.0109114862881605	0.019585929520707	0.0241172432319494
Visa_fechaalta	0.0105281633002299	0.0141293678823093	0.0218189415873205
cliente_antiguedad	0.0103278254581644	0.0136803609396987	0.0227143837865266
Visa_msaldopesos	0.0102784978529935	0.0103077622850156	0.0168343133450736
cdescubierto_preacordado	0.0102371154115189	0.0129254670778966	0.00426827448288213
mprestamos_personales	0.00909477479014862	0.0202704110731052	0.00987971226457332
mcomisiones_mantenimiento	0.009016938283049	0.0141852859856333	0.0116109005163717
ctarjeta_debito_transacciones	0.00839636186805042	0.0125738383846958	0.0145658597737516
Master_mfinanciacion_limite	0.0083199326133408	0.0111774732876473	0.0187445900367131
mcomisiones_otras	0.00827361034907995	0.00938008405334568	0.0166850729785392
Visa_mconsumospesos	0.00824699148454939	0.00903373063279546	0.0183864131570307
mcomisiones	0.00786707322138755	0.00831573169527461	0.0155508461928783
ccomisiones_mantenimiento	0.00736289041086952	0.0110949464020251	0.0051338686087813
Visa_mfinanciacion_limite	0.00726405433749873	0.011886946284306	0.0157000865594126
ccomisiones_otras	0.00712522261030166	0.00694788164315549	0.00973047189803898
Visa_cconsumos	0.00648595298774067	0.00991101764340099	0.0143569232606035
Master_mlimitecompra	0.00641870890328722	0.00755004847227134	0.014028594454228
Visa_mlimitecompra	0.00627805628783901	0.00781895730807349	0.012894367668567
cprestamos_personales	0.0060708394533735	0.0155379605666717	0.00695460108050025
cproductos	0.0059494047198596	0.00661915688737412	0.00898427006536728
Visa_mconsumototal	0.00593835261104958	0.00813009924320968	0.0127451273020327
mcuenta_debitos_automaticos	0.00593515408516396	0.0125205536531275	0.00987971226457332
mcaja_ahorro_dolares	0.00558900397093098	0.011163079298954	0.0127152792287258
mtransferencias_emitidas	0.00554794553879555	0.0140587924531165	0.012446646568964
mextraccion_autoservicio	0.00532451859993668	0.0153213172302928	0.0101184968510283
Master_msaldototal	0.00506495894272019	0.010355866630608	0.00820822015938871
Master_msaldopesos	0.00454969688975668	0.00483852527949142	0.00713368952034146
Master_mpagominimo	0.00444811888485611	0.00658604570251012	0.00692475300719339
ctransferencias_recibidas	0.00438002910622492	0.0109707120252776	0.0102975852908695
mttarjeta_visa_debitos_automaticos	0.00437377696850441	0.00479478358864555	0.00973047189803898
Master_mpagospesos	0.0042287100720043	0.0124777821518758	0.00850670089245739
ctarjeta_master	0.00416194855778345	0.00080067828150782	0.000567113392830493
ctarjeta_visa	0.00378022586783268	0.00338139859414496	0.00179088439841208
Master_status	0.00354427381953533	0.0124793387197961	0.00313404769722114
internet	0.00340304286016592	0.0099645667782873	0.00316389577052801
ccaja_ahorro	0.00339853927711288	0.00827611277713277	0.00313404769722114
thomebanking	0.00332080954910962	0.00320146680555261	0.0035519207235173
Visa_mconsumosdolares	0.00331518263994628	0.00628192964586359	0.00674566456735218
Master_mconsumospesos	0.00301395914555263	0.00774391900674744	0.00635763961436289
ccallcenter_transacciones	0.00300969151315027	0.00780655700568906	0.00307435155060741
ccajas_consultas	0.00294262735459468	0.00965075735483833	0.0022386054980151
ctarjeta_visa_debitos_automaticos	0.00294231461641802	0.00403359842047505	0.0065367280542041
ctransferencias_emitidas	0.00290256638503476	0.00944467415904217	0.00680536071396591
mpagomiscuentas	0.0028364503797733	0.00606212199880831	0.00695460108050025
ccaja_seguridad	0.00282851423523936	0.00958361597035189	0.00202966898486703
cextraccion_autoservicio	0.00281405902669978	0.00493935356574389	0.0049547801689401
tcallcenter	0.00280856224902628	0.00583964792958268	0.0028057188908456
ccajas_transacciones	0.00271835919830708	0.00382477843710939	0.00179088439841208
cmobile_app_trx	0.00268710988603432	0.0034673179449195	0.00337283228367609
mtarjeta_master_consumo	0.00241593028699598	0.00232361154104192	0.00304450347730054
Master_mconsumototal	0.00215885005504149	0.004529174463606	0.00405933796973405
cpagomiscuentas	0.00200687775428321	0.0088766665327805	0.00534280512192938
ccuenta_debitos_automaticos	0.001784334199656	0.0035352376133661	0.00465629943587141
matm	0.00177734167189715	0.00444644501092571	0.00450705906933707
ctarjeta_master_transacciones	0.0017552626799278	0.00232666497290754	0.0021490612780945
Master_cconsumos	0.00167342015164214	0.00400800567189469	0.00379070530997224
Visa_fultimo_cierre	0.00145640583535446	0.00297831253746864	0.00310419962391428
tmobile_app	0.00143487631474113	0.00561838286585132	0.000955138345819777
ctarjeta_debito	0.00135807111858837	0.0021298444223797	0.00316389577052801
Master_fultimo_cierre	0.0012063873193069	0.00190775096599486	0.00265647852431126
ccajas_otras	0.00109873513823649	0.00562466351079557	0.00113422678566099
Visa_msaldodolares	0.00104632653157036	0.0061212289340841	0.00199982091156016
catm_trx	0.0010266108551185	0.00209817679434044	0.0028057188908456
Visa_mpagado	0.000864047365488974	0.00882038913946399	0.00238784586454944
mplazo_fijo_dolares	0.000812788287839894	0.00625765784773068	0.00179088439841208
cseguro_vida	0.000768300738132006	0.00626307278503706	0.00155209981195714
matm_other	0.000639116746474951	0.0057312095187992	0.00205951705817389
Master_mconsumosdolares	0.000638433514136387	0.000628495215959928	0.00119392293227472
ccajas_depositos	0.000622970084179922	0.00798982901845563	0.0014924036653434
Visa_mpagosdolares	0.000609942771272404	0.00284829007357084	0.00167149210518461
cplazo_fijo	0.000512338839797519	0.00301232461267009	0.000835746052592305
mttarjeta_master_debitos_automaticos	0.000455540792479541	0.00303018036577252	0.00119392293227472
Master_mpagosdolares	0.000418535150394233	0.000406333526460767	0.000865594125899173
mcaja_ahorro_adicional	0.000367538703116042	0.00511479476250035	0.00101483449243351
catm_trx_other	0.000349809770179323	0.00153318741724483	0.000955138345819777
active_quarter	0.000346534836820067	0.000937649861641689	0.000776049905978569
tcuentas	0.000338853039209168	0.0071869182347388	0.00134316329880906
cseguro_vivienda	0.000310782217255737	0.00107391245707212	0.000507417246216757
cseguro_auto	0.000249431738131503	0.00314828868822539	0.000537265319523625
cseguro_accidentes_personales	0.000225495481476803	0.00167911565977501	0.000596961466137361
ccajas_extracciones	0.000202571487964664	0.00492252877235307	0.00119392293227472
Master_mpagado	0.000194852673480555	0.00204553281436122	0.000567113392830493
Visa_Finiciomora	0.000182609319261955	0.00311512952695289	0.000596961466137361
minversion2	0.000145183218106468	0.00115526338761476	0.00029848073306868
Master_madelantopesos	0.000126984320510691	7.20989466984213e-05	0.000238784586454944
ctarjeta_master_debitos_automaticos	0.000120505161283834	0.00113232106906859	0.000388024952989285
ccheques_depositados	0.00010159036349075	0.00104939224775741	0.000179088439841208
mforex_sell	9.87631296616967e-05	0.00227663517412053	0.000895442199206041
Visa_delinquency	8.77335464813579e-05	0.000207024599545236	0.00014924036653434
Master_delinquency	8.11389220448962e-05	7.4966869784494e-05	0.00014924036653434
Visa_madelantopesos	6.5841092497713e-05	3.02219389297038e-05	0.000119392293227472
Master_cadelantosefectivo	6.27961261820591e-05	0.000132618520669023	0.000119392293227472
cforex	4.94210707273379e-05	0.000186352098192467	0.00014924036653434
mcheques_depositados	4.23321487299133e-05	0.000355641653236417	8.95442199206041e-05
mtarjeta_visa_descuentos	2.94601361878305e-05	0.000466537522277659	0.000119392293227472
Master_madelantodolares	2.45575312733535e-05	1.62576056280754e-05	5.96961466137361e-05
Master_Finiciomora	1.52105593167368e-05	0.00105344678734712	0.000179088439841208
Master_msaldodolares	1.51523360057098e-05	6.95444694812353e-06	2.9848073306868e-05
Visa_madelantodolares	1.39414403945427e-05	1.6082758272642e-05	2.9848073306868e-05
cinversion2	7.38197963944173e-06	0.000351148929115707	5.96961466137361e-05
cforex_sell	1.49708265106353e-06	8.08615711759051e-05	5.96961466137361e-05
