Feature	Gain	Cover	Frequency
ctrx_quarter	0.19889712255991	0.0257724879429405	0.0231673993109184
mcaja_ahorro	0.0939176959483068	0.0233300745758659	0.0317809195675419
cpayroll_trx	0.0585936990238004	0.0143106082754672	0.00469288345016039
mcuentas_saldo	0.0440038765841972	0.0291536670953723	0.0311868836877747
mtarjeta_visa_consumo	0.0434732683414727	0.0148857825905867	0.0178210763930141
mpayroll	0.0400881608738332	0.0249313838437309	0.0117025068314126
mcuenta_corriente	0.0387661912401549	0.0144912468409459	0.0191279553285018
mpasivos_margen	0.0335163274341051	0.0212690505962607	0.0270880361173815
ctarjeta_visa_transacciones	0.0210814861548369	0.0169169660819281	0.0175834620411073
mrentabilidad_annual	0.01977934082679	0.0221408473333702	0.0298206011643103
Visa_mpagominimo	0.0173700595297419	0.0198270399318463	0.0207318522038731
Visa_status	0.0159033128296902	0.016141286867196	0.00504930497802067
Master_fechaalta	0.0148998153618755	0.0222477320618879	0.032790780563146
mactivos_margen	0.0143641808799705	0.0179768076514878	0.0250683141261732
cliente_edad	0.0122912874997086	0.0202654833110593	0.0273850540572651
mtransferencias_recibidas	0.0116000401276258	0.0169089383366985	0.0203754306760128
chomebanking_transacciones	0.0114077243502169	0.02156561963975	0.0229297849590115
mrentabilidad	0.0110594689167813	0.0120500192391368	0.0196031840323156
Visa_mpagospesos	0.0107954415257039	0.0166788884369509	0.0246524890103362
mprestamos_personales	0.0107845518176626	0.0194810748050884	0.0105144350718783
Visa_fechaalta	0.0106398087257132	0.0121312174705698	0.0228703813710348
Master_Fvencimiento	0.0105747327542965	0.0150932991375407	0.0248901033622431
Visa_msaldototal	0.0102770933096136	0.00663137508965682	0.0130093857669003
Visa_Fvencimiento	0.0101543161184582	0.017023332276439	0.0235832244267554
numero_de_cliente	0.00907308488038821	0.0226077052323284	0.0245930854223595
Visa_msaldopesos	0.00862410838302513	0.00987484342941921	0.0128311750029702
mcomisiones_mantenimiento	0.00857373190084644	0.0218553486096502	0.0156825472258524
cdescubierto_preacordado	0.00844125535114464	0.00882078770805986	0.00392063680646311
cliente_antiguedad	0.00761715630512808	0.0111831542942165	0.0196031840323156
Visa_mconsumospesos	0.00746434936401789	0.00963795917520761	0.0186527266246881
Master_mfinanciacion_limite	0.00687271820097426	0.0114388449380482	0.0177022692170607
Visa_mfinanciacion_limite	0.00649256366690831	0.0114215522101978	0.0156825472258524
mcomisiones	0.00623534685605486	0.0079237448464964	0.0136628252346442
mcomisiones_otras	0.00622034057658845	0.00925459668958739	0.015147914934062
cproductos	0.0060789988927073	0.00698058677308205	0.00849471308067007
mcuenta_debitos_automaticos	0.00579709903970173	0.013289254511284	0.00962338125222763
Master_mpagospesos	0.00547847240444494	0.0164363403425405	0.0116431032434359
mautoservicio	0.0050182123179155	0.0117143180355126	0.0169300225733634
Visa_cconsumos	0.00497946939364229	0.00843035638384754	0.0130093857669003
mcaja_ahorro_dolares	0.00489010220953322	0.0103032078038758	0.0128311750029702
mtransferencias_emitidas	0.00477960615872883	0.0148814684639055	0.013068789354877
tcallcenter	0.00470348138992136	0.00703604703530469	0.00392063680646311
Visa_mlimitecompra	0.00467293054334364	0.00713331410182208	0.0121183319472496
ctarjeta_debito_transacciones	0.00449960677570394	0.0123968060135304	0.0142568611144113
cprestamos_personales	0.00445424396474174	0.01587144710793	0.00659379826541523
Master_msaldototal	0.00435295840439496	0.0106246531350642	0.00766306284899608
mttarjeta_visa_debitos_automaticos	0.00393458279004981	0.0048647583242628	0.0100392063680646
ccomisiones_otras	0.00389097733149281	0.00630165227811053	0.00873232743257693
thomebanking	0.00384563245536694	0.003410897632694	0.00421765474634668
Master_msaldopesos	0.00368982459376326	0.00602512114250733	0.00665320185339195
Master_mlimitecompra	0.00368221514572715	0.00406465463271245	0.00932636331234407
Visa_mconsumototal	0.00363683595574627	0.00642472022421411	0.00908874896043721
ccaja_ahorro	0.00354715005175355	0.0104266989652349	0.00380182963050968
ccomisiones_mantenimiento	0.00344318747463503	0.00529879797716834	0.00427705833432339
ctransferencias_recibidas	0.00333658987364024	0.0103052914717779	0.00891053819650707
ccaja_seguridad	0.00311901790343212	0.0121480698257894	0.0030295829868124
internet	0.0031038317629974	0.00743463764462333	0.00356421527860283
ccajas_transacciones	0.00306783591698883	0.004360628887194	0.00196031840323156
Master_mconsumospesos	0.00305239054392721	0.00779110117864305	0.00718783414518237
mextraccion_autoservicio	0.00296696924990665	0.0110928169009144	0.00908874896043721
ccajas_consultas	0.00279338551109707	0.0115987002030061	0.00297017939883569
mtarjeta_master_consumo	0.00278423190407009	0.00182367075713743	0.00279196863490555
Master_mpagominimo	0.00276700942682694	0.00514595817230184	0.00564334085778781
mpagomiscuentas	0.00276669432505546	0.00449894211437122	0.00659379826541523
Visa_mconsumosdolares	0.00269147481537596	0.00640168168203891	0.00641558750148509
ctarjeta_visa_debitos_automaticos	0.00257066651923455	0.00438204510422305	0.00695021979327551
cextraccion_autoservicio	0.00254392615108758	0.0044273138855629	0.00522751574195081
Master_status	0.00227718226734107	0.0154689217405601	0.00374242604253297
cmobile_app_trx	0.00226533491112056	0.00449778113198109	0.00409884757039325
ctarjeta_visa	0.00214551920205878	0.00518806046472543	0.00231673993109184
ctransferencias_emitidas	0.00199708235595338	0.00780918695850371	0.00594035879767138
ccallcenter_transacciones	0.00195562882506568	0.00709790318573568	0.0030295829868124
cpagomiscuentas	0.00194849090219527	0.00852319112843218	0.00546513009385767
ccajas_otras	0.00159781426637211	0.00726742567844456	0.00166330046334799
ccuenta_debitos_automaticos	0.00145328482878209	0.00262081194189918	0.00362361886657954
ctarjeta_debito	0.00137904274076908	0.0020233921366148	0.00368302245455626
Visa_fultimo_cierre	0.00120259662266185	0.00285430094219154	0.00297017939883569
matm	0.00118706170782433	0.00312045186578449	0.00356421527860283
Master_cconsumos	0.00118497108072455	0.00298113779171923	0.00338600451467269
cseguro_vida	0.000890614652497157	0.00771464982102189	0.00190091481525484
Visa_msaldodolares	0.000849294074447841	0.00780765613935876	0.00201972199120827
ctarjeta_master_transacciones	0.000805309073679478	0.00101774308988619	0.00142568611144113
Master_fultimo_cierre	0.000784203780916619	0.00123731173974717	0.00207912557918498
cplazo_fijo	0.000766841222892028	0.00605120988472227	0.00160389687537127
Master_mconsumototal	0.000758812899438405	0.00360602846111155	0.00255435428299869
catm_trx	0.000741356204656724	0.00101091826729727	0.00190091481525484
ccajas_depositos	0.000734833939153098	0.00998574870286431	0.00207912557918498
matm_other	0.000607832170246183	0.00317377508160429	0.0017227040513247
Visa_Finiciomora	0.000594874175145443	0.00745374333512228	0.00142568611144113
Master_mconsumosdolares	0.000544463524982244	0.000477661326223927	0.000653439467743852
Visa_mpagado	0.000526722852639838	0.00633759316645384	0.00178210763930141
mplazo_fijo_dolares	0.000510374502477719	0.00329458397330343	0.00112866817155756
Visa_mpagosdolares	0.000400830431273833	0.00212785576885096	0.00160389687537127
mcaja_ahorro_adicional	0.000362827887696467	0.00611248459077067	0.0013068789354877
active_quarter	0.000360734128380735	0.00111702900755489	0.000772246643697279
ctarjeta_master	0.000328726325604288	0.000630224706711828	0.000534632291790424
catm_trx_other	0.000279689259322612	0.00149757577726341	0.00112866817155756
mttarjeta_master_debitos_automaticos	0.000279538777970973	0.00370784413843821	0.00100986099560413
cseguro_vivienda	0.000256525054093483	0.000569520006795846	0.00047522870381371
tcuentas	0.000233468497278702	0.00603130542308791	0.00118807175953428
ccajas_extracciones	0.000164185660894429	0.0036736914298682	0.0013068789354877
Master_mpagosdolares	0.000161966063417851	0.000175346468409765	0.00047522870381371
cseguro_auto	0.000135639636627788	0.00125578260736285	0.000237614351906855
ctarjeta_master_debitos_automaticos	0.000113549730480924	0.0012185339457525	0.00047522870381371
Visa_delinquency	0.000103717504761013	0.00133330725412299	0.00047522870381371
cseguro_accidentes_personales	0.000103495952764864	0.00123522044634492	0.000356421527860283
mforex_sell	8.78485654378009e-05	0.000910562873239634	0.000653439467743852
Master_mpagado	8.15626168200975e-05	0.000830674321448687	0.000297017939883569
Master_delinquency	1.76262658943074e-05	1.40156691826242e-05	5.94035879767138e-05
Visa_madelantodolares	1.11504582898075e-05	2.14772210298482e-05	5.94035879767138e-05
cforex_sell	7.48269752319542e-06	0.000222296672521526	0.000178210763930141
cforex	6.62228492861079e-06	0.00012533843875816	0.000118807175953428
