Feature	Gain	Cover	Frequency
ctrx_quarter	0.294962543667214	0.0434192163346612	0.0398618957940992
mcuentas_saldo	0.146446142126288	0.0342416692120961	0.0351537978656623
cpayroll_trx	0.0608038561905075	0.0204104127173007	0.00470809792843691
mpasivos_margen	0.0392573006300905	0.029481492827601	0.0329566854990584
mpayroll	0.0223811605850708	0.0306628362892371	0.0116133082234777
mtarjeta_visa_consumo	0.0171488845101356	0.0183629432730418	0.0241682360326428
mrentabilidad_annual	0.0151332459092314	0.0183301871813121	0.0244821092278719
chomebanking_transacciones	0.0151144745263981	0.0258057645618281	0.0238543628374137
mcaja_ahorro	0.0145601506883776	0.0203655333745394	0.0329566854990584
cliente_edad	0.0143761586498511	0.0299655162154764	0.032015065913371
Visa_mpagominimo	0.0140253726922503	0.0179593529929723	0.0204017576898933
mcomisiones	0.0115380969924807	0.0116343446676275	0.0216572504708098
mrentabilidad	0.0113138505659544	0.0142272826951614	0.0210295040803515
mactivos_margen	0.0112690579065282	0.013903283630465	0.019774011299435
Master_fechaalta	0.0109975549971805	0.017884735419048	0.0273069679849341
Visa_fechaalta	0.0106225524888901	0.0123338536617133	0.0229127432517263
mtransferencias_recibidas	0.0105620322262068	0.0180241139493377	0.0138104205900816
Master_Fvencimiento	0.0103382851178086	0.0142739494403183	0.0279347143753923
mprestamos_personales	0.0101622395183546	0.0146624374653634	0.00847457627118644
Visa_mpagospesos	0.00948652692381116	0.0146480087242852	0.0213433772755807
mcomisiones_mantenimiento	0.00947593878087203	0.0164392967773536	0.017263025737602
numero_de_cliente	0.00930994966714936	0.0166047869252499	0.0219711236660389
Visa_msaldototal	0.00860996438990934	0.00431011364213766	0.00941619585687382
mcuenta_corriente	0.00843189972276606	0.0141206084478362	0.0169491525423729
Visa_Fvencimiento	0.00822255536255975	0.0118451156762145	0.0188323917137476
Master_mfinanciacion_limite	0.00806698589759743	0.0115544555518551	0.0194601381042059
Visa_mconsumospesos	0.00792909633379996	0.0127743447347199	0.0229127432517263
ctarjeta_visa_transacciones	0.00768101973973689	0.0190027815219325	0.0204017576898933
cliente_antiguedad	0.00711444079169481	0.00843771795704621	0.0169491525423729
Visa_status	0.00702299402359507	0.0106982120911736	0.00408035153797866
Visa_msaldopesos	0.00686510408330298	0.0115376695119652	0.0141242937853107
mcomisiones_otras	0.00566804155640016	0.00753856388667698	0.0163214061519146
Master_status	0.00557680445057953	0.0193560136823322	0.0034526051475204
mautoservicio	0.00557464063024864	0.0123756244785691	0.0178907721280603
Master_mpagospesos	0.00548850838367093	0.0176360015378396	0.0116133082234777
ccomisiones_mantenimiento	0.00525630748953872	0.0122824205101679	0.00816070307595731
mtransferencias_emitidas	0.00493451689617811	0.0111420577817199	0.0141242937853107
ccomisiones_otras	0.00483732370582084	0.00676226135053302	0.0106716886377903
Visa_mfinanciacion_limite	0.00467648734062163	0.00919280480388485	0.0131826741996234
mcuenta_debitos_automaticos	0.00458080471017435	0.0140706000373308	0.00878844946641557
Visa_cconsumos	0.00453142262055002	0.00811855005969471	0.0125549278091651
internet	0.00442204887361946	0.0143433343289683	0.00533584431889517
cproductos	0.00391994918370361	0.00723885018061766	0.00564971751412429
mcaja_ahorro_dolares	0.00368535420904224	0.00458836556725747	0.0103578154425612
tmobile_app	0.00362075347461974	0.013262577584759	0.00219711236660389
Master_msaldototal	0.00354837758108967	0.0090498255644212	0.00596359070935342
cprestamos_personales	0.00350959002752844	0.0105968482422704	0.00408035153797866
tcallcenter	0.00333504007191933	0.00757372908598342	0.00408035153797866
ccajas_transacciones	0.00333334228104091	0.00441255252291654	0.00282485875706215
Master_mpagominimo	0.00331740235632186	0.00840397749877981	0.00753295668549906
ccajas_consultas	0.00324070611625735	0.0153675029495054	0.00376647834274953
mttarjeta_visa_debitos_automaticos	0.00322179464407104	0.00528940291991351	0.0106716886377903
ctarjeta_visa	0.00319409820660252	0.00444191514053264	0.00188323917137476
ccaja_ahorro	0.00301337151091193	0.0120580756051267	0.00564971751412429
ccaja_seguridad	0.00297525911664646	0.00906693540909295	0.00219711236660389
thomebanking	0.00274821061367716	0.00330159126865846	0.00313873195229127
Master_mlimitecompra	0.00273808586621767	0.00443558151900009	0.00753295668549906
mextraccion_autoservicio	0.00265303668501057	0.0081058957688209	0.0112994350282486
Visa_mconsumototal	0.00262838899793586	0.00377083620629126	0.00596359070935342
Visa_fultimo_cierre	0.00257844224751415	0.00396071533035477	0.00627746390458255
ctarjeta_debito_transacciones	0.00255178004568602	0.0100065780293819	0.0153797865662272
mpagomiscuentas	0.00243567491094926	0.00417658950230337	0.00753295668549906
Visa_mlimitecompra	0.002295951497035	0.00367195917811249	0.00627746390458255
ctransferencias_recibidas	0.00225882181372768	0.00805845189218757	0.00627746390458255
ccallcenter_transacciones	0.00219716134294746	0.00639786440125588	0.00282485875706215
mtarjeta_master_consumo	0.00216544544431277	0.00135441064142709	0.00251098556183302
ctarjeta_visa_debitos_automaticos	0.00213086098660141	0.00483322674327525	0.00659133709981168
Master_msaldopesos	0.00210667574838777	0.003275673933921	0.00721908349026993
Visa_mconsumosdolares	0.00207209674837476	0.00392263588801188	0.00376647834274953
ccajas_otras	0.00199582256927576	0.00197959996198791	0.000627746390458255
cdescubierto_preacordado	0.00198657580599291	0.0149849081714896	0.0034526051475204
ctransferencias_emitidas	0.00186711290895015	0.00726269516475142	0.00564971751412429
cextraccion_autoservicio	0.00179613912475169	0.00525710015487842	0.00659133709981168
Master_mconsumospesos	0.00170099052422637	0.0024553987084049	0.00376647834274953
ccuenta_debitos_automaticos	0.00147946234798853	0.00219395872755756	0.00313873195229127
cpagomiscuentas	0.00137997913427384	0.00494168839299611	0.0034526051475204
matm	0.00133339124012851	0.00171929977397261	0.00408035153797866
cmobile_app_trx	0.00116095770113295	0.00114124347745457	0.00282485875706215
Master_delinquency	0.00102262576173998	0.000233333725784729	0.000627746390458255
cseguro_vida	0.000954759766054593	0.00460578626451978	0.00125549278091651
Visa_msaldodolares	0.000940276515284649	0.00575884214041541	0.00188323917137476
ctarjeta_debito	0.000913080132863814	0.00156766847073853	0.00251098556183302
mplazo_fijo_dolares	0.000757837774313106	0.00814239504382847	0.00156936597614564
mcaja_ahorro_adicional	0.000745482039687198	0.00555375714379729	0.00125549278091651
ccajas_depositos	0.000648896711907735	0.00954515621527801	0.00156936597614564
Master_cconsumos	0.000639923428461535	0.00166758167421915	0.0034526051475204
matm_other	0.000586988159217102	0.00475179631674133	0.00188323917137476
catm_trx	0.000578641801124342	0.000721061440364232	0.00188323917137476
Visa_mpagosdolares	0.00048959133489354	0.00205303888650633	0.00282485875706215
Visa_mpagado	0.000430804949047087	0.00141296749817274	0.000941619585687382
Master_mconsumototal	0.000423950385408715	0.00131445313134961	0.000941619585687382
mcheques_depositados	0.000405308365766885	0.00639897828970537	0.000941619585687382
cseguro_auto	0.000402354865126669	0.00594140327640962	0.000941619585687382
catm_trx_other	0.000314146433746731	0.00143283615958566	0.000941619585687382
cplazo_fijo	0.000311472011319013	0.00121487668484209	0.000313873195229127
Master_fultimo_cierre	0.000288884696352596	0.000328856136423773	0.000941619585687382
active_quarter	0.000182163355839288	0.000159014052259734	0.000313873195229127
minversion2	0.000178694982195359	0.00418642021547965	0.000941619585687382
Master_mconsumosdolares	0.000168487546038331	5.45416774509849e-05	0.000313873195229127
mttarjeta_master_debitos_automaticos	0.000167357583928353	0.000749646926503943	0.000313873195229127
tcuentas	0.000161466272949172	0.00279337318748492	0.000627746390458255
Master_mpagado	0.000152726670984633	0.000414716212373091	0.000313873195229127
Master_mpagosdolares	0.000126695146089263	6.06551117318837e-05	0.000313873195229127
ctarjeta_master	0.000123646657276746	0.00146710765769426	0.000313873195229127
cseguro_vivienda	0.000112816976975663	0.000461758571076956	0.000313873195229127
Visa_Finiciomora	0.00010799926021093	0.00161828563423377	0.000313873195229127
cforex	0.000107148325043274	0.00174607195333408	0.000313873195229127
mcheques_emitidos	0.000103875315181409	0.00213299276323512	0.000313873195229127
minversion1_pesos	9.82498880758159e-05	0.00301878017221052	0.000941619585687382
Master_cadelantosefectivo	8.92958937698844e-05	7.73116297090784e-05	0.000313873195229127
mforex_sell	8.78459569376189e-05	0.00273381901201125	0.00156936597614564
ctarjeta_master_transacciones	8.48086694376751e-05	7.85161834974758e-05	0.000313873195229127
Master_madelantopesos	7.24420883213582e-05	0.000227829044493665	0.000313873195229127
ccajas_extracciones	6.41968138550673e-05	0.00143972672534294	0.000627746390458255
mtarjeta_master_descuentos	2.6120154345222e-06	0.000418420539077195	0.000313873195229127
cforex_sell	1.27162305534452e-12	0.000217493195857739	0.000313873195229127
