Feature	Gain	Cover	Frequency
rf_004_022	0.19111161162234	0.00536091181669465	0.00494612259318142
mcaja_ahorro_rank	0.0915928770137566	0.00553573932570851	0.00335629747394453
rf_018_027	0.060334032002021	0.00251997643631386	0.003003003003003
mpayroll_sobre_edad_rank	0.032446247032043	0.00174461745825369	0.000883236177353824
mtarjeta_visa_consumo_rank_lag1	0.0301673708055967	0.000910190014667127	0.000883236177353824
rf_007_026	0.0263863763131876	0.00172767423327771	0.00194311959017841
rf_006_019	0.0260250646277642	0.00234085103521878	0.0035329447094153
mcuentas_saldo_rank	0.0253784327965883	0.0051023188721832	0.00362126832715068
vm_status01	0.0247589815678195	0.00220538051448851	0.00123653064829535
rf_020_025	0.0178118332115718	0.00236678506549648	0.0035329447094153
vm_status02_tend6	0.0146870435532508	0.0026426735721101	0.00123653064829535
rf_010_015	0.0127616044780492	0.00256878754545937	0.0020314432079138
foto_mes	0.0103281319255782	0.00924576855295785	0.00750750750750751
cpayroll_trx	0.0100838066390727	0.000683301979002514	0.000264970853206147
rf_016_022	0.00907361784552343	0.000550259014507346	0.000264970853206147
mtarjeta_visa_consumo_rank	0.0087089379240595	0.00123496646164982	0.000971559795089207
cdescubierto_preacordado	0.0086449240055779	0.00796731096233889	0.00406288641582759
ccomisiones_mantenimiento_tend6	0.00826813720149666	0.00336357473413005	0.0015015015015015
mprestamos_personales_rank	0.00716087870332716	0.00921296084442749	0.00406288641582759
cproductos_delta2	0.00715638198531977	0.000911069305336685	0.00035329447094153
Visa_mconsumospesos_rank	0.00645924770500799	0.00367927112742004	0.00538774068185833
ctrx_quarter_normalizado_delta2	0.00612983358422253	0.00321706767976184	0.00379791556262144
mautoservicio_rank	0.00599286510701838	0.0022163223672247	0.00123653064829535
mpasivos_margen_rank	0.00588365579909758	0.00367433375121551	0.00256138491432609
mprestamos_personales_rank_lag1	0.00578234757499657	0.00418009196582601	0.00211976682564918
mcuenta_corriente_rank_lag1	0.00561435128000065	0.00421451701041582	0.00273803214979686
cdescubierto_preacordado_delta2	0.00519135987498459	0.000683301979002514	0.000264970853206147
rf_017_021	0.00512150453367545	0.00136568198332238	0.000883236177353824
mv_status07_rank_tend6	0.00474925602855815	0.00159703166246386	0.00070658894188306
mrentabilidad_annual_rank_lag2	0.00429898555167974	0.0041132410406047	0.00582935877053524
mprestamos_personales_rank_delta2	0.00409311195656471	0.00312021920621711	0.00176647235470765
ctrx_quarter_tend6	0.00405064818090764	0.00115893381717737	0.00141317788376612
mcuenta_corriente_rank	0.0039601082745618	0.00416629959708868	0.00370959194488606
mpayroll_rank	0.00379731555110574	0.0027035968520233	0.00132485426603074
rf_007_015	0.00367279875957505	0.00109335642769194	0.00158982511923688
mcuentas_saldo_rank_delta2	0.00359787764160363	0.00437055889723434	0.00538774068185833
mpasivos_margen_rank_lag1	0.00343016910976823	0.00196267455964743	0.00211976682564918
mcuentas_saldo_rank_tend6	0.00342338316460761	0.00375268374956201	0.00406288641582759
mtarjeta_visa_consumo_rank_delta2	0.00341290420808336	0.00200728245761348	0.00167814873697227
cproductos_tend6	0.00338844011184277	0.00381875161716144	0.0015015015015015
mactivos_margen_rank	0.00323348793272989	0.00498768901486009	0.00388623918035683
Visa_mpagominimo_rank	0.00313195883404145	0.00634169342827529	0.00618265324147677
thomebanking	0.00295970069113995	0.00305916787426466	0.0050344462109168
ctrx_quarter_normalizado_tend6	0.00283677995293743	0.00270449942488182	0.00238473767885533
ctrx_quarter_normalizado_delta1	0.00273632882971358	0.00116190152019625	0.00070658894188306
mprestamos_personales_rank_lag2	0.00273026007132487	0.00418674368721063	0.00185479597244303
mrentabilidad_annual_rank	0.00260361052104204	0.00455931381168147	0.00459282812223989
ccomisiones_mantenimiento_delta2	0.00252596432201643	0.000455534652668343	0.000176647235470765
mcuenta_corriente_rank_delta2	0.00251144230022118	0.00222977559207623	0.00141317788376612
mcomisiones_mantenimiento_rank	0.0022778824718141	0.0023994934366873	0.00229641406111994
rf_003_018	0.00226151041145964	0.00170636792609143	0.00264970853206147
Visa_cconsumos_tend6	0.00214612724295492	0.00284446573629943	0.00476947535771065
mcuenta_debitos_automaticos_rank	0.00210159081235138	0.0017410816698243	0.000883236177353824
rf_011_026	0.00207236439471774	0.000231269743626065	0.00035329447094153
mtarjeta_visa_consumo_rank_delta1	0.00204494864631418	0.00186216379777998	0.00114820703055997
mttarjeta_visa_debitos_automaticos_rank_tend6	0.00204283400384598	0.00234771462452291	0.00141317788376612
rf_001_022	0.0020399749863768	0.00160906312164318	0.00273803214979686
ctarjeta_visa_transacciones_tend6	0.0020166447850667	0.0024296027395177	0.00158982511923688
rf_013_026	0.00201166664035623	0.00393581911966821	0.00229641406111994
ccaja_seguridad_lag2	0.00195960238136144	0.00113883663167086	0.000441618088676912
mrentabilidad_annual_rank_delta1	0.0018005883070027	0.0034104053050684	0.0050344462109168
mcomisiones_rank_lag2	0.00179676289197333	0.00359501754202735	0.00644762409468292
ctrx_quarter_delta1	0.00177304251469289	0.00249175143864293	0.00132485426603074
ccaja_ahorro	0.00173831350265972	0.0063774851373568	0.00247306129659071
vm_status06_delta2	0.00172978072307331	0.000227767326334171	8.83236177353824e-05
internet	0.00171061738635795	0.00139886220687604	0.000794912559618442
tcallcenter	0.00164409866022728	0.00328680559641364	0.00194311959017841
Master_fechaalta	0.00161848772883871	0.00357962103047099	0.0050344462109168
Visa_fechaalta_tend6	0.00160805539065107	0.00115931797329514	0.00132485426603074
mrentabilidad_annual_rank_delta2	0.00160417875344407	0.00457039846184325	0.00688924218335983
mactivos_margen_rank_delta2	0.00157608707691515	0.00349297558819959	0.00565271153506448
mcuentas_saldo_rank_delta1	0.00156344142141783	0.00326537356540701	0.00335629747394453
mprestamos_personales_rank_tend6	0.00152244212927689	0.00252824161339311	0.00132485426603074
mrentabilidad_rank_delta2	0.00147139556061403	0.00397732117362758	0.00644762409468292
mrentabilidad_rank_lag2	0.00145525435010454	0.00277552717480177	0.00388623918035683
vm_fechaalta	0.00141729105634739	0.00331673252209723	0.00415121003356298
mrentabilidad_annual_rank_lag1	0.00137199308965348	0.00279291276136791	0.00362126832715068
Master_delinquency	0.00135060302245025	0.00381576218409954	0.00264970853206147
mcomisiones_otras_rank_lag1	0.00134010420834733	0.00249497291752143	0.00406288641582759
rf_018_025	0.00132150697703079	0.00166251359497458	0.00123653064829535
mcuenta_corriente_rank_tend6	0.00131141927200783	0.00467798080056949	0.00335629747394453
Master_mlimitecompra_rank_tend6	0.00130298293101239	0.0040837937280136	0.00662427133015368
mcuenta_corriente_rank_lag2	0.00127575503405934	0.00381106771873312	0.00344462109167992
mcomisiones_rank_delta2	0.00126760893100327	0.00363484715874674	0.00609432962374139
Master_fechaalta_lag1	0.00124966322875616	0.00301772092148582	0.00468115173997527
Visa_mpagospesos_rank	0.00122999085959726	0.00314970609852944	0.00468115173997527
Visa_msaldopesos_rank_delta2	0.00122362410898322	0.0016703759901849	0.00282635576753224
Visa_mpagominimo_rank_lag1	0.00121838723906443	0.0028522132727109	0.00370959194488606
rf_004_021	0.00121196709888906	0.00156567909074323	0.00070658894188306
vmr_mpagominimo	0.00119981017961827	0.00150938198177552	0.00158982511923688
rf_010_019	0.00118967300995526	0.00193442627978755	0.00220809044338456
rf_012_027	0.00118916950126102	0.00278325065295132	0.00476947535771065
vmr_mpagominimo_delta2	0.00118307244010888	0.00321744252300402	0.0020314432079138
Visa_cconsumos	0.00117536355491536	0.00237335685136569	0.00326797385620915
Visa_mpagospesos_rank_tend6	0.00117192619769194	0.00300797422111602	0.00538774068185833
Visa_fechaalta_lag1	0.00115658158296062	0.00208348350991937	0.003003003003003
thomebanking_lag2	0.00115422168948337	0.00376224419242016	0.00741918388977213
cprestamos_personales_tend6	0.00114733935898712	0.00225115252190234	0.000883236177353824
mcomisiones_rank	0.00114666577324017	0.00191458985479734	0.00317965023847377
vm_mpagominimo_rank	0.00112274761056353	0.00165974844699961	0.0015015015015015
ctarjeta_visa_transacciones_delta2	0.00111761194573016	0.00314938170002999	0.00167814873697227
vm_mpagominimo_rank_lag1	0.00111092411072137	0.00173100203415243	0.00132485426603074
tcallcenter_delta2	0.00109650312644822	0.00108408080361201	0.00070658894188306
Visa_mconsumospesos_rank_lag1	0.00108831837416224	0.0027016217463269	0.00370959194488606
mtarjeta_visa_consumo_rank_tend6	0.00108099772493013	0.00134113401936052	0.000971559795089207
mcomisiones_rank_tend6	0.00107905230960354	0.00263137627795586	0.00326797385620915
mcomisiones_otras_rank_lag2	0.00107748251368043	0.0023802809743611	0.00441618088676912
cmobile_app_trx_lag2	0.0010668571449216	0.00250033325349198	0.00291467938526762
mactivos_margen_rank_lag1	0.00104848111637414	0.00494804875994421	0.00397456279809221
rf_017_016	0.00104788802305356	0.00172449854270416	0.00220809044338456
mpayroll_sobre_edad_rank_lag2	0.0010464898803098	0.00295302903125367	0.0015015015015015
mpasivos_margen_rank_lag2	0.00104056994592466	0.00259271465104908	0.00362126832715068
thomebanking_lag1	0.0010080822548887	0.00217967387358962	0.00450450450450451
cproductos_delta1	0.00100112732203027	0.000683301979002514	0.000264970853206147
Visa_fultimo_cierre_tend6	0.000996711612488542	0.00149243565250767	0.00185479597244303
cliente_edad_lag2	0.000989871934558543	0.00298116710875249	0.00309132662073839
mactivos_margen_rank_delta1	0.000983425658925574	0.0037011284464116	0.0050344462109168
mrentabilidad_rank	0.000969619658282831	0.00347071238304724	0.00388623918035683
rf_005_013	0.000963004148500134	0.000703118226095628	0.000883236177353824
Visa_mfinanciacion_limite_rank	0.000962669069348659	0.00229643405120217	0.00264970853206147
chomebanking_transacciones_delta1	0.000961585430446059	0.00289191018095324	0.00264970853206147
Master_mfinanciacion_limite_rank_tend6	0.000961249421993743	0.00426168905345885	0.00591768238827062
Visa_msaldopesos_rank	0.000959641512393025	0.00167281441144152	0.00220809044338456
mcomisiones_otras_rank_delta2	0.000937993791117669	0.00287301435639684	0.00547606429959371
Visa_msaldototal_rank_lag2	0.000936895405822585	0.00149260173212222	0.00256138491432609
ccomisiones_otras_lag2	0.000933400213117147	0.00203210049496723	0.00194311959017841
mrentabilidad_rank_delta1	0.000931041683664631	0.00259827288562576	0.00441618088676912
cproductos_lag2	0.000916325983584536	0.000443420153681756	0.000176647235470765
mprestamos_personales_rank_delta1	0.000915141134924453	0.00217114405562923	0.00114820703055997
Visa_msaldototal_rank	0.00091081215019448	0.00168855549939443	0.00211976682564918
chomebanking_transacciones_lag2	0.000906542822530692	0.00307111551756373	0.00406288641582759
mcuentas_saldo_rank_lag2	0.0008946812533838	0.00465492677706561	0.00415121003356298
mpasivos_margen_rank_tend6	0.00088862812017951	0.00162249151215983	0.00167814873697227
cliente_edad_lag1	0.00087721585505824	0.00243727034041376	0.00238473767885533
Master_fechaalta_lag2	0.000873932707982452	0.00315630504695243	0.00423953365129836
Master_mlimitecompra_rank_delta2	0.000870301832555861	0.00327245445514138	0.00556438791732909
Visa_mconsumospesos_rank_lag2	0.000870141635744746	0.00348080598803248	0.00485779897544604
Visa_fechaalta	0.000855871292880498	0.0025389917761069	0.0035329447094153
Visa_mconsumototal_rank_tend6	0.000851137254205175	0.00208267251367075	0.00415121003356298
Master_Fvencimiento_tend6	0.000845760217127559	0.00178462169139025	0.00273803214979686
Master_Fvencimiento_lag2	0.000844437895790122	0.00293487746067088	0.00432785726903374
Visa_cconsumos_lag2	0.000843142808828883	0.00191079330585164	0.00238473767885533
ctrx_quarter_delta2	0.000832697520282525	0.00125584748085117	0.00176647235470765
Visa_mfinanciacion_limite_rank_tend6	0.000828866348672485	0.00324016128298694	0.00450450450450451
Visa_Fvencimiento	0.000811947639299276	0.00266018643464254	0.0035329447094153
ctrx_quarter_normalizado_lag2	0.000802711055024593	0.00207801995624445	0.00247306129659071
Master_mlimitecompra_rank	0.000802170245909369	0.00312703623114332	0.00476947535771065
Visa_msaldototal_rank_lag1	0.000800907684837371	0.00158735170436907	0.00256138491432609
numero_de_cliente	0.000794366373656299	0.00299613833232394	0.0035329447094153
rf_004_019	0.000788328663600773	0.00171487446186286	0.00282635576753224
Visa_mconsumosdolares_rank	0.000776263258282321	0.00231048640438283	0.00326797385620915
Master_mfinanciacion_limite_rank	0.000771462207780323	0.00433367525349081	0.00494612259318142
mtransferencias_recibidas_rank	0.000771297130261492	0.00261551489869334	0.00167814873697227
tcallcenter_delta1	0.000767102984880117	0.00072643456226174	0.00035329447094153
mcomisiones_rank_lag1	0.000765922399929824	0.00207742160398829	0.00317965023847377
mcaja_ahorro_dolares_rank	0.000764203648585278	0.00275219764539524	0.00194311959017841
Visa_mlimitecompra_rank_delta2	0.000763014172040232	0.00436368909934649	0.00521109344638756
cproductos	0.000761875969123757	0.0041535161232061	0.00185479597244303
vmr_mpagominimo_delta1	0.000759922321791586	0.000957816836467758	0.000794912559618442
mactivos_margen_rank_lag2	0.000759845264669665	0.002833284077017	0.00388623918035683
mcomisiones_otras_rank_tend6	0.000755600158037608	0.00189876184667233	0.0020314432079138
cliente_antiguedad_lag2	0.000754238570361135	0.00319263612674475	0.0035329447094153
vm_fechaalta_lag2	0.00075275895800535	0.00253526274550917	0.00326797385620915
cliente_edad	0.000752465333538154	0.00253614746868948	0.00238473767885533
mpagomiscuentas_rank	0.000751083069786088	0.0017942845758798	0.000883236177353824
mcaja_ahorro_rank_tend6	0.000750989432324664	0.00336361664207017	0.00264970853206147
chomebanking_transacciones_delta2	0.000748841844156009	0.00423992641536905	0.00397456279809221
chomebanking_transacciones	0.000743721822690256	0.00333121792399246	0.00335629747394453
rf_009_026	0.000740975256155164	0.00021136502421492	0.000176647235470765
Visa_msaldopesos_rank_lag1	0.000740435958361286	0.00145061385648664	0.00229641406111994
ccajas_transacciones_delta1	0.000739989554032561	0.00163231116338835	0.00070658894188306
Visa_mconsumosdolares_rank_delta2	0.000737603847849661	0.000582599527112666	0.00141317788376612
Visa_fechaalta_lag2	0.000731501239966666	0.00344141330039249	0.00406288641582759
Visa_mlimitecompra_rank_tend6	0.000725167801495223	0.00225600996259145	0.00335629747394453
vm_status02	0.000724989412857774	0.00126360122584636	0.00114820703055997
mpasivos_margen_rank_delta2	0.000724430369615002	0.00225263326911992	0.00379791556262144
mrentabilidad_rank_tend6	0.00072428347353661	0.00293108246387111	0.00317965023847377
Master_mlimitecompra_rank_lag1	0.000723221288041756	0.00229619579680186	0.00388623918035683
Visa_mpagospesos_rank_lag2	0.000719279472959043	0.0028600849807968	0.00441618088676912
Visa_mpagominimo_rank_lag2	0.000716824256040787	0.00225617526613304	0.00326797385620915
mcomisiones_otras_rank_delta1	0.000696977008124504	0.00244581102339565	0.00370959194488606
mrentabilidad_annual_rank_tend6	0.000695313592433867	0.00335548727775983	0.00370959194488606
mcomisiones_mantenimiento_rank_delta1	0.00069385965072742	0.000730563270436541	0.000441618088676912
mtransferencias_recibidas_rank_delta2	0.000693366419081468	0.00308919956979854	0.00282635576753224
vmr_mpagominimo_lag2	0.000691844811090959	0.00289722550469181	0.00247306129659071
Visa_cconsumos_lag1	0.000691211524546175	0.00213049568193157	0.00335629747394453
Master_mfinanciacion_limite_rank_delta2	0.000681298381226694	0.00243546131433191	0.00415121003356298
Master_mlimitecompra_rank_lag2	0.000676019831543297	0.00237069724931399	0.00379791556262144
rf_016_020	0.00066607987215863	0.00149507119629745	0.00229641406111994
vm_fechaalta_lag1	0.00066220072251208	0.00273082614807989	0.00362126832715068
vm_msaldototal_rank	0.000652716478647758	0.0013028255056529	0.00114820703055997
mcomisiones_rank_delta1	0.00065145751549128	0.00236308785389032	0.00335629747394453
internet_lag2	0.000648893036858446	0.000593126180812478	0.00035329447094153
Master_mfinanciacion_limite_rank_lag2	0.000647507681077071	0.00252932501125252	0.00370959194488606
mcaja_ahorro_dolares_rank_delta1	0.00064614518335628	0.0023728974161703	0.00105988341282459
Visa_mpagospesos_rank_delta2	0.000645633279828355	0.00150227315341439	0.00291467938526762
Master_mfinanciacion_limite_rank_lag1	0.000638690217858493	0.0027376656791221	0.00362126832715068
vm_mconsumototal_rank_delta1	0.000637497246481486	0.000648869173683047	0.000794912559618442
Visa_mconsumosdolares_rank_lag2	0.000636977483766883	0.00263935508411096	0.00344462109167992
Visa_mconsumospesos_rank_tend6	0.000633423631273994	0.00169110567515804	0.00309132662073839
Visa_mlimitecompra_rank_delta1	0.000632260520639375	0.00274033381797641	0.00397456279809221
cliente_antiguedad_lag1	0.000629096043620521	0.00274578417841093	0.00291467938526762
vm_Fvencimiento	0.000627951746040283	0.00269041292449069	0.00309132662073839
Master_mlimitecompra_rank_delta1	0.000623454016122362	0.0028029986056235	0.00476947535771065
Master_Fvencimiento	0.000622368953464296	0.00264735406816315	0.00370959194488606
mcomisiones_mantenimiento_rank_lag2	0.000620831164312528	0.0011278249323678	0.0015015015015015
internet_tend6	0.000618911576149768	0.00254558529201914	0.00132485426603074
vmr_msaldopesos2_tend6	0.000611342759145234	0.00259234912068248	0.00167814873697227
ccomisiones_otras_tend6	0.000604304813154005	0.00270821293402024	0.00256138491432609
Visa_mlimitecompra_rank_lag2	0.000600588834693682	0.0019476071030283	0.00291467938526762
mttarjeta_visa_debitos_automaticos_rank_lag2	0.000599281268886971	0.00102127865105009	0.00141317788376612
Visa_mfinanciacion_limite_rank_lag2	0.000596993027288879	0.00188721853738812	0.00273803214979686
Master_status	0.00059639189901061	0.000558920764871811	0.000529941706412295
Visa_cconsumos_delta2	0.000589987513448739	0.00167588533216477	0.00238473767885533
ctarjeta_visa_transacciones_lag2	0.000584374396963641	0.00117895572360626	0.00167814873697227
mpayroll_rank_lag2	0.000581122828185788	0.0028245850751502	0.00123653064829535
mtransferencias_recibidas_rank_lag1	0.000573331753786088	0.00212086772072545	0.0020314432079138
Visa_mpagospesos_rank_delta1	0.00057178564114447	0.00236406570582646	0.00388623918035683
mpasivos_margen_rank_delta1	0.000567491581306656	0.00240899877836492	0.00344462109167992
vm_mpagospesos_rank_tend6	0.000567480385501264	0.00114970320532942	0.00132485426603074
rf_017_018	0.00056208835460458	0.000659890961934649	0.000794912559618442
mcomisiones_otras_rank	0.000561366547656227	0.00205495739593795	0.00317965023847377
ctrx_quarter	0.00055991217889693	0.0026380186864649	0.00176647235470765
Visa_fultimo_cierre_lag2	0.000559781800495422	0.00171764271412968	0.0020314432079138
vm_mpagominimo_rank_tend6	0.000558874656651167	0.0013850100805204	0.000971559795089207
vmr_mpagominimo_tend6	0.000557285112406464	0.00128591332359552	0.000971559795089207
mtransferencias_recibidas_rank_lag2	0.000540623525088704	0.00188959487280752	0.00229641406111994
vm_Fvencimiento_tend6	0.00053984953757297	0.00139518517316698	0.00176647235470765
Visa_mconsumototal_rank_delta2	0.000535963114706256	0.00162400330229601	0.00273803214979686
rf_002_026	0.000534889889226003	0.000850251571346752	0.000529941706412295
mtransferencias_emitidas_rank	0.000530242699614357	0.00239587771274248	0.0015015015015015
Visa_mlimitecompra_rank	0.000525525801138256	0.00186317502085362	0.00247306129659071
Master_mpagominimo_rank_lag2	0.000523111856496078	0.000958785375528313	0.00114820703055997
chomebanking_transacciones_lag1	0.000518002972434788	0.00165425462647905	0.00238473767885533
Visa_mpagominimo_rank_delta1	0.000517475207908968	0.00193837416296146	0.00211976682564918
mcaja_ahorro_rank_lag1	0.000502030123123186	0.00257257633367542	0.00185479597244303
Visa_msaldopesos_rank_tend6	0.000501229322856914	0.00182020774113598	0.00211976682564918
Visa_msaldopesos_rank_lag2	0.000500052314853051	0.00192647696440512	0.00220809044338456
vm_mpagominimo_rank_lag2	0.00049806019841838	0.00139745208229829	0.00132485426603074
Visa_Fvencimiento_lag2	0.000497651154900359	0.00167737849654979	0.00273803214979686
vmr_msaldopesos2_lag1	0.000495303508382093	0.000949344447906799	0.00123653064829535
Visa_mpagospesos_rank_lag1	0.000489830756415457	0.00191408928773479	0.00335629747394453
rf_009_015	0.000488086006618735	0.00138865607131085	0.00194311959017841
Master_Fvencimiento_lag1	0.000487601731213025	0.00171924996124059	0.00291467938526762
mrentabilidad_rank_lag1	0.000481635151847821	0.00206568194824389	0.00220809044338456
Visa_mpagominimo_rank_delta2	0.000480803002625642	0.00239987526458617	0.00264970853206147
vmr_msaldopesos_lag2	0.000480773672795052	0.000919554111065087	0.00114820703055997
Visa_Fvencimiento_lag1	0.000478687311773945	0.00226946861995374	0.0035329447094153
Visa_mconsumospesos_rank_delta2	0.000476484585291277	0.00212216997116104	0.00309132662073839
mpayroll_rank_tend6	0.000470603818120711	0.00372557629696095	0.00167814873697227
ccallcenter_transacciones_tend6	0.000469447666098873	0.00105055677973478	0.000618265324147677
vmr_Master_mlimitecompra	0.00046855524673886	0.000937001783468447	0.00132485426603074
vm_Fvencimiento_lag2	0.000468124008903094	0.00203029069281241	0.00282635576753224
Visa_Fvencimiento_tend6	0.000466308601881361	0.00151635422129477	0.00158982511923688
Visa_mfinanciacion_limite_rank_delta2	0.000465133133199722	0.0017368124924428	0.003003003003003
Master_mpagominimo_rank	0.000464696911751731	0.00106981192607406	0.00132485426603074
mcaja_ahorro_dolares_rank_delta2	0.000463933487985493	0.00285355277464882	0.00158982511923688
mautoservicio_rank_lag2	0.000460410499973342	0.00135447781792396	0.00176647235470765
vm_Fvencimiento_lag1	0.000458531229034167	0.00282194875528746	0.00273803214979686
ctarjeta_visa_transacciones_delta1	0.000457039101832758	0.000911069305336685	0.00035329447094153
mactivos_margen_rank_tend6	0.000455087709470955	0.00171845991896203	0.00211976682564918
ctrx_quarter_lag2	0.000454781655518196	0.00148559456931953	0.00158982511923688
rf_014_025	0.000446166981918635	0.00205547891697056	0.00256138491432609
Master_fultimo_cierre_delta1	0.000442469636511559	0.00121912758850329	0.00132485426603074
vm_mlimitecompra_rank_delta2	0.000440324087229833	0.0028042713652864	0.00256138491432609
ctrx_quarter_normalizado_lag1	0.000439025289864916	0.00107772243780822	0.000794912559618442
vm_mfinanciacion_limite_rank_tend6	0.000438073237789539	0.00438311110137329	0.00264970853206147
rf_009_025	0.000437095662361437	0.00121000640294344	0.00123653064829535
Visa_msaldopesos_rank_delta1	0.000436642991581432	0.00127828685456662	0.00176647235470765
Visa_mfinanciacion_limite_rank_delta1	0.000435119362255841	0.00222447035728621	0.00344462109167992
Master_mfinanciacion_limite_rank_delta1	0.00043442127975375	0.00196679007458182	0.00335629747394453
cliente_antiguedad	0.00043385874590322	0.00188843076335974	0.00229641406111994
Visa_mfinanciacion_limite_rank_lag1	0.000433802153698072	0.00132505611574072	0.00256138491432609
Visa_mpagado_rank_tend6	0.00043291636830481	0.000914011397947714	0.000971559795089207
Master_mpagominimo_rank_lag1	0.000428897584561799	0.00162641378492589	0.00185479597244303
mcuentas_saldo_rank_lag1	0.000427199297407961	0.00351378055225036	0.00229641406111994
mautoservicio_rank_delta2	0.000425855056764705	0.00167767650856842	0.00114820703055997
Visa_mlimitecompra_rank_lag1	0.000422267996935202	0.00143875390943264	0.00256138491432609
Visa_msaldototal_rank_delta1	0.000421610784318895	0.00192766590818779	0.00185479597244303
Visa_mpagominimo_rank_tend6	0.000416868122888419	0.00234977354609955	0.00238473767885533
Master_fultimo_cierre_tend6	0.000413710318002111	0.00115731337682606	0.00185479597244303
Visa_mconsumototal_rank_delta1	0.000411109305618327	0.00172592806910603	0.00282635576753224
Visa_mconsumospesos_rank_delta1	0.000400574048029404	0.00152608928057009	0.00282635576753224
ccaja_ahorro_lag1	0.000396659826868848	0.00546641583202011	0.00211976682564918
ctarjeta_debito_transacciones_delta2	0.000392262987961661	0.00104268119128405	0.000529941706412295
vm_msaldopesos_rank_lag1	0.000388156289827319	0.0009547505721823	0.000971559795089207
vm_mlimitecompra_rank_tend6	0.000384153599075949	0.00153780177376071	0.00185479597244303
cmobile_app_trx_tend6	0.000377398151070006	0.00330206241483628	0.00185479597244303
mcaja_ahorro_rank_delta2	0.0003758405802292	0.00258665584940986	0.00194311959017841
mcuenta_debitos_automaticos_rank_lag2	0.000375144755822716	0.00145543792603825	0.000883236177353824
Master_msaldototal_rank	0.000375042775551784	0.00125005875260383	0.00114820703055997
mcaja_ahorro_dolares_rank_lag2	0.000371841058059708	0.00168395881922162	0.00158982511923688
vm_mfinanciacion_limite_rank_lag2	0.000371159515126958	0.00129216148703825	0.00185479597244303
mcaja_ahorro_rank_delta1	0.000370978450448441	0.00303968456247361	0.00211976682564918
mtransferencias_recibidas_rank_tend6	0.000370581142297261	0.00184441888943096	0.00176647235470765
matm_rank_lag2	0.000369410057820735	0.00133650008768538	0.00123653064829535
rf_020_016	0.000366362672834137	0.000951542286544212	0.00070658894188306
vm_cconsumos_delta2	0.000362434818517244	0.000227767326334171	8.83236177353824e-05
vmr_mpagospesos_lag2	0.000361455271410634	0.00110591561648758	0.00141317788376612
vm_mlimitecompra_rank	0.000361134150396938	0.000861935349837659	0.00132485426603074
vm_mlimitecompra_rank_lag2	0.000360537368663075	0.000958869967481518	0.0015015015015015
rf_015_025	0.000355115314101192	0.000892465284215195	0.00158982511923688
ccomisiones_mantenimiento_delta1	0.000353476611458277	0.00136660395800503	0.000529941706412295
mtarjeta_master_consumo_rank_tend6	0.00035108991081804	0.000791994878141939	0.00035329447094153
ctrx_quarter_lag1	0.000350934401960007	0.00118767490337015	0.000971559795089207
ccajas_consultas	0.000350132884119939	0.000455534652668343	0.000176647235470765
Master_mconsumospesos_rank_lag2	0.000349509905181332	0.00169986753893501	0.00141317788376612
tcallcenter_tend6	0.000348936895719356	0.00136920147421951	0.000794912559618442
Master_msaldopesos_rank_lag2	0.000346790851576567	0.00101864931584403	0.00176647235470765
vmr_mpagospesos_delta2	0.000343906617730472	0.00198654345976476	0.00132485426603074
Visa_mpagosdolares_rank_tend6	0.000341991132659163	0.000606960457489922	0.00123653064829535
Visa_mconsumosdolares_rank_tend6	0.000340554633068958	0.00129346606569273	0.00238473767885533
mcomisiones_mantenimiento_rank_tend6	0.000340443937359021	0.0015559665375839	0.00132485426603074
ctarjeta_debito_tend6	0.000339418444820784	0.0031837019747695	0.00123653064829535
mttarjeta_visa_debitos_automaticos_rank	0.000327946378915745	0.000844430248034875	0.000883236177353824
vm_fultimo_cierre_lag2	0.000327919359047101	0.00145159714093354	0.00185479597244303
ccomisiones_otras_delta2	0.00032747487266803	0.00130132458053823	0.00132485426603074
Master_msaldopesos_rank_lag1	0.000326594076039986	0.0012286220651594	0.0015015015015015
vmr_msaldopesos_delta1	0.000326309883101892	0.000752279344148436	0.000441618088676912
vmr_msaldopesos	0.000325974838296477	0.000843614595348463	0.00105988341282459
rf_011_016	0.000325973459403185	0.000714442682803653	0.000618265324147677
mttarjeta_visa_debitos_automaticos_rank_delta2	0.000324810552319481	0.00118170302190302	0.000883236177353824
mtarjeta_visa_consumo_rank_lag2	0.000324523505627869	0.00191218713289712	0.0020314432079138
Master_fultimo_cierre_lag2	0.000314743252896897	0.00103781366164639	0.0015015015015015
Master_msaldopesos_rank	0.000314401764827443	0.00115750739506735	0.00176647235470765
vm_mpagominimo_rank_delta1	0.000312457420068809	0.00132491099009623	0.000971559795089207
rf_017_020	0.000310555913591388	0.000797570962396816	0.00105988341282459
vm_fultimo_cierre_lag1	0.000309666120315973	0.00166940667505138	0.00194311959017841
vmr_msaldopesos_delta2	0.00030963365748072	0.00115244041467764	0.00105988341282459
mcomisiones_mantenimiento_rank_delta2	0.000306783669150352	0.0020852552844989	0.00141317788376612
Master_mpagominimo_rank_tend6	0.000305921593271654	0.00102372948947415	0.00114820703055997
rf_002_017	0.000302686822368874	0.00102219053678418	0.00158982511923688
thomebanking_tend6	0.000302543209622294	0.00226965099710056	0.00105988341282459
Visa_msaldototal_rank_delta2	0.000300781972031812	0.000784965209223265	0.00176647235470765
Master_mpagominimo_rank_delta1	0.000300150947950867	0.000495792661664512	0.000618265324147677
ctarjeta_visa_debitos_automaticos_tend6	0.000299844299255671	0.00141298207840467	0.000618265324147677
rf_007_018	0.000298266529143399	0.000484218309461696	0.00035329447094153
mcaja_ahorro_rank_lag2	0.000296966164013428	0.00128409964107588	0.00158982511923688
vmr_msaldopesos2_lag2	0.000295072087333798	0.00184135572943736	0.00176647235470765
mcaja_ahorro_dolares_rank_lag1	0.000294128637052373	0.00160543886089575	0.00123653064829535
vmr_Master_mlimitecompra_lag1	0.000293367322285748	0.00132768234665491	0.00158982511923688
cmobile_app_trx_delta2	0.00028894563776073	0.00180587522561489	0.00158982511923688
vmr_msaldopesos_tend6	0.000288944241220887	0.00114736800177717	0.00114820703055997
vm_msaldopesos_rank_lag2	0.000286956873255287	0.00190517608972961	0.0015015015015015
Master_mpagospesos_rank_tend6	0.000284180460372845	0.00181378728949498	0.00132485426603074
vm_mpagospesos_rank_lag2	0.000280452225704095	0.000940546884773426	0.00105988341282459
mcuenta_corriente_rank_delta1	0.000280381325492251	0.00220729663863956	0.00114820703055997
vmr_mpagominimo_lag1	0.000278510073347914	0.000814165730611433	0.00105988341282459
Visa_msaldototal_rank_tend6	0.000276993574586379	0.00136253190315669	0.0020314432079138
Visa_mpagosdolares_rank_lag2	0.000276970523329208	0.000600474815719845	0.000971559795089207
Visa_cconsumos_delta1	0.000275091028357359	0.0007616589620057	0.00167814873697227
chomebanking_transacciones_tend6	0.000270523421875531	0.00238453928672109	0.00158982511923688
vmr_Master_mlimitecompra_tend6	0.000269575841038435	0.00167955848550901	0.00132485426603074
rf_004_023	0.000267422771200717	0.000504251080912098	0.000264970853206147
rf_011_024	0.000266858773538787	0.00070617905787033	0.000794912559618442
ctarjeta_visa_transacciones	0.000266754669620657	0.00201290510624627	0.00105988341282459
mpayroll_sobre_edad_rank_tend6	0.000265630127086007	0.00121466051251567	0.000529941706412295
rf_013_021	0.000264475999461353	0.00110026192493618	0.000883236177353824
vm_msaldopesos_rank_delta2	0.000261643951138826	0.00193007251045284	0.00141317788376612
vm_cconsumos_tend6	0.000260885356277102	0.00138030009369467	0.00105988341282459
vm_mpagominimo_rank_delta2	0.000258374491094233	0.00136653954394892	0.00105988341282459
vmr_msaldototal_lag2	0.000257653534842227	0.000641142591241634	0.00105988341282459
mtransferencias_emitidas_rank_lag1	0.00025732903137298	0.00122574438660449	0.00105988341282459
vmr_Visa_mlimitecompra_lag1	0.000257173453065193	0.00073884862541289	0.0015015015015015
ctransferencias_emitidas_tend6	0.000254081145704976	0.00113506569313301	0.00070658894188306
mcuenta_debitos_automaticos_rank_lag1	0.000253412884011666	0.000652598204280776	0.000529941706412295
mplazo_fijo_dolares_rank_lag1	0.000250845413491332	0.00136660395800503	0.000529941706412295
ctransferencias_recibidas_tend6	0.000250801244458134	0.00186784775617702	0.00123653064829535
vmr_Master_mlimitecompra_lag2	0.00024653764705012	0.00087878777427672	0.0015015015015015
ccajas_extracciones_tend6	0.000243771491896306	0.00309015181132683	0.00123653064829535
vm_mconsumospesos_rank_lag2	0.000243643007073902	0.000474405642889858	0.000794912559618442
Visa_mpagado_rank_delta2	0.000243401458304958	0.00152450298742924	0.00123653064829535
Visa_mconsumosdolares_rank_delta1	0.000243134156557151	0.00102410666093523	0.0015015015015015
Master_fultimo_cierre_lag1	0.000243126066797291	0.00129234308811211	0.0015015015015015
vmr_Visa_mlimitecompra	0.000242344519297046	0.000782160481527075	0.0015015015015015
ccajas_consultas_tend6	0.000242126214097956	0.00253599380624238	0.00105988341282459
mcomisiones_mantenimiento_rank_lag1	0.000241844922896845	0.00213108782560401	0.00123653064829535
mforex_sell_rank_tend6	0.000240915329609103	0.00299005469634983	0.00123653064829535
rf_014_015	0.000240047748132745	0.000956283316288546	0.000529941706412295
mextraccion_autoservicio_rank_lag2	0.000239126087679987	0.000914299321017798	0.00105988341282459
vm_mlimitecompra_rank_delta1	0.000238055367789009	0.00143931811447833	0.00167814873697227
Master_cconsumos_tend6	0.000235552550696147	0.000825488635173529	0.00105988341282459
Master_mconsumototal_rank_tend6	0.000235303591007119	0.00179610757127503	0.00123653064829535
mpagomiscuentas_rank_tend6	0.00023475121292035	0.00103743105767455	0.000529941706412295
Master_cconsumos_delta2	0.000233029566657523	0.000778173794704903	0.000794912559618442
vm_fultimo_cierre_delta1	0.000231955952258649	0.000721590314813036	0.000883236177353824
vmr_Visa_mlimitecompra_lag2	0.000231803864116668	0.00169879345395119	0.00158982511923688
vm_status01_delta2	0.000230493981403036	0.00111850041569107	0.000971559795089207
ccajas_transacciones_tend6	0.000228880038828483	0.00225109586857588	0.00105988341282459
vmr_msaldototal_tend6	0.000228575550904535	0.000837813449933681	0.000794912559618442
rf_010_017	0.000227524967559268	0.000863650471090725	0.00105988341282459
Master_mconsumosdolares_rank	0.000226595560144322	0.000598201698004809	0.000883236177353824
vm_mfinanciacion_limite_rank_delta2	0.000226559638711332	0.00130925061373169	0.00176647235470765
Master_mconsumospesos_rank	0.000226423090646247	0.0012715101854346	0.000971559795089207
mcuenta_debitos_automaticos_rank_tend6	0.000225133619594055	0.00133282615826818	0.00070658894188306
Master_fultimo_cierre	0.000224090597432886	0.000781420107918285	0.00114820703055997
vmr_msaldototal_lag1	0.000223553042954099	0.000536850025814826	0.00070658894188306
rf_010_013	0.000222733846742353	0.000928656670873779	0.000794912559618442
vm_msaldototal_rank_tend6	0.000218869288678471	0.000887582233118232	0.000971559795089207
vm_mfinanciacion_limite_rank_delta1	0.000215616085937322	0.00167703857659104	0.00141317788376612
mttarjeta_visa_debitos_automaticos_rank_lag1	0.000214423692255993	0.000874804967819374	0.000794912559618442
Visa_fultimo_cierre_lag1	0.000213511100267966	0.000806238145272037	0.00114820703055997
vmr_mconsumospesos	0.000212530016680259	0.00072820711291423	0.000883236177353824
rf_004_017	0.000210855311379711	0.000895602947213451	0.00035329447094153
vmr_msaldototal	0.000209916309796966	0.000937076286473105	0.000971559795089207
Visa_mconsumosdolares_rank_lag1	0.000209671813959291	0.000650901708778874	0.0015015015015015
mpagomiscuentas_rank_delta2	0.000208834057869084	0.00054728277468585	0.00035329447094153
Master_cconsumos_lag2	0.000208166938182269	0.000558396139547344	0.000883236177353824
vm_mlimitecompra_rank_lag1	0.000207081129985043	0.00055134862095047	0.00123653064829535
vm_mfinanciacion_limite_rank_lag1	0.000205873188461073	0.000669456061230592	0.000883236177353824
mcuenta_debitos_automaticos_rank_delta2	0.000205680787009948	0.00137184477873894	0.000618265324147677
vmr_mconsumospesos_lag2	0.000205675800012541	0.00113005924643458	0.00123653064829535
Master_msaldototal_rank_delta1	0.000203508921290879	0.000948761617109943	0.000971559795089207
mextraccion_autoservicio_rank_delta2	0.000202742160842792	0.00253663251429273	0.0015015015015015
mtransferencias_emitidas_rank_lag2	0.00019830523730556	0.00139761117725615	0.00105988341282459
Master_msaldototal_rank_tend6	0.000197268136304122	0.000718209740976676	0.000971559795089207
Master_mconsumototal_rank_lag1	0.000194319683123084	0.000966103743590037	0.000971559795089207
mttarjeta_visa_debitos_automaticos_rank_delta1	0.000193895622926765	0.00175030374486963	0.00105988341282459
ctarjeta_debito_transacciones_tend6	0.000193662849576159	0.00245143988061216	0.00105988341282459
vmr_Visa_mlimitecompra_tend6	0.000192212010127075	0.00161868720248447	0.000971559795089207
vmr_msaldopesos2_delta2	0.000190248055188727	0.0011640450337261	0.00105988341282459
Master_mconsumospesos_rank_delta1	0.000190010218319712	0.000546020103971489	0.000618265324147677
vm_cconsumos_lag1	0.000188919876884515	0.000554623648863564	0.00035329447094153
cpagomiscuentas_tend6	0.000187628208442115	0.00106936646019204	0.000441618088676912
Visa_fechaalta_delta2	0.000186347696913244	0.000753455094690696	0.000794912559618442
ccajas_transacciones_delta2	0.000183804416626043	0.000900354065906333	0.000618265324147677
Master_mpagosdolares_rank_delta1	0.000183292313840461	0.000278235351260356	0.000529941706412295
cextraccion_autoservicio_tend6	0.000181470062916916	0.000845976961454495	0.00070658894188306
Visa_mpagosdolares_rank	0.000181011633931556	0.000473573692671176	0.00105988341282459
ccajas_transacciones_lag2	0.00018074204109951	0.00151078434562361	0.00114820703055997
vm_msaldototal_rank_lag1	0.000180562713753934	0.000551577562475201	0.000794912559618442
vmr_mpagospesos	0.000179255387043784	0.000838448277619205	0.000971559795089207
cpayroll_trx_tend6	0.000178510836184989	0.000449142915727053	0.000176647235470765
tcallcenter_lag1	0.000178475177398341	0.000836271392951852	0.000618265324147677
Master_Fvencimiento_delta2	0.000177283653985562	0.000585014666180332	0.000441618088676912
Master_fultimo_cierre_delta2	0.000176802404821303	0.000347516160935666	0.000794912559618442
vmr_Visa_mlimitecompra_delta2	0.000174890329606631	0.000544114844841952	0.000264970853206147
Master_mpagospesos_rank	0.000172936600450023	0.000470481817977866	0.000529941706412295
Master_mconsumototal_rank_lag2	0.000170925369422766	0.00109546191364649	0.00070658894188306
Master_msaldopesos_rank_delta2	0.00016910392058074	0.00143970071845017	0.00114820703055997
vm_mconsumototal_rank_delta2	0.000168941064696395	0.000708795199835979	0.000794912559618442
rf_018_021	0.000164852459706601	0.00088883248666515	0.000618265324147677
thomebanking_delta2	0.000164168294272229	0.000638576117945756	0.000618265324147677
ctarjeta_debito_transacciones_lag2	0.000162640936473473	0.00177137179765559	0.00114820703055997
rf_013_016	0.000159971893162853	0.000814078810439333	0.000971559795089207
vmr_mconsumospesos_tend6	0.000159613996610469	0.00125159692922083	0.000794912559618442
mautoservicio_rank_lag1	0.000159443974016627	0.000995169228282263	0.00070658894188306
Visa_msaldodolares_rank_tend6	0.000159027241148144	0.000693914776801462	0.000441618088676912
mpayroll_rank_lag1	0.000154937428490269	0.0017764566277235	0.000794912559618442
Visa_fultimo_cierre	0.000154362455241802	0.000660405498310568	0.00105988341282459
mtarjeta_master_consumo_rank_delta1	0.00015084764108685	0.000437345830583228	0.000176647235470765
vm_mpagospesos_rank_lag1	0.000145223871767162	0.000437899946680373	0.000618265324147677
ctrx_quarter_normalizado	0.000144983250846929	0.00139329310727785	0.000794912559618442
vmr_mconsumospesos_lag1	0.000144286955192297	0.000641227183194839	0.00070658894188306
vmr_msaldopesos2	0.000143889533396066	0.000753756211001189	0.00070658894188306
vm_msaldototal_rank_lag2	0.000143716150444321	0.000689491936972855	0.00070658894188306
Master_msaldototal_rank_delta2	0.000143508152598864	0.000527714870941596	0.000794912559618442
vm_msaldopesos_rank_tend6	0.000143308601106184	0.000993797131279811	0.000883236177353824
vm_mconsumototal_rank_tend6	0.000140312410389976	0.00119041754522912	0.000971559795089207
Master_msaldopesos_rank_tend6	0.000136984067608437	0.000768108128346413	0.000883236177353824
vm_fultimo_cierre	0.000136911400942106	0.000595794319666795	0.000794912559618442
mautoservicio_rank_tend6	0.000133700934296327	0.00112386307988052	0.00070658894188306
mcaja_ahorro_dolares_rank_tend6	0.000131816534177157	0.00101480465037449	0.000618265324147677
Master_mpagospesos_rank_delta2	0.000131247930607559	0.000995558040837822	0.000618265324147677
Visa_msaldodolares_rank_lag2	0.000129297221883877	0.000370791365234624	0.00035329447094153
matm_other_rank_tend6	0.000129250072824882	0.000810786708921004	0.000441618088676912
mpagomiscuentas_rank_lag2	0.000129159120417209	0.000321848323685034	0.000441618088676912
mtarjeta_master_consumo_rank_lag2	0.000129026577961375	0.00127650654318448	0.000883236177353824
ctarjeta_visa_debitos_automaticos_lag2	0.000126918249107147	0.00106462853473957	0.000529941706412295
Master_mpagospesos_rank_lag1	0.000126833087041124	0.00135589803145026	0.000794912559618442
vm_mpagado_rank_tend6	0.00012631031020721	0.00175557250423029	0.000883236177353824
vm_Fvencimiento_delta1	0.000125943904923542	0.000478289112007659	0.00035329447094153
mv_status07_rank_delta2	0.000123569006195638	0.000333445958076805	0.000176647235470765
rf_019_023	0.000123457635055278	0.00125999481477713	0.00070658894188306
mtransferencias_recibidas_rank_delta1	0.000120453876131077	0.000289216007644803	0.00035329447094153
ccajeros_propios_descuentos_delta1	0.000117593991842163	6.21937113572123e-05	8.83236177353824e-05
Master_mpagominimo_rank_delta2	0.000116499354497744	0.000753185797371776	0.00070658894188306
vm_msaldopesos_rank	0.000116425502513525	0.000361291456067756	0.00035329447094153
rf_001_013	0.000115010952959942	0.000638586982967269	0.000794912559618442
vm_mfinanciacion_limite_rank	0.000114910955668888	0.000860068118283416	0.000971559795089207
cextraccion_autoservicio_lag2	0.00011490828526272	0.00133832929166433	0.000618265324147677
vmr_msaldopesos_lag1	0.000114778243755655	0.000614181040358032	0.000618265324147677
vmr_msaldototal_delta1	0.000114090525019337	0.000770547325675999	0.000794912559618442
ccomisiones_otras_lag1	0.000112692020126679	0.00147905305029596	0.000794912559618442
ccallcenter_transacciones_delta2	0.000112439692250867	0.00111351026652491	0.000618265324147677
ctarjeta_debito_transacciones_delta1	0.000110645345480739	0.00205345103831252	0.000883236177353824
Master_mconsumospesos_rank_tend6	0.000110499998005583	0.000906110975162098	0.000883236177353824
vmr_mpagospesos_tend6	0.000110336311249639	0.000817515261529186	0.000618265324147677
vm_mpagospesos_rank_delta2	0.000110009605970653	0.000905117601766657	0.000971559795089207
rf_014_017	0.000109885522747369	0.00051731626928104	0.00035329447094153
vm_cconsumos_lag2	0.000109832703557934	0.000476142494185949	0.000264970853206147
mpayroll_sobre_edad_rank_delta1	0.000106864542809686	0.00087464432071558	0.000441618088676912
Master_mconsumosdolares_rank_delta1	0.000106683848692957	0.00042902167195862	0.000529941706412295
vmr_Master_mlimitecompra_delta1	0.000105511957841654	0.000257622077231994	0.00035329447094153
vm_fultimo_cierre_delta2	0.000104119966830808	0.000527163859136312	0.000618265324147677
vm_mpagospesos_rank_delta1	0.000103887289447135	0.000826916609429475	0.000618265324147677
ccomisiones_otras	0.000103269038142673	0.000606451353624759	0.000264970853206147
rf_019_021	0.000102793918487407	0.000756799193097691	0.000441618088676912
vm_msaldototal_rank_delta1	0.000102428170324682	0.000628894607705034	0.000441618088676912
ccomisiones_otras_delta1	9.81371448097448e-05	0.000742806597535349	0.00070658894188306
ctransferencias_recibidas_lag2	9.69730138951076e-05	0.00165426704364649	0.00070658894188306
vmr_mpagado_delta2	9.68684266066924e-05	0.001079555522152	0.000529941706412295
vm_fechaalta_delta2	9.61406901646379e-05	0.000224767804323719	0.000176647235470765
vmr_mpagospesos_delta1	9.59297194909036e-05	0.000862988480851419	0.00070658894188306
Visa_fultimo_cierre_delta2	9.41804362668027e-05	0.000337991417433912	0.000618265324147677
rf_001_015	9.37297164566528e-05	0.000776370201133806	0.000618265324147677
Master_msaldopesos_rank_delta1	9.35483354187235e-05	0.000292658667318378	0.00035329447094153
rf_017_015	9.27905926423416e-05	0.000600834137502727	0.000618265324147677
vmr_mpagospesos_lag1	9.14705099065144e-05	0.00038799923109174	0.000618265324147677
rf_016_017	8.90338054435866e-05	0.000376475323631662	0.00035329447094153
Visa_mpagosdolares_rank_delta1	8.86149173598368e-05	0.000346865035717874	0.000618265324147677
mtransferencias_emitidas_rank_delta1	8.67466119054149e-05	0.00191671241435713	0.000794912559618442
vm_mpagado_rank_delta2	8.55139403974532e-05	0.00064048680958605	0.000264970853206147
vm_mconsumospesos_rank_lag1	8.48042012908544e-05	0.000223657243910535	0.00035329447094153
ccallcenter_transacciones_lag2	8.41901695008857e-05	0.000110006014596523	8.83236177353824e-05
vmr_mpagado	8.35587997693049e-05	0.00124367710461109	0.000529941706412295
cmobile_app_trx	8.32266756417158e-05	0.00106954883733886	0.000441618088676912
Visa_mpagado_rank_delta1	8.27328348582874e-05	0.000809212832947603	0.000441618088676912
vmr_msaldototal_delta2	8.01649264256885e-05	0.000708702847153122	0.000441618088676912
Master_cconsumos_delta1	7.98985070685704e-05	0.000356582245314994	0.000529941706412295
vm_mconsumospesos_rank_delta2	7.92228453145909e-05	0.000339111290722679	0.000264970853206147
vm_msaldopesos_rank_delta1	7.88041208797154e-05	0.00127992902496096	0.000618265324147677
rf_015_019	7.83615900794371e-05	0.000396819300341104	0.000441618088676912
vm_mconsumospesos_rank_tend6	7.72424716968257e-05	0.000907945611651803	0.000441618088676912
mextraccion_autoservicio_rank	7.46254180930368e-05	0.000623646026241467	0.000441618088676912
vmr_mconsumospesos_delta1	7.31992009808257e-05	0.000498602821871458	0.00035329447094153
Master_cconsumos_lag1	7.28589052689396e-05	0.000416905620826103	0.000441618088676912
cmobile_app_trx_lag1	7.27396779724367e-05	0.000874206615563214	0.000529941706412295
rf_008_013	7.14661581396832e-05	0.000424467675798896	0.000618265324147677
rf_005_022	7.05583990968825e-05	0.000194182768765655	0.00035329447094153
vmr_mpagado_tend6	7.00535822218289e-05	0.00120122436126937	0.000618265324147677
Master_mpagado_rank_delta1	6.99736422721982e-05	0.000161326167638484	0.000176647235470765
mextraccion_autoservicio_rank_tend6	6.97721556568342e-05	0.000917247622212548	0.000441618088676912
mautoservicio_rank_delta1	6.93508782490114e-05	0.00076863120152495	0.00035329447094153
mextraccion_autoservicio_rank_lag1	6.794540236889e-05	0.000351980132631429	0.000264970853206147
cpagomiscuentas_delta2	6.79413960020054e-05	0.000227767326334171	8.83236177353824e-05
matm_rank_tend6	6.63575890645943e-05	0.000202349384578329	0.000176647235470765
Master_cconsumos	6.59794482735084e-05	0.000405336701134044	0.00070658894188306
rf_019_015	6.43342778209005e-05	0.000325665050527829	0.000176647235470765
rf_003_015	6.33260371065809e-05	0.000130504429826037	8.83236177353824e-05
vm_mpagospesos_rank	6.32795153682703e-05	0.000311074102709327	0.00035329447094153
rf_019_016	6.30296841479685e-05	0.000472465460476887	0.000441618088676912
rf_002_016	6.18509970700372e-05	0.000565533682608179	0.00035329447094153
ccajas_consultas_delta1	6.15598576413017e-05	0.000683301979002514	0.000264970853206147
ctarjeta_debito_lag2	6.04894798534967e-05	0.000683301979002514	0.000264970853206147
catm_trx_tend6	5.89602321375324e-05	0.000618383475464526	0.00035329447094153
mpagomiscuentas_rank_delta1	5.76262397524822e-05	0.000372148716850738	0.000176647235470765
rf_015_029	5.75969849907625e-05	0.000166446697062796	0.00035329447094153
Visa_msaldodolares_rank_lag1	5.74186127687096e-05	0.00029106150915602	0.000264970853206147
rf_001_017	5.72893493514303e-05	0.00123110472257504	0.000529941706412295
Visa_mpagado_rank_lag2	5.66236131037102e-05	0.000237685538829276	0.000176647235470765
rf_003_017	5.65735936232568e-05	0.000250890420331952	0.000176647235470765
ctransferencias_emitidas	5.64769498714018e-05	0.000866341892133997	0.00035329447094153
vmr_mconsumosdolares_delta2	5.58450136823751e-05	0.00133602901139551	0.000529941706412295
vm_Finiciomora_tend6	5.50965988918261e-05	0.00113883663167086	0.000441618088676912
cextraccion_autoservicio_lag1	5.47599842694326e-05	0.000211590085374825	8.83236177353824e-05
rf_013_019	5.37070305409344e-05	0.0012538358997254	0.000529941706412295
rf_003_023	5.36950624542813e-05	0.000390186204707641	0.000264970853206147
vm_mconsumospesos_rank_delta1	5.23120304616667e-05	0.000572319664615784	0.000441618088676912
mpayroll_sobre_edad_rank_lag1	5.20573423044054e-05	0.00107579467256269	0.000441618088676912
rf_006_017	5.08084220795148e-05	0.000443923048963198	0.000264970853206147
mtarjeta_master_consumo_rank_delta2	5.06684351151693e-05	0.000129401630142505	8.83236177353824e-05
rf_010_018	5.04029102708794e-05	0.000428126859829758	0.000176647235470765
internet_delta1	5.01273432447437e-05	0.00113883663167086	0.000441618088676912
ccuenta_debitos_automaticos_delta2	4.80865801618417e-05	0.000683301979002514	0.000264970853206147
matm_rank_lag1	4.79642541435992e-05	0.000940633028872562	0.000441618088676912
vmr_mconsumosdolares	4.78845930031617e-05	0.000682987669451613	0.00035329447094153
mpagomiscuentas_rank_lag1	4.67499961645265e-05	0.000553191794242792	0.00035329447094153
Master_mpagado_rank_tend6	4.67159006286991e-05	0.000201837176421305	0.000264970853206147
vm_cconsumos	4.66246855746853e-05	0.000716475217899481	0.00035329447094153
rf_009_018	4.65399058611251e-05	0.00072251228949568	0.00035329447094153
rf_003_021	4.4335851001969e-05	0.000382825928705796	0.000264970853206147
vmr_mconsumospesos_delta2	4.10562573543993e-05	0.000748053626852986	0.00035329447094153
Visa_msaldodolares_rank_delta1	4.06614367671264e-05	0.000423302014205184	0.00035329447094153
active_quarter	4.05363665997054e-05	0.00040014710121583	0.000264970853206147
vmr_mpagosdolares_lag2	4.0279496457454e-05	0.000683301979002514	0.000264970853206147
ctransferencias_recibidas	3.96882037795816e-05	0.000455534652668343	0.000176647235470765
cseguro_vida_lag2	3.92537089471721e-05	0.00041982055088335	0.000176647235470765
vmr_mconsumosdolares_tend6	3.88042043814403e-05	0.000675584709436683	0.00035329447094153
vmr_msaldodolares2_tend6	3.85513870742724e-05	0.000845462425078576	0.00035329447094153
vm_mconsumospesos_rank	3.79167638111375e-05	0.000269104076751952	0.000264970853206147
ctarjeta_debito_lag1	3.67455035635985e-05	0.000870603308785845	0.00035329447094153
ctarjeta_visa_transacciones_lag1	3.6503197160978e-05	0.000298756272605861	0.000264970853206147
vm_msaldototal_rank_delta2	3.64826819562687e-05	0.000149879091401959	0.000176647235470765
rf_007_025	3.64257609381057e-05	0.000432836846655485	0.000264970853206147
Visa_Fvencimiento_delta2	3.59117670988656e-05	0.000161565198111762	0.000176647235470765
matm_rank_delta2	3.57837244819846e-05	0.000228301264534221	0.000176647235470765
Master_mconsumospesos_rank_lag1	3.56901668246411e-05	0.000180830433399593	0.000176647235470765
vm_mpagado_rank_delta1	3.50521986088216e-05	0.000911069305336685	0.00035329447094153
cforex_sell_tend6	3.46522561653469e-05	0.000455534652668343	0.000176647235470765
Master_mpagospesos_rank_lag2	3.44926997756656e-05	0.000282241439906657	0.000264970853206147
cextraccion_autoservicio_delta1	3.33073144583947e-05	0.000887582233118232	0.00035329447094153
vm_mpagado_rank	3.26701490817284e-05	0.000590316796678497	0.000264970853206147
rf_001_019	3.17193703360173e-05	0.000434259388400675	0.000264970853206147
mtransferencias_emitidas_rank_tend6	3.09908611076122e-05	0.000545542043024933	0.000264970853206147
ctransferencias_recibidas_lag1	3.06034648252861e-05	0.000877810698413548	0.00035329447094153
ctransferencias_recibidas_delta1	2.95252227999125e-05	0.00035741031516885	0.000176647235470765
cpagomiscuentas	2.82410327069949e-05	0.000410572865430168	0.000176647235470765
Master_status_delta2	2.74788411056609e-05	7.99114571524575e-05	0.000176647235470765
mpayroll_rank_delta1	2.68542347699159e-05	3.74105972868942e-05	8.83236177353824e-05
ctarjeta_master_transacciones_tend6	2.67758600914621e-05	0.000455534652668343	0.000176647235470765
cpagomiscuentas_lag2	2.58293311655906e-05	0.000455534652668343	0.000176647235470765
vmr_msaldodolares_lag2	2.46423828500439e-05	5.74006847242103e-05	8.83236177353824e-05
mv_status07_rank_delta1	2.44661916028029e-05	0.000203555401966232	8.83236177353824e-05
vmr_mconsumosdolares_lag2	2.40760486458527e-05	0.000309633711285938	0.000176647235470765
rf_017_017	2.38229772788584e-05	0.000360632570120311	0.000176647235470765
vmr_msaldopesos2_delta1	2.35383146078842e-05	6.70899556945842e-05	8.83236177353824e-05
vm_mpagado_rank_lag1	2.31381900797823e-05	0.000356446432546086	0.000176647235470765
ctarjeta_debito	2.25484869173645e-05	0.000455534652668343	0.000176647235470765
mtarjeta_visa_descuentos_rank_delta2	2.24591624119198e-05	0.000268431997564099	0.000176647235470765
vmr_mconsumosdolares_lag1	2.21482649070629e-05	0.000297187829143216	0.000176647235470765
vm_Fvencimiento_delta2	2.18450336448404e-05	0.000176811927585849	0.000264970853206147
mtarjeta_master_consumo_rank	2.15937457475221e-05	0.000307136308483962	0.000176647235470765
matm_other_rank_lag2	2.08938619397954e-05	0.000355380108291918	0.000176647235470765
mcuenta_debitos_automaticos_rank_delta1	2.08117233372337e-05	0.000325875366301395	0.000176647235470765
vm_status04_tend6	2.00832322920367e-05	0.000443420153681756	0.000176647235470765
ccajas_consultas_delta2	2.00716218084792e-05	0.000377363927176802	0.000176647235470765
ccuenta_debitos_automaticos_tend6	1.95038895176092e-05	0.000683301979002514	0.000264970853206147
Visa_mpagado_rank_lag1	1.84175635409006e-05	6.61516834796718e-05	8.83236177353824e-05
matm_rank_delta1	1.80708036984812e-05	0.000134547769974668	8.83236177353824e-05
vm_mconsumosdolares_rank_delta2	1.80291889009528e-05	0.000355572574387284	0.000176647235470765
matm_rank	1.76987752576622e-05	7.5413338246227e-05	8.83236177353824e-05
rf_005_020	1.72947928588763e-05	5.6062734932226e-05	8.83236177353824e-05
active_quarter_lag2	1.66939388439986e-05	0.000117571949934142	0.000176647235470765
vmr_mpagosdolares_lag1	1.65556813047934e-05	0.000455534652668343	0.000176647235470765
vm_msaldodolares_rank_delta1	1.64087781551539e-05	0.000455534652668343	0.000176647235470765
cseguro_vida	1.59894339759305e-05	0.000683301979002514	0.000264970853206147
mv_status07_rank	1.53105633907837e-05	0.000286436114283499	0.000176647235470765
ccallcenter_transacciones_delta1	1.47551229486915e-05	0.000227767326334171	8.83236177353824e-05
mv_status07_rank_lag2	1.35525027279886e-05	0.000445621872683995	0.000176647235470765
vm_mconsumosdolares_rank_lag1	1.29380739379731e-05	0.000119806264000919	8.83236177353824e-05
ctarjeta_visa_debitos_automaticos	1.2821459467478e-05	0.000455534652668343	0.000176647235470765
rf_019_020	1.24273429744358e-05	0.000197710020392435	8.83236177353824e-05
Master_mpagospesos_rank_delta1	1.23113431973974e-05	0.000111166243679479	8.83236177353824e-05
mv_status07_rank_lag1	1.21205629560696e-05	0.000455534652668343	0.000176647235470765
thomebanking_delta1	1.11240483907156e-05	0.000166108329249974	8.83236177353824e-05
vm_mconsumosdolares_rank_tend6	1.04605613048384e-05	0.000227767326334171	8.83236177353824e-05
mcajeros_propios_descuentos_rank_delta2	1.02893921586986e-05	0.00043126840319284	0.000176647235470765
vm_status04_delta2	9.965095144628e-06	0.000227767326334171	8.83236177353824e-05
vm_status03_tend6	9.95429027821386e-06	0.000429588205223208	0.000176647235470765
cforex_sell_delta2	9.69208437451894e-06	0.000227767326334171	8.83236177353824e-05
rf_006_014	9.27542928976029e-06	0.000107216808359637	8.83236177353824e-05
vmr_mpagado_lag2	9.09341133445306e-06	0.000145708475287038	8.83236177353824e-05
ctarjeta_visa_debitos_automaticos_lag1	8.93815704133509e-06	0.000227767326334171	8.83236177353824e-05
ctarjeta_debito_transacciones_lag1	8.65025422366832e-06	2.98446619492751e-05	8.83236177353824e-05
mtarjeta_visa_descuentos_rank_lag2	7.39418244195467e-06	0.000188318761440693	8.83236177353824e-05
ctransferencias_emitidas_lag2	6.27819611696457e-06	0.000227767326334171	8.83236177353824e-05
vmr_mpagosdolares_tend6	6.14364492170792e-06	0.000227767326334171	8.83236177353824e-05
mforex_sell_rank_delta2	5.16450087621411e-06	0.000227767326334171	8.83236177353824e-05
cprestamos_personales_delta2	4.60349182659496e-06	0.000227767326334171	8.83236177353824e-05
cprestamos_personales	3.9945548705604e-06	0.000227767326334171	8.83236177353824e-05
Master_mpagado_rank_delta2	1.42892522249189e-06	5.31780717206217e-05	0.000176647235470765
