Feature	Gain	Cover	Frequency
rf_009_015	0.130761465750414	0.00325071995727311	0.00368417250595969
rf_018_027	0.0829583486358354	0.00329967548947624	0.00346745647619736
vm_msaldopesos_rank	0.0407626043696438	0.00100627783042264	0.000866864119049339
rf_004_022	0.033659615017417	0.00305513900830144	0.00303402441667269
mcaja_ahorro_rank_lag1	0.0287482892370876	0.00251019183270946	0.00202268294444846
mcaja_ahorro_rank	0.0268908097991119	0.00252730632526294	0.00151701220833634
mpasivos_margen_rank	0.0226784644114786	0.00455322891498062	0.00281730838691035
cdescubierto_preacordado	0.0180710989728514	0.0023522071104691	0.00137253485516145
vm_status04_tend6	0.0152025870884715	0.00121044054120433	0.00043343205952467
rf_017_021	0.0133069401785835	0.00453019889050621	0.00158925088492379
mpayroll_sobre_edad_rank	0.0130448399669637	0.0020064055749033	0.000722386765874449
rf_007_015	0.0128053711688319	0.00191019204553079	0.00274506971032291
cdescubierto_preacordado_delta2	0.0121961180143807	0.00344809385308372	0.000794625442461894
rf_014_015	0.0120008816577903	0.00140970677115093	0.00101134147222423
mcuentas_saldo_rank	0.0118966485718125	0.00625765347617322	0.0035396951527848
rf_007_026	0.0113085811955409	0.00100926872548212	0.00180596691468612
cpayroll_trx	0.0110284383175245	0.000388918395357741	7.22386765874449e-05
rf_013_026	0.0110198051881354	0.00181838866181976	0.0014447735317489
mprestamos_personales_rank	0.0109228216877572	0.0095075531569546	0.00260059235714802
foto_mes	0.0106422859188978	0.00877877923672308	0.00671819692263238
rf_006_019	0.00876853588551408	0.00227075458245574	0.00361193382937225
rf_020_025	0.00865546293118729	0.0012605807699884	0.00252835368056057
rf_010_019	0.00788892263431846	0.00133671674019111	0.0020949216210359
rf_014_025	0.00772492794976919	0.00324904892551856	0.00375641118254714
rf_016_022	0.00746521509022901	0.00113899697658674	0.000361193382937225
rf_003_018	0.00744049732495152	0.00288856589843126	0.00274506971032291
vm_status04_delta2	0.00687277412293853	0.00103781673268923	0.000361193382937225
ctrx_quarter_normalizado	0.00664296397324087	0.00217201264024606	0.00115581882539912
vm_status01	0.00651181521681669	0.00173929227532866	0.00137253485516145
ccomisiones_mantenimiento_tend6	0.00632974186628723	0.00315698050901538	0.000866864119049339
ctrx_quarter	0.0051754326154208	0.00334163415596645	0.00108358014881167
rf_010_015	0.00514388390784993	0.001558578340833	0.00223939897421079
vm_status06_delta2	0.00508968582024411	0.0011281995406343	0.000361193382937225
mcuentas_saldo_rank_tend6	0.0048042943248911	0.00283606157714116	0.00310626309326013
ctrx_quarter_delta2	0.00462054433280481	0.00270123276995149	0.00274506971032291
mprestamos_personales_rank_delta1	0.00452685572816924	0.00815800882962313	0.00223939897421079
rf_011_026	0.00448549965155691	0.00051160472517477	0.00028895470634978
mpasivos_margen_rank_lag1	0.00448356733436604	0.00102808870405313	0.00231163765079824
vm_status03_tend6	0.00434502096273035	8.4348011267673e-05	7.22386765874449e-05
rf_007_020	0.00398406832427145	0.00394994272117922	0.00130029617857401
cproductos_delta2	0.00387267284810965	0.00236638106419362	0.000650148089287004
rf_001_022	0.00379167428568179	0.00128857220833198	0.00317850176984758
Master_status	0.00375270478885423	0.000531635903605936	0.000577909412699559
mextraccion_autoservicio_rank	0.00366751738583565	0.000152782128530327	0.000216716029762335
mpayroll_rank	0.00352012017785639	0.00318630903779539	0.000939102795636784
mrentabilidad_annual_rank_lag2	0.00348406456785821	0.00459919222696031	0.00686267427580727
mprestamos_personales_rank_tend6	0.00332563776596342	0.00313082574792145	0.00101134147222423
mactivos_margen_rank	0.00331273272062473	0.00789323841993116	0.00512894603770859
ctrx_quarter_normalizado_delta2	0.00325966894636582	0.00301830077535569	0.00390088853572203
ctrx_quarter_normalizado_delta1	0.003212626944213	0.00159161202804734	0.00151701220833634
ctarjeta_visa_transacciones_delta2	0.00309186845530088	0.00276049012678574	0.00137253485516145
mcuentas_saldo_rank_delta2	0.00298201390065092	0.003484136987653	0.00534566206747092
vm_status02_tend6	0.0028482746167351	0.00185932430173225	0.00101134147222423
mcomisiones_mantenimiento_rank_tend6	0.0025620046768228	0.00316997109132292	0.00260059235714802
Master_delinquency	0.00252050697456559	0.00289205770546792	0.00108358014881167
Visa_mpagominimo_rank	0.00249696641035551	0.00471091149983792	0.00418984324207181
mcuenta_debitos_automaticos_rank	0.00249466043317254	0.00347334087686452	0.00151701220833634
mcuentas_saldo_rank_delta1	0.00244293678804953	0.00358628327607792	0.00447879794842159
rf_004_021	0.00240334914015502	0.00135507688686774	0.000794625442461894
mprestamos_personales_rank_delta2	0.00230283091242567	0.006233670658811	0.00187820559127357
vm_mpagospesos_rank_tend6	0.00230261236088425	0.00108546830355495	0.00151701220833634
ctrx_quarter_delta1	0.00227709128284087	0.00234586620091677	0.00115581882539912
mrentabilidad_annual_rank_delta1	0.00218824584556141	0.00293093801607724	0.00650148089287004
Visa_msaldopesos_rank	0.00212362320032887	0.00182467391448575	0.00231163765079824
vm_mpagominimo_rank	0.00212268318339592	0.0031639946018598	0.00238387632738568
ctrx_quarter_tend6	0.00211030867803883	0.00327352470387419	0.00231163765079824
rf_017_016	0.00208323646304473	0.00142641576353242	0.00187820559127357
mcomisiones_rank_lag2	0.0020681474027184	0.0033752456146677	0.00570685545040815
mcomisiones_otras_rank_lag2	0.00205274419228537	0.00243007772029648	0.00541790074405837
rf_009_026	0.00205242668859834	0.00113016210846022	0.000650148089287004
thomebanking	0.00203518047084939	0.00299440674397884	0.00483999133135881
mttarjeta_visa_debitos_automaticos_rank_tend6	0.00202221370151492	0.00288015375760823	0.00202268294444846
mtarjeta_visa_consumo_rank	0.00202031093655591	0.00195070363297583	0.00151701220833634
rf_012_027	0.00200093893435682	0.00177621399360395	0.00462327530159647
mcomisiones_otras_rank_tend6	0.00198203004723232	0.00195796155598902	0.0035396951527848
Visa_mconsumototal_rank_tend6	0.0019684653981279	0.00111947201078859	0.0035396951527848
ccaja_seguridad	0.0019562297707758	0.00505593913965063	0.000939102795636784
Visa_mconsumosdolares_rank_tend6	0.00194000305146726	0.00104652438507552	0.0020949216210359
cproductos_tend6	0.00192825909637353	0.00298714484547376	0.000722386765874449
tcallcenter	0.00182389405137342	0.002117682243018	0.00137253485516145
mcuenta_corriente_rank	0.00173202866635073	0.00464712473258572	0.00260059235714802
rf_007_025	0.00171033228998333	0.000295553968500914	0.00043343205952467
rf_007_018	0.00163413008161582	0.000812379839681161	0.000722386765874449
mcomisiones_otras_rank_delta2	0.00162188983531978	0.00288928281213405	0.00671819692263238
ctarjeta_visa_transacciones_tend6	0.00158584222146403	0.00448595431618365	0.00195044426786101
vmr_mpagominimo_delta1	0.00158189132169312	0.00171882776828232	0.00101134147222423
mcuenta_corriente_rank_tend6	0.0015551141523687	0.0061039450580343	0.00332297912302247
mcomisiones_rank_delta2	0.00155339310526317	0.00257350684159161	0.00505670736112114
Visa_mpagospesos_rank_tend6	0.00154301983798271	0.00163331361272916	0.0049844686845337
mactivos_margen_rank_lag1	0.00152801840454931	0.00430763627812908	0.00332297912302247
mpayroll_sobre_edad_rank_lag1	0.00152571035836935	0.000837959479616117	0.000505670736112115
mcuenta_corriente_rank_delta2	0.00151827476915909	0.00167295589261593	0.00137253485516145
ccaja_ahorro_tend6	0.00146065208893822	0.00684185730893937	0.00130029617857401
vmr_msaldopesos	0.00142864210740628	0.000662721122606395	0.00101134147222423
mrentabilidad_annual_rank_delta2	0.00141405485415505	0.00322413451789192	0.0070793903055696
mtransferencias_recibidas_rank	0.00141050519202146	0.00391328206020421	0.00231163765079824
mactivos_margen_rank_delta2	0.00140964822364564	0.00286865928541241	0.00671819692263238
thomebanking_lag2	0.0014062238473173	0.0020303751406259	0.00621252618652026
mprestamos_personales_rank_lag1	0.00140613397734872	0.00259510303866046	0.00115581882539912
mprestamos_personales_rank_lag2	0.00138516058793525	0.00241537105065973	0.00122805750198656
rf_016_020	0.00136996877380394	0.00162236245775727	0.00332297912302247
mplazo_fijo_dolares_rank	0.00134889441745785	0.00622845613862533	0.00130029617857401
Visa_Fvencimiento_tend6	0.00132768747099715	0.00104312003886027	0.0014447735317489
cliente_edad_lag2	0.00132722615921999	0.00385686055424604	0.00281730838691035
mactivos_margen_rank_lag2	0.00132624527229819	0.00204083068427647	0.00375641118254714
mcuentas_saldo_rank_lag2	0.00129214872267715	0.00339198906131217	0.00346745647619736
mttarjeta_visa_debitos_automaticos_rank_delta2	0.00127597096900023	0.00205358538739898	0.00173372823809868
mcuenta_corriente_rank_lag1	0.00125579830959713	0.00424659525060362	0.00296178574008524
rf_018_025	0.00123618053957838	0.00107398310750686	0.00115581882539912
mcaja_ahorro_rank_lag2	0.00122817856111219	0.00161943384540394	0.00231163765079824
ccaja_ahorro	0.00122135225872783	0.00309891049909	0.000577909412699559
mcuenta_corriente_rank_lag2	0.0012206976957002	0.00352502757199082	0.00274506971032291
vm_mpagominimo_rank_lag1	0.00120667337626529	0.00253988213125076	0.00231163765079824
Visa_mpagominimo_rank_lag1	0.00119563980968299	0.00204492411575132	0.00310626309326013
mtarjeta_visa_consumo_rank_delta2	0.00119465748983283	0.00190431096787284	0.00267283103373546
rf_002_026	0.00117284362295012	0.00193785351804813	0.00108358014881167
mrentabilidad_rank_delta1	0.00115159226116464	0.00212000127994937	0.00455103662500903
Visa_mpagospesos_rank	0.00114887358881327	0.00135511399145864	0.00339521779960991
mrentabilidad_annual_rank_lag1	0.00114860162134473	0.00246002642581013	0.00447879794842159
mpasivos_margen_rank_delta1	0.0011276102694673	0.0025134914909718	0.00476775265477137
Master_fechaalta	0.00112719896488155	0.00220789277964817	0.00585133280358304
Master_mfinanciacion_limite_rank_tend6	0.00112540475610717	0.00259105598792424	0.00534566206747092
mpasivos_margen_rank_delta2	0.00110426664759658	0.00238495456226792	0.00520118471429603
thomebanking_lag1	0.00110043238273126	0.00159236339601311	0.00483999133135881
mcomisiones_otras_rank_lag1	0.00109445716808509	0.00216349581147012	0.00440655927183414
Visa_mconsumospesos_rank_tend6	0.00108917291108273	0.00157595389068676	0.00404536588889692
internet	0.00108771491697889	0.00222901191769114	0.000505670736112115
Master_Fvencimiento_tend6	0.00108693665229975	0.00130678658697291	0.00223939897421079
vm_Fvencimiento_tend6	0.00107330659082156	0.0011995582947584	0.00195044426786101
internet_tend6	0.00105283162173588	0.00451377878386817	0.00108358014881167
Master_fechaalta_lag2	0.00105260660697614	0.00439534623036525	0.00592357148017048
Master_fechaalta_lag1	0.00104863698161733	0.00279489403353553	0.00512894603770859
Master_mlimitecompra_rank_tend6	0.00102259968466798	0.00286814379663167	0.00556237809723326
mcomisiones_rank	0.000996800936211112	0.00143016200204955	0.00281730838691035
vm_fechaalta_lag2	0.000990082982106019	0.00236260832239727	0.00390088853572203
mrentabilidad_rank_delta2	0.000958910657202297	0.00196890741030507	0.00469551397818392
Visa_cconsumos_tend6	0.000958546312517159	0.00236878093612659	0.00397312721230947
rf_017_020	0.000956299842227541	0.000813865348481196	0.0014447735317489
rf_013_019	0.000956232702469012	0.00148852089771838	0.000505670736112115
mcomisiones_rank_tend6	0.000950879861673886	0.00220171486526301	0.00317850176984758
ccaja_seguridad_lag2	0.000944070860564169	0.000740683168747064	0.000216716029762335
vm_fechaalta_lag1	0.000937275396449463	0.0018623668781862	0.0035396951527848
mactivos_margen_rank_delta1	0.000937079965995123	0.00220990172821271	0.00455103662500903
Master_mlimitecompra_rank_delta2	0.000935034514296812	0.00296881385240428	0.00527342339088348
mrentabilidad_annual_rank	0.00093335246395931	0.00303308562966612	0.00382864985913458
Visa_msaldototal_rank_lag1	0.000924337164379745	0.000791549587381644	0.00158925088492379
cprestamos_personales_delta2	0.000909603393988573	0.00275880716855555	0.000577909412699559
Visa_mconsumospesos_rank_lag1	0.000905564191476486	0.00163640124475778	0.00339521779960991
Visa_mpagominimo_rank_lag2	0.00090386684461554	0.00127028759600112	0.00231163765079824
mcomisiones_otras_rank	0.000894652236957637	0.00127513504576966	0.00274506971032291
mcomisiones_otras_rank_delta1	0.000886016959220098	0.00192245776315178	0.00346745647619736
mcuentas_saldo_rank_lag1	0.000883296215175785	0.00189357846495448	0.00187820559127357
mrentabilidad_rank_lag2	0.000870346288808903	0.00269332684176147	0.00469551397818392
Visa_fechaalta_lag1	0.000869890941978991	0.00196552824220508	0.00361193382937225
mautoservicio_rank_lag2	0.000869330788948775	0.00125899852421923	0.00158925088492379
chomebanking_transacciones_delta1	0.000859308536817067	0.00464286433045181	0.00325074044643502
mcomisiones_rank_lag1	0.00085483066062869	0.00242785144484237	0.00390088853572203
tcallcenter_delta1	0.000852057325333615	0.00127309429327006	0.000505670736112115
vm_fechaalta	0.000850830566868033	0.00131601502879579	0.00274506971032291
rf_019_021	0.000848047019733871	0.000599333229706395	0.000505670736112115
cprestamos_personales_tend6	0.000847340927095328	0.00222729715552588	0.00043343205952467
mpayroll_sobre_edad_rank_tend6	0.000842551586864324	0.00305798678565316	0.00115581882539912
mcomisiones_rank_delta1	0.000840723301647851	0.00300438390343956	0.00411760456548436
mrentabilidad_rank_lag1	0.000839676181051054	0.00210580744876544	0.00332297912302247
Visa_mpagominimo_rank_tend6	0.000834942775028345	0.00241229932059864	0.00325074044643502
internet_lag2	0.000831238158393976	0.0022169131707292	0.00108358014881167
Visa_cconsumos_lag2	0.000828807215089331	0.0010724750709195	0.00187820559127357
cdescubierto_preacordado_delta1	0.000822770036792491	0.00180488656622336	0.000361193382937225
Master_mlimitecompra_rank	0.000822396392134599	0.0021204293079087	0.00390088853572203
Visa_mlimitecompra_rank_lag2	0.00081573244185131	0.00169899006378943	0.00325074044643502
Master_mfinanciacion_limite_rank_delta2	0.000812320481346368	0.0015860993459705	0.00455103662500903
cliente_edad_lag1	0.000810501142287199	0.00368928297009359	0.00238387632738568
vm_Finiciomora_tend6	0.000795336806258567	0.00200631678891792	0.000794625442461894
Visa_mlimitecompra_rank_delta2	0.000784777242864142	0.00426106736621931	0.00411760456548436
ctrx_quarter_lag2	0.000782307301949958	0.00215830911972762	0.00231163765079824
Visa_msaldopesos_rank_lag2	0.000781036918682001	0.00146469975035938	0.00231163765079824
cliente_antiguedad_lag2	0.000773379653074985	0.00209992504594353	0.00281730838691035
Visa_Fvencimiento	0.000771780228141439	0.00243335087527961	0.00368417250595969
mrentabilidad_rank	0.000770462803491679	0.00208227518714989	0.00339521779960991
mcaja_ahorro_rank_delta2	0.000758693821678193	0.00297918723588927	0.00231163765079824
Visa_mconsumospesos_rank_lag2	0.000747653640937881	0.00159657079158859	0.00404536588889692
ccomisiones_otras_tend6	0.000744476934341945	0.0013489148744501	0.00158925088492379
chomebanking_transacciones	0.000741199668427774	0.00259881747324253	0.00339521779960991
chomebanking_transacciones_delta2	0.000741141077379132	0.00261294769655634	0.00223939897421079
ctarjeta_visa_transacciones	0.000740205721689081	0.00286144376764596	0.00108358014881167
vm_cconsumos_tend6	0.000739436376619366	0.00110557104084	0.00108358014881167
rf_004_019	0.000737437259973183	0.00101688974342057	0.00260059235714802
vm_Fvencimiento_lag1	0.000733777413698462	0.00147855964022519	0.00346745647619736
Master_mfinanciacion_limite_rank	0.000726990069515435	0.0019085223389402	0.00368417250595969
mrentabilidad_annual_rank_tend6	0.000726087035080362	0.00292928818694606	0.00346745647619736
ccajas_consultas_tend6	0.000717704440747937	0.00390955834947442	0.000866864119049339
mpagomiscuentas_rank	0.000714123056326166	0.00249206756521786	0.00122805750198656
cliente_edad	0.00070648380779827	0.00184376422650476	0.00180596691468612
mcaja_ahorro_rank_tend6	0.000702384830376515	0.0036244824524114	0.00245611500397313
Visa_fechaalta	0.000702376575166622	0.00234257184331027	0.00361193382937225
Visa_mfinanciacion_limite_rank_tend6	0.000699099400290941	0.00200500355143279	0.00404536588889692
rf_015_029	0.000698732181500199	0.000960868436978557	0.0014447735317489
mautoservicio_rank_delta2	0.000696225412871768	0.00130887106988322	0.0014447735317489
Visa_mconsumototal_rank_delta1	0.000693591719497778	0.00108902504362569	0.00223939897421079
Visa_fechaalta_lag2	0.000691963792040414	0.00135216682680986	0.00231163765079824
mcomisiones_mantenimiento_rank	0.000687038204359888	0.00149093269612701	0.00173372823809868
mpasivos_margen_rank_lag2	0.000683119780126307	0.0014792792042559	0.00317850176984758
ctrx_quarter_normalizado_tend6	0.000682011039183186	0.00181039659797229	0.00195044426786101
Visa_mpagospesos_rank_lag2	0.000679848507222143	0.00188113915085463	0.00325074044643502
cmobile_app_trx_lag2	0.000677540481404686	0.00435884856455742	0.00303402441667269
Visa_msaldototal_rank	0.000673716763196263	0.00154416320726762	0.00195044426786101
Visa_mconsumospesos_rank	0.000673220410618786	0.00185043377671937	0.00281730838691035
Visa_mpagominimo_rank_delta1	0.000670342068033255	0.00270250757768176	0.00274506971032291
mrentabilidad_rank_tend6	0.000667509846984417	0.00362728649935241	0.00274506971032291
ccallcenter_transacciones_tend6	0.000662797596422691	0.00319869534533681	0.00122805750198656
tcallcenter_delta2	0.000662457866019777	0.00180180556001455	0.000866864119049339
cproductos_delta1	0.000662048206942813	0.000777836790715482	0.00014447735317489
Visa_mconsumospesos_rank_delta2	0.000657805357600704	0.00153304243130874	0.00325074044643502
vmr_msaldopesos2_tend6	0.000653544533234288	0.00241053420220288	0.00158925088492379
Visa_cconsumos_lag1	0.000651994779354946	0.0021375331991505	0.00252835368056057
numero_de_cliente	0.000650202589959527	0.00228054621896195	0.00274506971032291
vm_fechaalta_delta2	0.000643550624507946	0.00136252695865525	0.000577909412699559
vm_mpagominimo_rank_lag2	0.000641721647458397	0.00109251287517047	0.00137253485516145
mcaja_ahorro_dolares_rank_delta2	0.000627358208246467	0.00300738539981073	0.00166148956151123
Master_mfinanciacion_limite_rank_delta1	0.000620867409631795	0.00112810545399308	0.0035396951527848
Visa_mconsumototal_rank_delta2	0.000620253791534324	0.0010059107600055	0.00238387632738568
vmr_msaldopesos2	0.000618733098527067	0.000579068822418132	0.00122805750198656
Master_mfinanciacion_limite_rank_lag1	0.000615526472457294	0.0015351322148749	0.00317850176984758
mcuenta_corriente_rank_delta1	0.000614430257996372	0.00135669226173593	0.00130029617857401
Visa_fultimo_cierre_tend6	0.000608551677452889	0.00111838405117679	0.00231163765079824
Visa_cconsumos_delta2	0.000608116039556357	0.00167900129060501	0.00122805750198656
Visa_Fvencimiento_lag2	0.000603641814531806	0.00173492320974997	0.00296178574008524
vmr_msaldopesos_tend6	0.00060059612463121	0.00187124415155947	0.00202268294444846
vmr_mpagominimo_lag2	0.000598659714617884	0.00175022487800511	0.00231163765079824
Visa_Fvencimiento_lag1	0.000594694533207525	0.00128315626322427	0.00274506971032291
Visa_mfinanciacion_limite_rank	0.000594153243318615	0.00217838932922534	0.00260059235714802
Master_Fvencimiento_lag2	0.000593542214417867	0.00144204607244983	0.00339521779960991
Visa_mconsumosdolares_rank	0.000591660142919479	0.00132349822968232	0.00260059235714802
vmr_mpagominimo	0.000590260087712802	0.00134333725933918	0.00173372823809868
Visa_mfinanciacion_limite_rank_lag1	0.000586745000955983	0.00181285477711954	0.00281730838691035
rf_009_025	0.00058539235349002	0.000849226023610677	0.00195044426786101
mtransferencias_recibidas_rank_lag2	0.000579989864189903	0.00137085693931272	0.00281730838691035
mactivos_margen_rank_tend6	0.000577869862416777	0.00197962798674779	0.00216716029762335
mtransferencias_emitidas_rank	0.000577816864045728	0.00404920545282548	0.0020949216210359
mcaja_ahorro_rank_delta1	0.000573823633946132	0.00483217062806919	0.00260059235714802
chomebanking_transacciones_lag2	0.000571437764444053	0.00164433367622702	0.0035396951527848
rf_017_018	0.000569621003964015	0.000895735303142209	0.0014447735317489
Master_mlimitecompra_rank_lag1	0.000568670732453442	0.00146822071100318	0.00375641118254714
Visa_mlimitecompra_rank_tend6	0.000567860444700847	0.00185343262276262	0.00317850176984758
Visa_fechaalta_delta2	0.00056580286591378	0.000685984375937906	0.000866864119049339
Master_mlimitecompra_rank_delta1	0.000564444756064918	0.00119278273142692	0.00368417250595969
Master_Fvencimiento	0.00056270168078315	0.00147908705548158	0.00296178574008524
Visa_msaldopesos_rank_delta1	0.000561558506504735	0.00106799734189602	0.0020949216210359
vm_Fvencimiento	0.000556697033794577	0.00193720286254339	0.00252835368056057
mpasivos_margen_rank_tend6	0.000549777623844496	0.00361757702301177	0.00310626309326013
Visa_mconsumospesos_rank_delta1	0.000548735887890752	0.0014430810255032	0.00303402441667269
mpagomiscuentas_rank_tend6	0.000545381557437757	0.00249508363839259	0.000866864119049339
cliente_antiguedad_lag1	0.000541962372273585	0.00206389251268594	0.00202268294444846
Visa_mfinanciacion_limite_rank_delta2	0.000540760839464127	0.00151371624010471	0.00375641118254714
mcomisiones_mantenimiento_rank_lag2	0.000539839578369345	0.00146440688912405	0.0014447735317489
vm_msaldototal_rank_delta2	0.00053830579185418	0.00111166546989563	0.00122805750198656
Visa_mpagospesos_rank_delta1	0.000538241344351597	0.00143862317393914	0.00346745647619736
Master_mfinanciacion_limite_rank_lag2	0.000530572664769539	0.00169979841380551	0.00310626309326013
Master_mlimitecompra_rank_lag2	0.000529566304272887	0.00140152123336519	0.0035396951527848
Visa_mlimitecompra_rank	0.000528317266808607	0.00169563342347677	0.00216716029762335
Visa_mpagospesos_rank_lag1	0.000522849921317059	0.00119858959990306	0.00317850176984758
mcaja_ahorro_dolares_rank	0.000522633449161665	0.00353528566621123	0.00180596691468612
cpagomiscuentas_tend6	0.000517528788769334	0.00281048326237016	0.000722386765874449
vm_cconsumos	0.000506425648651735	0.00120522602101866	0.000577909412699559
ccajas_transacciones_delta1	0.000499847575664856	0.00297008070915079	0.00115581882539912
vmr_Master_mlimitecompra_tend6	0.000499107505398224	0.00208392104078918	0.00130029617857401
Visa_msaldototal_rank_delta2	0.000496921256261555	0.00121759510142859	0.00238387632738568
ctrx_quarter_normalizado_lag1	0.000496019121054067	0.00107261818862726	0.00108358014881167
vm_msaldopesos_rank_lag1	0.000492254467747919	0.000808322187633249	0.000866864119049339
Master_Fvencimiento_lag1	0.000490868621748339	0.00105307202020574	0.00260059235714802
Visa_mpagospesos_rank_delta2	0.000488583892218639	0.00112872033007089	0.00317850176984758
mplazo_fijo_dolares_rank_delta2	0.000488422990177439	0.0030139515872364	0.000650148089287004
Visa_mconsumosdolares_rank_lag2	0.000486678356462585	0.00248804701776085	0.00267283103373546
Visa_mlimitecompra_rank_delta1	0.000484345298558143	0.00140376473595079	0.00303402441667269
Visa_msaldototal_rank_lag2	0.00048305750567804	0.00118443552363796	0.00223939897421079
Visa_msaldototal_rank_delta1	0.000481189860226676	0.00187323057233669	0.0020949216210359
Visa_Finiciomora_tend6	0.000480738381296628	0.00247213974957563	0.000577909412699559
cmobile_app_trx_tend6	0.000479475345984962	0.00365511626769277	0.0020949216210359
Visa_mpagominimo_rank_delta2	0.000473125940134574	0.00140536420885145	0.00202268294444846
chomebanking_transacciones_lag1	0.000471365476523247	0.0011484321439875	0.00216716029762335
mtransferencias_recibidas_rank_delta2	0.000466675188837483	0.0019138070928158	0.00180596691468612
Visa_mfinanciacion_limite_rank_delta1	0.000465731230985345	0.00135591571565491	0.00310626309326013
ccajas_transacciones_tend6	0.000463791168603065	0.00318669466050797	0.00108358014881167
Master_fultimo_cierre_tend6	0.000460596216535477	0.00155733931252966	0.00231163765079824
vm_mfinanciacion_limite_rank_lag2	0.000458624695782851	0.000470434531241225	0.000939102795636784
cliente_antiguedad	0.000458338956444008	0.00114857791202319	0.00158925088492379
mpayroll_rank_lag2	0.000457825699411445	0.00183768172392477	0.000650148089287004
rf_020_016	0.000450938999461025	0.00134725311884328	0.00158925088492379
Visa_mlimitecompra_rank_lag1	0.000447934121095385	0.0015531584202334	0.00238387632738568
vmr_Visa_mlimitecompra_lag1	0.000447787674190506	0.000973643017560486	0.00231163765079824
rf_013_016	0.00044569373587103	0.000434093234780766	0.000866864119049339
rf_008_013	0.000444925774038919	0.000393433228972122	0.000866864119049339
vmr_mpagominimo_lag1	0.00044285126462679	0.000856638990807286	0.00158925088492379
ccaja_seguridad_lag1	0.00044111742703032	0.000388918395357741	7.22386765874449e-05
mtarjeta_visa_consumo_rank_tend6	0.000439738941952546	0.000870217945913409	0.000939102795636784
vm_mfinanciacion_limite_rank	0.000439546793892866	0.000559007165215868	0.00108358014881167
vmr_msaldototal_lag2	0.000438357046892382	0.000407452138513224	0.00130029617857401
vmr_mpagominimo_delta2	0.000438330587320246	0.00084106963943207	0.00101134147222423
Master_mpagominimo_rank	0.000429314636306664	0.00218065403443431	0.00122805750198656
mautoservicio_rank_lag1	0.000428282607742049	0.0013410725541302	0.000722386765874449
rf_015_025	0.000428181737531339	0.000981774223623838	0.00260059235714802
mtarjeta_visa_consumo_rank_delta1	0.000426450376472903	0.000768591121761112	0.000939102795636784
Master_mpagominimo_rank_tend6	0.000422131944287074	0.00174538405405637	0.00101134147222423
ctrx_quarter_normalizado_lag2	0.000418540062909555	0.00103903323320523	0.00180596691468612
vm_fultimo_cierre_lag2	0.000417551888329415	0.00122679969030017	0.00187820559127357
vm_mpagominimo_rank_delta2	0.000416877620461684	0.00151912555939262	0.00202268294444846
Visa_cconsumos	0.00041568770173046	0.00203040826972492	0.00267283103373546
Master_cconsumos_tend6	0.000412647978740638	0.000860537623179904	0.00158925088492379
mtransferencias_emitidas_rank_lag2	0.00041100975915773	0.00185870677532652	0.00151701220833634
vm_msaldototal_rank_lag1	0.0004107875623119	0.0015477252479942	0.00108358014881167
ccomisiones_otras_lag2	0.000410614808626415	0.00204274289587187	0.00158925088492379
vm_cconsumos_lag2	0.000409413093884185	0.00168007864890512	0.00108358014881167
vmr_msaldototal_tend6	0.000408267398478	0.000942114716605584	0.000939102795636784
mtarjeta_visa_consumo_rank_lag2	0.000407921956267054	0.00200209349137491	0.00216716029762335
ccomisiones_mantenimiento_delta2	0.000403784456637977	0.00157934366009843	0.000361193382937225
Master_msaldopesos_rank	0.000403724782273385	0.00127797752246553	0.00137253485516145
tcallcenter_lag1	0.000395420221724135	0.00137125581366491	0.00130029617857401
Visa_msaldopesos_rank_tend6	0.000394014804279656	0.00151687410582326	0.00187820559127357
vmr_Master_mlimitecompra_lag1	0.000392799104899698	0.00168234865476994	0.00216716029762335
rf_011_024	0.000389073925270204	0.00140825439144992	0.00158925088492379
mpayroll_sobre_edad_rank_lag2	0.000388803508842951	0.00207947114020888	0.00108358014881167
vm_mlimitecompra_rank_delta2	0.000388102373685427	0.00253701050094774	0.00216716029762335
ctarjeta_debito_tend6	0.000386821424686313	0.00520359950947254	0.00108358014881167
vm_mlimitecompra_rank_tend6	0.000386365776844517	0.00157582667494652	0.00195044426786101
mttarjeta_visa_debitos_automaticos_rank_delta1	0.000386256792465446	0.00117653224577586	0.000939102795636784
vmr_msaldototal_lag1	0.000385661577586726	0.0012406993350848	0.000650148089287004
Visa_fechaalta_tend6	0.000383927043758723	0.000523238339586466	0.000866864119049339
Visa_msaldopesos_rank_delta2	0.000381300569433884	0.00123888651078646	0.00195044426786101
Master_mpagominimo_rank_lag1	0.000380121684979271	0.00151687145549533	0.00173372823809868
vmr_Master_mlimitecompra	0.000379923402683028	0.00106143380479827	0.0020949216210359
Visa_cconsumos_delta1	0.000378862635721957	0.000864047982512013	0.0014447735317489
vmr_msaldopesos_delta2	0.000378691768934467	0.00146413258018417	0.00130029617857401
mpayroll_rank_delta1	0.000376404062738614	0.00376044825027941	0.000939102795636784
vm_Fvencimiento_lag2	0.000373171333814591	0.00087327377400697	0.00195044426786101
rf_016_017	0.000372075107499781	0.00044921733106516	0.000577909412699559
Visa_mconsumosdolares_rank_lag1	0.00036528542608788	0.00114777486266296	0.00260059235714802
vm_mconsumospesos_rank	0.000364482858298876	0.00039398979783565	0.000794625442461894
vm_mconsumospesos_rank_lag2	0.000362067629530865	0.000633975665969133	0.0014447735317489
mcaja_ahorro_dolares_rank_lag1	0.000361692093029798	0.00106126153348337	0.00101134147222423
Master_mpagospesos_rank_tend6	0.000361061729013908	0.00132315898770836	0.0014447735317489
mpayroll_rank_tend6	0.000360740864391116	0.00235981355160399	0.00108358014881167
rf_010_017	0.000356133790045547	0.00103678575512774	0.00158925088492379
thomebanking_tend6	0.000353506835747316	0.00192039315770088	0.000722386765874449
mtransferencias_recibidas_rank_tend6	0.000350233533072559	0.00124030973688033	0.00173372823809868
mcaja_ahorro_dolares_rank_delta1	0.000350212866872765	0.00222059315104829	0.000866864119049339
mtransferencias_recibidas_rank_lag1	0.000349137254397015	0.00267656616798552	0.00166148956151123
Master_status_delta2	0.000347101657238118	0.00012343504745487	0.000216716029762335
Master_mconsumototal_rank_tend6	0.000345493771641133	0.0015141018628173	0.00166148956151123
vm_fultimo_cierre	0.000344272188773698	0.000616430495128392	0.00151701220833634
Visa_msaldototal_rank_tend6	0.000341093095162687	0.00117285624094866	0.00180596691468612
vmr_msaldopesos2_lag2	0.000340204682761177	0.0013853529078797	0.00166148956151123
mextraccion_autoservicio_rank_delta2	0.000338955664521805	0.0024156188563204	0.00130029617857401
Master_mconsumospesos_rank_tend6	0.000338594198513447	0.0016597016026802	0.00151701220833634
Master_msaldototal_rank	0.000334428861674319	0.00114645632452198	0.00122805750198656
ctarjeta_visa_transacciones_lag2	0.000333857104404284	0.000803203079252752	0.00137253485516145
Visa_mfinanciacion_limite_rank_lag2	0.00033252530744478	0.00074279680526451	0.00158925088492379
mtransferencias_emitidas_rank_lag1	0.000331885837476548	0.00184672331762918	0.00122805750198656
Visa_fultimo_cierre_lag2	0.000330676628001748	0.00186613166899878	0.00137253485516145
rf_019_023	0.000328048934004265	0.000928685505027029	0.00122805750198656
Visa_msaldopesos_rank_lag1	0.000327991198378949	0.00166799845423865	0.00195044426786101
rf_002_017	0.000327215100790064	0.000359149912142756	0.00115581882539912
ctransferencias_recibidas_tend6	0.000324162745617408	0.00315762056320844	0.00137253485516145
Master_msaldopesos_rank_lag1	0.000320016198053553	0.00115407071664063	0.00108358014881167
Visa_fultimo_cierre_delta2	0.000317674642998735	0.000443941853337291	0.000577909412699559
vm_msaldopesos_rank_delta2	0.000316444941028797	0.0021479264600949	0.00122805750198656
vm_mpagospesos_rank_delta2	0.000312152181019793	0.00085520383823776	0.00151701220833634
mplazo_fijo_dolares_rank_delta1	0.000311434935046305	0.00229125089343714	0.00043343205952467
vmr_Master_mlimitecompra_lag2	0.000309905531540109	0.00154103184482829	0.00166148956151123
vm_mfinanciacion_limite_rank_delta2	0.000309696227569154	0.00151037417659562	0.00158925088492379
vmr_mpagominimo_tend6	0.000309560089994061	0.000658394462274445	0.00108358014881167
mcomisiones_mantenimiento_rank_delta2	0.000305262629819644	0.00148828104304148	0.00101134147222423
ccaja_ahorro_lag1	0.000304930210637396	0.000388918395357741	7.22386765874449e-05
vmr_mpagospesos_tend6	0.000304136516330504	0.000698749680372109	0.0014447735317489
mttarjeta_visa_debitos_automaticos_rank_lag2	0.00030266688650807	0.000940952547811979	0.00130029617857401
Master_fultimo_cierre_delta1	0.000301772775077038	0.000753489553264052	0.00108358014881167
Master_mpagominimo_rank_lag2	0.000297417400814471	0.00115583981052827	0.00151701220833634
vm_cconsumos_delta2	0.00029510312952506	0.000799463466555428	0.000361193382937225
vm_mpagominimo_rank_tend6	0.000293080025470991	0.00116784182052106	0.00130029617857401
mcaja_ahorro_dolares_rank_tend6	0.000291256971334656	0.00118407110354875	0.000722386765874449
Master_msaldototal_rank_delta2	0.000291070325432293	0.0014283491777512	0.00137253485516145
vm_msaldopesos_rank_tend6	0.000289249424901245	0.000697378135672701	0.000794625442461894
vm_status01_delta2	0.000287097117495466	0.00096767712940905	0.000361193382937225
Master_fultimo_cierre_lag1	0.000284948369289781	0.000751040650264528	0.00137253485516145
Master_mpagospesos_rank	0.000284925073090331	0.00103393002679226	0.00130029617857401
vm_fultimo_cierre_lag1	0.000282223212518665	0.000790790268432116	0.0014447735317489
mpayroll_sobre_edad_rank_delta1	0.000278810878631825	0.00200878026872102	0.000650148089287004
vm_mfinanciacion_limite_rank_tend6	0.000278423897653511	0.0015788480487771	0.0014447735317489
ctarjeta_debito_transacciones_lag2	0.000278326775390872	0.00241496952597961	0.00137253485516145
ctarjeta_visa_debitos_automaticos_tend6	0.000276671487704808	0.00228569978160543	0.000794625442461894
ccajas_transacciones_lag2	0.000274656383373497	0.00123886530816308	0.0014447735317489
vmr_msaldototal	0.000273593761678883	0.000283089476285807	0.000650148089287004
vmr_Visa_mlimitecompra	0.000272565166814825	0.000894953456405348	0.00173372823809868
cmobile_app_trx_delta2	0.000268195717779267	0.00137671151369145	0.00151701220833634
vm_mlimitecompra_rank_delta1	0.000265877203774407	0.00140650650018565	0.00130029617857401
vm_msaldototal_rank_delta1	0.000265119357786705	0.000656423943464763	0.000939102795636784
chomebanking_transacciones_tend6	0.000264725105398505	0.00145925465164454	0.00101134147222423
Master_cconsumos_lag2	0.000263554794130962	0.0013839707618686	0.00137253485516145
vm_msaldototal_rank	0.000263451786438746	0.000825542693303598	0.000866864119049339
mtransferencias_emitidas_rank_tend6	0.000259973491159222	0.00182378472946806	0.00115581882539912
vm_msaldototal_rank_tend6	0.00025899976269772	0.000816156556969386	0.00137253485516145
Master_msaldopesos_rank_tend6	0.000258764633415572	0.000508677437985404	0.00137253485516145
mcaja_ahorro_dolares_rank_lag2	0.000256773788809517	0.000858496870680301	0.00115581882539912
mcuenta_debitos_automaticos_rank_delta2	0.000256154537611338	0.00225269392283425	0.000722386765874449
Visa_mpagado_rank_tend6	0.00025499452029781	0.00164948326337861	0.000939102795636784
mttarjeta_visa_debitos_automaticos_rank_lag1	0.000254910982154843	0.00078460440306319	0.00130029617857401
vm_mlimitecompra_rank_lag2	0.000253191696021821	0.000632411972495411	0.00122805750198656
ctarjeta_debito_transacciones_delta1	0.000250462561497192	0.00402265976836312	0.000939102795636784
vm_fultimo_cierre_delta1	0.000249341065726088	0.00118440769519479	0.00108358014881167
Master_cconsumos_delta2	0.000247649665091349	0.0010733231758544	0.00101134147222423
mautoservicio_rank	0.000246609617521929	0.00166982718050452	0.000939102795636784
ccomisiones_otras_delta2	0.000245696974089674	0.00171911135336993	0.00108358014881167
Master_mconsumospesos_rank_lag2	0.000245367856791915	0.00116545254989977	0.000939102795636784
vmr_mpagospesos_delta2	0.000244552690594828	0.00129987320658952	0.00122805750198656
vm_cconsumos_lag1	0.00024454201997598	0.000494079431793441	0.000577909412699559
vm_mlimitecompra_rank_lag1	0.000243274126170016	0.000820492493449062	0.00137253485516145
Visa_fultimo_cierre_lag1	0.00024173593212776	0.000439738433253693	0.00108358014881167
vm_msaldototal_rank_lag2	0.000241485775481273	0.000647994575510235	0.00101134147222423
vmr_msaldototal_delta2	0.000240386448746132	0.000554728210786506	0.000866864119049339
mttarjeta_visa_debitos_automaticos_rank	0.000240095080545306	0.000912053372155266	0.00137253485516145
Visa_mconsumosdolares_rank_delta2	0.000238170431469606	0.000816921176574757	0.00158925088492379
vmr_mconsumospesos	0.000238011275149811	0.000969479352395712	0.00122805750198656
vmr_Visa_mlimitecompra_tend6	0.000237941537592438	0.00146593347800687	0.000866864119049339
ccajas_consultas_delta2	0.000237891023281084	0.000439668199563772	0.00014447735317489
Master_msaldopesos_rank_lag2	0.000237497225018358	0.000803110317775497	0.00122805750198656
ctarjeta_debito_transacciones_tend6	0.000236058505399255	0.00264974219909139	0.00108358014881167
Master_fultimo_cierre	0.000235655270485638	0.000957829836016486	0.00115581882539912
vmr_msaldopesos_lag1	0.00023505078559614	0.000524519773136542	0.000866864119049339
Visa_mpagosdolares_rank_tend6	0.000234097560933045	0.000579255670536602	0.00115581882539912
ccajas_extracciones_tend6	0.000233999770364598	0.00381400342659042	0.000939102795636784
mpagomiscuentas_rank_delta2	0.000231348692229682	0.00190990978560714	0.000577909412699559
Master_mconsumospesos_rank	0.00022996950452073	0.00109100086309121	0.000939102795636784
rf_009_018	0.000229413484726316	0.000573377243206577	0.00028895470634978
vmr_mpagospesos_lag2	0.000229233814271025	0.000393525990449376	0.00108358014881167
mcomisiones_mantenimiento_rank_lag1	0.000227621717375033	0.000671891257214999	0.000939102795636784
matm_rank_lag2	0.000225885416631994	0.000770594769669813	0.00137253485516145
vm_mpagospesos_rank_lag2	0.000225771661057681	0.000954999285796258	0.00108358014881167
ccomisiones_otras	0.000224084207923587	0.00175461912169906	0.000505670736112115
vmr_mpagospesos	0.000223318556612739	0.000693777665191259	0.00101134147222423
ccallcenter_transacciones_delta2	0.000222920128746922	0.00102569148244808	0.000361193382937225
vmr_msaldopesos2_delta2	0.000221459444464943	0.00150522193911611	0.00108358014881167
rf_001_019	0.000220037322284178	0.000674959011784207	0.000722386765874449
vm_msaldopesos_rank_delta1	0.000218102306936394	0.00151548665915632	0.000939102795636784
Master_Fvencimiento_delta2	0.000216894972142084	0.0003817903384127	0.000722386765874449
rf_003_021	0.000215813120261575	0.000695875399741175	0.000650148089287004
rf_005_022	0.000215046862979126	0.000494535288195949	0.0014447735317489
vmr_mconsumosdolares_lag2	0.000214963748708765	0.00135490196522491	0.000794625442461894
vm_mconsumospesos_rank_tend6	0.00021427755547616	0.000305667619849594	0.000577909412699559
vmr_msaldopesos2_delta1	0.000212574334613575	0.000570135892158507	0.000939102795636784
Master_mconsumospesos_rank_lag1	0.000211723399220186	0.000705636557476288	0.000722386765874449
vmr_mconsumospesos_lag2	0.000209644469647899	0.000791789442058545	0.00115581882539912
rf_004_017	0.000209103395102896	0.00166230952535501	0.000722386765874449
ccomisiones_otras_lag1	0.000208739730359285	0.000532670856659306	0.000577909412699559
Master_msaldopesos_rank_delta2	0.000208407507155784	0.000898066266549222	0.00115581882539912
Master_mpagospesos_rank_delta2	0.000204499949106833	0.00082244048447141	0.000577909412699559
thomebanking_delta2	0.000203917523545093	0.000434105161256413	0.000505670736112115
Master_cconsumos	0.000203445832125163	0.000641969054980564	0.00101134147222423
mextraccion_autoservicio_rank_lag2	0.000202411357233827	0.000779078469346733	0.00115581882539912
rf_005_013	0.000202249920282021	0.000412259833362938	0.000794625442461894
Master_mconsumototal_rank_lag1	0.00020218229215576	0.000642797282456052	0.000939102795636784
mautoservicio_rank_tend6	0.000198657656795814	0.00117568546600493	0.000794625442461894
vm_mconsumospesos_rank_lag1	0.000196734206687414	0.000817483046094128	0.000939102795636784
Visa_fultimo_cierre	0.000194038096991745	0.000388290267640331	0.00101134147222423
rf_005_017	0.000192370598117691	0.000131064016377087	0.00028895470634978
vmr_Visa_mlimitecompra_lag2	0.000190897848592878	0.000459369412168703	0.000939102795636784
mforex_sell_rank_tend6	0.000189497028420815	0.00345088332322116	0.000794625442461894
vmr_mconsumospesos_lag1	0.00018635525674016	0.000476038649631368	0.000722386765874449
mtransferencias_emitidas_rank_delta1	0.000185434569868091	0.00199559886280313	0.000722386765874449
cmobile_app_trx_lag1	0.000185042854398993	0.000624201256594412	0.000577909412699559
vmr_mconsumospesos_tend6	0.000184271703798202	0.000592490083012922	0.000866864119049339
vm_mconsumototal_rank_delta2	0.000183685042169996	0.0010052892581079	0.000866864119049339
vm_fultimo_cierre_delta2	0.000182342354048026	0.000425706272072983	0.000794625442461894
Visa_mpagosdolares_rank	0.000177905871512983	0.000295019927424719	0.00101134147222423
vm_mfinanciacion_limite_rank_lag1	0.0001772434621463	0.000426441738071216	0.00108358014881167
vmr_msaldototal_delta1	0.000176457887243843	0.000214304190573547	0.000577909412699559
mtarjeta_visa_descuentos_rank_delta2	0.000174394611702453	0.00017806890722995	0.00028895470634978
rf_011_016	0.000174390063383167	0.000806505387843018	0.000866864119049339
Master_fultimo_cierre_delta2	0.000174188793626564	0.000534701007847222	0.00101134147222423
mtarjeta_visa_consumo_rank_lag1	0.000173792168050445	0.000683070340388148	0.000939102795636784
vm_mpagado_rank_delta2	0.000173655766178316	0.00143877424263067	0.000577909412699559
tcuentas_lag2	0.00017275616622038	0.00201809352103738	0.000650148089287004
Visa_mpagado_rank_delta2	0.000171428047347885	0.000658447468832876	0.000361193382937225
rf_013_021	0.000170980366731946	0.000520206364444199	0.000794625442461894
rf_010_013	0.000170926672212477	0.000477051074897404	0.00101134147222423
vm_mconsumospesos_rank_delta2	0.000170788631366271	0.000451617202998134	0.000722386765874449
tcallcenter_tend6	0.000170059609713117	0.00110474281336451	0.00043343205952467
Master_mconsumototal_rank_lag2	0.000169755243417275	0.000675156461214364	0.00101134147222423
thomebanking_delta1	0.000169574674850734	0.00068315780120956	0.00043343205952467
mcomisiones_mantenimiento_rank_delta1	0.000169074017805387	0.000672710208542762	0.000650148089287004
vmr_msaldopesos2_lag1	0.000168857132332646	0.00102046901127864	0.000866864119049339
rf_010_018	0.000168055030720396	0.000602228712960702	0.00043343205952467
vmr_msaldopesos_lag2	0.000166931540805295	0.000359017395746678	0.000650148089287004
Visa_mconsumosdolares_rank_delta1	0.000164803941338888	0.000753836746221776	0.00122805750198656
rf_019_016	0.000163487708643829	0.000252173401080786	0.000505670736112115
Visa_mpagosdolares_rank_lag2	0.00016306938926774	0.00036309360009004	0.000866864119049339
vm_Fvencimiento_delta2	0.000161788582556842	0.000741343100399533	0.000722386765874449
mcuenta_debitos_automaticos_rank_lag1	0.000159629046460888	0.000976305271957695	0.000650148089287004
Master_mconsumospesos_rank_delta1	0.000154035749967202	0.000681782281018269	0.000722386765874449
vm_mlimitecompra_rank	0.000153794254949636	0.000407570078105734	0.000722386765874449
Master_fultimo_cierre_lag2	0.000153047653803494	0.000812370563533435	0.00108358014881167
ctrx_quarter_lag1	0.000150394670153434	0.00155213671881964	0.000650148089287004
matm_other_rank_tend6	0.000149664720967283	0.00144942060989158	0.000577909412699559
vm_Fvencimiento_delta1	0.000148529770316097	0.000497139235378884	0.000361193382937225
rf_015_019	0.000146056874926737	0.000201264577199461	0.000505670736112115
minversion2_rank_lag1	0.000145116403676119	0.00324875738944719	0.000650148089287004
rf_018_021	0.00014313520915328	0.000935630689345482	0.000650148089287004
mpagomiscuentas_rank_delta1	0.000140900857963251	0.000952208490494853	0.000577909412699559
Visa_mpagosdolares_rank_delta1	0.000139804159981082	0.000279398894655032	0.000577909412699559
vm_msaldopesos_rank_lag2	0.000136719540212646	0.000757795010972629	0.000722386765874449
mextraccion_autoservicio_rank_tend6	0.000136230639398693	0.00102341882625534	0.000650148089287004
Master_cconsumos_delta1	0.000134618721526542	0.00106864932256472	0.000794625442461894
rf_001_015	0.000134216310504914	0.00044848849088673	0.000650148089287004
vmr_msaldopesos_delta1	0.000133302038903179	0.000237258680702196	0.000505670736112115
rf_006_014	0.000132804927095063	0.000386379381208884	0.000505670736112115
vmr_mpagospesos_lag1	0.00013226332628313	0.000264083974760286	0.000650148089287004
rf_014_017	0.000131088682538882	0.000506672464912743	0.00043343205952467
Visa_mpagado_rank_delta1	0.000129455739754355	0.000655174313849747	0.00043343205952467
mcuenta_debitos_automaticos_rank_tend6	0.000128783153331074	0.000875197912078024	0.000577909412699559
Master_mconsumosdolares_rank	0.000128671765926776	0.000242224070063242	0.000794625442461894
vm_mpagospesos_rank_lag1	0.00012782401173885	0.000206828940670781	0.00043343205952467
Master_mpagospesos_rank_delta1	0.000127815778969272	0.000482013813930529	0.000650148089287004
ctransferencias_recibidas_lag2	0.000126655379339276	0.0015950296259022	0.000577909412699559
vm_status02	0.000122485851231199	0.000624357625941784	0.000361193382937225
ccajas_transacciones_delta2	0.000122225260004727	0.000611755316674756	0.00043343205952467
ctransferencias_emitidas_tend6	0.000121479987990097	0.0016917838221707	0.000577909412699559
vm_mfinanciacion_limite_rank_delta1	0.000120925284818799	0.000644781052905341	0.00101134147222423
Master_mpagospesos_rank_lag1	0.000120360906879939	0.00206737106808299	0.000794625442461894
ctarjeta_visa_transacciones_delta1	0.000118349518830922	0.00321514593074594	0.000650148089287004
Visa_msaldodolares_rank_tend6	0.000117073068533065	0.00157085996042151	0.000505670736112115
cpagomiscuentas_delta2	0.000114725628796681	0.00154218871296606	0.00028895470634978
ctarjeta_debito_transacciones_delta2	0.000114211054766998	0.00201946374057283	0.000722386765874449
rf_017_015	0.000113838109041788	0.000332848057849174	0.000577909412699559
Master_msaldototal_rank_delta1	0.000112227746532764	0.000886887183376074	0.000650148089287004
cseguro_auto_delta2	0.000110640933720826	2.03068125350084e-05	7.22386765874449e-05
Master_mpagominimo_rank_delta1	0.000110400362911765	0.000205517028349608	0.000650148089287004
cdescubierto_preacordado_tend6	0.000110379386038285	0.00116675518607322	0.000216716029762335
Master_mpagospesos_rank_lag2	0.00010962639447238	0.000272950646821872	0.000505670736112115
Master_cconsumos_lag1	0.000108976391685453	0.000472862231617376	0.000722386765874449
ccajeros_propios_descuentos_delta1	0.000107661135232378	0.000115480088198302	0.000216716029762335
mtarjeta_master_consumo_rank_delta2	0.000107142927866453	0.000694612518486551	0.000361193382937225
vm_mpagado_rank_tend6	0.000106962105142573	0.000606858835839671	0.00043343205952467
matm_rank	0.000105769537072504	8.62747996666487e-05	0.000216716029762335
cextraccion_autoservicio_tend6	0.000105726813373423	0.000729929463205326	0.00043343205952467
rf_019_020	0.000105375525045006	0.000353223778910143	0.000505670736112115
mcuenta_debitos_automaticos_rank_delta1	0.00010470828639799	0.000451801400788683	0.000361193382937225
mpagomiscuentas_rank_lag2	0.000104352855753754	0.000400805116085947	0.00043343205952467
vmr_mpagado_delta2	0.000103900393854821	0.000432492436716142	0.00028895470634978
vmr_mconsumospesos_delta1	0.00010345206379956	0.000440007441537732	0.000505670736112115
catm_trx_tend6	0.000102930175058497	0.0011919253503443	0.000577909412699559
matm_rank_delta2	0.00010154232092089	0.000187639241354711	0.000505670736112115
ccomisiones_otras_delta1	0.000101150066364795	0.000406063366682326	0.000361193382937225
Visa_Fvencimiento_delta2	0.000100900389109913	0.000342124205574641	0.00028895470634978
vm_mconsumosdolares_rank_lag1	0.000100624636209665	0.000567594227681729	0.00043343205952467
vm_mconsumototal_rank_tend6	9.75393876916688e-05	0.000410816729809647	0.000650148089287004
vmr_mconsumospesos_delta2	9.42832315364988e-05	0.000215767171586249	0.000650148089287004
vm_mconsumospesos_rank_delta1	9.4015760151178e-05	0.000138115213812402	0.000361193382937225
rf_001_017	9.39086653296941e-05	0.00068869036074582	0.00043343205952467
vm_cconsumos_delta1	9.37439022246161e-05	0.0001533135192786	7.22386765874449e-05
active_quarter_lag2	9.26016662837936e-05	0.000298147314372162	0.000361193382937225
Master_mpagominimo_rank_delta2	9.22552357016651e-05	0.000124366637719299	0.00028895470634978
mprestamos_prendarios_rank_tend6	9.15030144203306e-05	0.00189601544147835	0.000361193382937225
mtransferencias_recibidas_rank_delta1	9.1306583543529e-05	0.000149296947313473	0.000361193382937225
vmr_mpagospesos_delta1	9.09294007545056e-05	0.00106261717621525	0.000577909412699559
vm_mpagospesos_rank	8.9996927896849e-05	0.000152311695324249	0.000505670736112115
ccomisiones_mantenimiento_lag2	8.89221349081372e-05	7.28826926789956e-05	7.22386765874449e-05
rf_017_017	8.881736423833e-05	0.000474758541245253	0.000361193382937225
vm_mconsumosdolares_rank_delta2	8.72979667852267e-05	0.000616266174797255	0.000361193382937225
ctarjeta_visa_debitos_automaticos_lag2	8.54152912268191e-05	0.000961686063142358	0.000361193382937225
cproductos_lag2	8.46048750625119e-05	0.000573994769612301	0.000216716029762335
mtarjeta_master_consumo_rank_tend6	8.18335434381792e-05	0.00018524599524154	0.00014447735317489
mpayroll_rank_lag1	8.07629801994006e-05	0.000183724707014564	0.000361193382937225
Master_msaldototal_rank_tend6	8.05953680055127e-05	0.000446396056992657	0.000505670736112115
ctarjeta_debito_lag2	8.03273628316015e-05	0.0017164835532357	0.00043343205952467
Master_msaldopesos_rank_delta1	8.01441847058286e-05	0.000312309341621029	0.00043343205952467
rf_002_016	7.9732909926225e-05	0.000721572979268641	0.000361193382937225
ctarjeta_master_transacciones_tend6	7.86358701084609e-05	0.0011669552858313	0.00028895470634978
tcuentas_lag1	7.70261724976422e-05	0.00222927960081121	0.000505670736112115
vm_mpagominimo_rank_delta1	7.63186669504128e-05	0.000424289671798908	0.000505670736112115
vmr_mpagado_tend6	7.60561166013782e-05	0.000582212111333104	0.000361193382937225
Master_mconsumosdolares_rank_delta1	7.57827164434289e-05	0.000419683401871233	0.000794625442461894
Visa_mpagado_rank_lag2	7.50356241868504e-05	0.000184690751541973	0.000361193382937225
rf_003_023	7.46554107918071e-05	0.000378688129580511	0.000361193382937225
vmr_mconsumosdolares	7.35635076451284e-05	0.000408027259672203	0.00014447735317489
cpayroll_trx_tend6	7.24501242970281e-05	0.000984607424171988	0.000216716029762335
mcuenta_debitos_automaticos_rank_lag2	6.92784647771443e-05	0.000325624589098957	0.000505670736112115
ctarjeta_visa_transacciones_lag1	6.89110589837813e-05	0.000186031817470283	0.000361193382937225
rf_006_017	6.78635407843505e-05	0.000825695087159088	0.00028895470634978
cseguro_vida_lag2	6.69931877037726e-05	0.00108365150376472	0.00028895470634978
rf_004_023	6.55971255432677e-05	0.000346344852789729	0.00014447735317489
rf_005_020	6.55704292154253e-05	0.000595288829298091	0.000361193382937225
ccajas_consultas_delta1	6.50563265985705e-05	0.000388918395357741	7.22386765874449e-05
ctarjeta_master_transacciones_lag1	6.36514445633718e-05	1.34848684649077e-05	7.22386765874449e-05
mpagomiscuentas_rank_lag1	6.28569151443338e-05	0.000660836739454164	0.00028895470634978
rf_001_013	6.14316403487284e-05	0.000237244103898627	0.000505670736112115
ctarjeta_visa_debitos_automaticos_delta2	6.00682908474767e-05	0.000107313102708008	0.00014447735317489
matm_rank_lag1	5.88665007224129e-05	0.000752148487335741	0.000505670736112115
vmr_mpagado_lag2	5.70040476273592e-05	0.000144025445077486	0.000216716029762335
vm_mpagospesos_rank_delta1	5.64628151690322e-05	0.000702821909223589	0.000505670736112115
vmr_mpagado	5.53766753599972e-05	0.000782200555638333	0.000216716029762335
vmr_mpagosdolares_lag2	5.49422993571475e-05	0.000409263637647612	0.000216716029762335
Master_mpagosdolares_rank_delta1	5.45603889756597e-05	0.000119969743697428	0.00043343205952467
rf_003_015	5.4519944048952e-05	0.000375807223129773	0.00028895470634978
ccomisiones_mantenimiento_delta1	5.44193529292635e-05	0.00109041911611243	0.000216716029762335
vmr_msaldodolares2_tend6	5.37316593538585e-05	0.000331061736830041	0.00014447735317489
vmr_Visa_mlimitecompra_delta2	5.37303654619509e-05	0.000169855541001029	0.00028895470634978
Visa_msaldodolares_rank_lag1	5.18433135435558e-05	0.000541044567727481	0.00028895470634978
mtarjeta_master_consumo_rank_delta1	5.17765710617044e-05	0.0015509520222387	0.000361193382937225
mforex_buy_rank_tend6	5.13879078078187e-05	0.000752311482502917	0.00014447735317489
ccomisiones_mantenimiento	5.04188971315335e-05	0.00116675518607322	0.000216716029762335
mautoservicio_rank_delta1	4.96582835050513e-05	0.00049652170897316	0.000216716029762335
vmr_Master_mlimitecompra_delta1	4.82269105955557e-05	7.64063036507124e-05	0.000216716029762335
Visa_msaldodolares_rank_lag2	4.77357609296472e-05	0.0010804830367345	0.000361193382937225
matm_other_rank_delta2	4.70963363043565e-05	0.000244193263708963	0.00028895470634978
Master_msaldodolares_rank_lag2	4.5986212952157e-05	0.00045804027271604	0.000216716029762335
vmr_mpagosdolares_tend6	4.55728729987276e-05	0.000141463903141296	7.22386765874449e-05
mtarjeta_master_consumo_rank_lag2	4.53568276248686e-05	9.65024151159566e-05	0.000505670736112115
ccallcenter_transacciones_lag2	4.45281743001365e-05	0.000320325258419793	0.000216716029762335
catm_trx_other_tend6	4.24850538180454e-05	0.000256830027238971	7.22386765874449e-05
ccuenta_debitos_automaticos_tend6	4.21227923420971e-05	0.001059753496896	0.000216716029762335
cextraccion_autoservicio_lag2	4.20310014826053e-05	0.000168701323191189	0.000216716029762335
vm_mpagado_rank	4.04132017547055e-05	0.00110312743849632	0.000216716029762335
vmr_mpagado_lag1	4.01467404744271e-05	0.000216384697991973	0.000216716029762335
mv_status07_rank_delta2	3.92604185336517e-05	0.000365828738505092	0.00014447735317489
active_quarter	3.91484722824126e-05	0.000152167252452524	0.00028895470634978
mcheques_depositados_rank_tend6	3.86792689115675e-05	0.00111907843709224	0.000216716029762335
cforex_tend6	3.86099805344879e-05	0.000696251746306037	0.00014447735317489
vmr_mconsumosdolares_delta2	3.8384292141957e-05	0.000794435794488225	0.00028895470634978
vm_mconsumototal_rank_delta1	3.80763618255101e-05	0.000109616237671846	0.000216716029762335
minversion2_rank	3.75283334426264e-05	0.000388918395357741	7.22386765874449e-05
Master_mpagado_rank_delta1	3.72968823773498e-05	0.00043718749262919	0.000216716029762335
mextraccion_autoservicio_rank_lag1	3.55906691403922e-05	0.000327781956027108	0.000216716029762335
cforex_buy_tend6	3.52296706385849e-05	0.00155567358143096	0.00028895470634978
mtarjeta_master_consumo_rank	3.5187050663623e-05	9.71066898820727e-05	0.000216716029762335
cpayroll_trx_delta2	3.37245718213873e-05	0.000893510352852057	0.000216716029762335
cproductos	3.37003243136352e-05	0.000682695318987247	0.00014447735317489
vm_mpagado_rank_delta1	3.36691126620805e-05	0.000115576825167439	7.22386765874449e-05
Master_mpagado_rank_delta2	3.34719716739955e-05	0.000798781007115626	0.000216716029762335
vm_msaldodolares_rank_delta1	3.31731328431593e-05	0.00105777502710255	0.000216716029762335
ccheques_depositados_tend6	3.28689066746144e-05	0.00115382291097996	0.000216716029762335
vmr_msaldodolares_lag2	3.18693741786624e-05	0.000282947683742004	0.00014447735317489
Master_mpagado_rank_tend6	3.13755865291243e-05	0.000146777810624028	0.00014447735317489
rf_001_021	3.04615421563512e-05	0.000345070045059457	0.000216716029762335
rf_003_017	3.02476076680696e-05	0.000238669980320427	7.22386765874449e-05
ctransferencias_emitidas_lag2	2.91410760959753e-05	0.00046933994580962	0.00014447735317489
mforex_sell_rank_delta1	2.85698401061326e-05	0.000602597108541799	0.00014447735317489
cmobile_app_trx	2.81579735671262e-05	0.00110904562074517	0.000216716029762335
mtarjeta_master_consumo_rank_lag1	2.47067230221034e-05	0.000435637050795076	0.000216716029762335
Visa_mpagado_rank_lag1	2.43639021723317e-05	3.85688970785317e-05	7.22386765874449e-05
rf_008_014	2.34003370123481e-05	0.000325208487615271	7.22386765874449e-05
Visa_msaldodolares_rank_delta1	2.26101081549022e-05	0.000750498658204569	0.00014447735317489
Master_msaldodolares_rank_tend6	2.21933496273501e-05	5.40136830414346e-05	0.000216716029762335
ctarjeta_debito_lag1	2.19914376621928e-05	0.000366228938021248	7.22386765874449e-05
ccallcenter_transacciones_delta1	2.08079753730468e-05	0.000732289580219477	0.00014447735317489
ctransferencias_recibidas_lag1	2.06783720850668e-05	0.000389716144062131	0.00014447735317489
cforex_sell_tend6	2.06334482378234e-05	0.00038085742298431	7.22386765874449e-05
cpagomiscuentas_lag1	2.01965383079132e-05	3.32377624643097e-05	7.22386765874449e-05
mv_status07_rank_lag2	1.98715786186314e-05	0.000284156233274236	7.22386765874449e-05
ctarjeta_debito_transacciones_lag1	1.92671429316e-05	0.000168971656639189	0.00014447735317489
vmr_msaldodolares2_lag2	1.92059503550685e-05	0.000558123280854027	0.00014447735317489
vmr_mconsumosdolares_lag1	1.89003259055978e-05	6.19394886908659e-05	7.22386765874449e-05
vm_mconsumosdolares_rank_tend6	1.87659100844076e-05	8.47707385711622e-05	0.00014447735317489
mv_status07_rank_delta1	1.81267780143272e-05	2.37191097340196e-05	7.22386765874449e-05
mcajeros_propios_descuentos_rank_delta2	1.62186930385537e-05	6.32514010120391e-05	7.22386765874449e-05
cforex_sell_delta2	1.61163066937109e-05	0.000729386145981406	0.00014447735317489
mplazo_fijo_dolares_rank_lag1	1.59547311106292e-05	0.000363548131328588	7.22386765874449e-05
mv_status07_rank	1.56816454495311e-05	4.96048625439161e-05	7.22386765874449e-05
cprestamos_personales_lag2	1.52550015479112e-05	0.000129504298395247	7.22386765874449e-05
vmr_mpagosdolares_lag1	1.48043913904801e-05	0.000565945723714517	0.00014447735317489
vm_mpagado_rank_lag2	1.40253348175784e-05	0.000105428719555778	7.22386765874449e-05
cliente_edad_delta2	1.30774931703545e-05	0.000157499712230707	7.22386765874449e-05
vmr_mpagosdolares_delta2	1.15175701716362e-05	0.000301004367871606	7.22386765874449e-05
Master_mpagado_rank_lag1	1.14843797830223e-05	0.000331434107903021	7.22386765874449e-05
catm_trx_delta1	1.1440702619914e-05	0.00031003801059225	7.22386765874449e-05
ctarjeta_master_delta2	1.08995925028567e-05	0.000356420074383547	7.22386765874449e-05
catm_trx_other_lag2	1.0710955562818e-05	0.000278195645778643	7.22386765874449e-05
matm_other_rank_lag2	1.00470878665906e-05	5.35021697525731e-05	0.00014447735317489
ctarjeta_visa_debitos_automaticos	9.96335133462138e-06	0.000388918395357741	7.22386765874449e-05
cpagomiscuentas_lag2	9.82402125079556e-06	0.000312346446211931	7.22386765874449e-05
ccuenta_debitos_automaticos_delta2	9.59523110813674e-06	0.000388918395357741	7.22386765874449e-05
mv_status07_rank_lag1	9.55759321542743e-06	9.0932750988794e-05	7.22386765874449e-05
cplazo_fijo_delta1	9.17493498968318e-06	0.000388918395357741	7.22386765874449e-05
mtarjeta_master_descuentos_rank_delta2	8.67786639995079e-06	3.67613734360264e-05	7.22386765874449e-05
cpagomiscuentas	7.74066711340155e-06	0.000388918395357741	7.22386765874449e-05
ctransferencias_recibidas	7.69966816026428e-06	0.000354705312218296	7.22386765874449e-05
mv_status07_rank_tend6	7.69699859396987e-06	0.000123510581800635	7.22386765874449e-05
ccheques_emitidos	6.78900429619169e-06	0.000388918395357741	7.22386765874449e-05
