Feature	Gain	Cover	Frequency
rf_004_022	0.146086173649691	0.00557182810552585	0.00624804748516089
rf_018_027	0.0838300697001294	0.00512470954237872	0.00499843798812871
mcaja_ahorro_rank	0.0569851840123512	0.00182914838891763	0.00124960949703218
rf_008_013	0.0552069352229546	0.00351360000404524	0.00312402374258044
vm_status01	0.0538404635153117	0.00289036361341048	0.00171821305841924
mcaja_ahorro_rank_lag1	0.0337492894311517	0.00442286137662561	0.00265542018119338
mtarjeta_visa_consumo_rank	0.0235944458332315	0.00186116454766331	0.00171821305841924
ctrx_quarter_normalizado	0.0214766024381279	0.00107044612929649	0.000937207122774133
rf_009_015	0.0202733461707602	0.00203863522265152	0.00265542018119338
rf_007_026	0.0198547629164796	0.00126024274817895	0.00124960949703218
cpayroll_trx	0.0163293330764388	0.00216963472352349	0.000937207122774133
ccomisiones_mantenimiento_tend6	0.0144229247313203	0.00369494563840444	0.00171821305841924
mpasivos_margen_rank	0.014103468186135	0.00284171778006059	0.00312402374258044
rf_013_026	0.0135892830254613	0.00580232103856531	0.00343642611683849
mprestamos_personales_rank	0.0132206696624113	0.0162177473255009	0.00765385816932209
cdescubierto_preacordado	0.0124275117683599	0.0101884386828025	0.00531084036238675
rf_009_026	0.0116101461895529	0.000582537612274653	0.000468603561387067
cproductos_delta2	0.01034669036409	0.00072321157450783	0.000312402374258044
rf_017_021	0.0102799535838428	0.00157532068464537	0.000937207122774133
ctrx_quarter	0.00994990435771773	0.00274919804265933	0.00156201187129022
mcuentas_saldo_rank_lag1	0.00993432540363433	0.00353462335277248	0.00265542018119338
foto_mes	0.00966084224831981	0.0154162936063393	0.0132771009059669
rf_016_022	0.00925394398449693	0.00104920346649356	0.000624804748516089
mpayroll_sobre_edad_rank_lag1	0.00848963273796596	0.00134719215447806	0.000781005935645111
mpayroll_sobre_edad_rank	0.00699069816243649	0.00312844752409212	0.0014058106841612
cproductos_tend6	0.00693911352422287	0.00618467295169799	0.0028116213683224
vm_msaldopesos_rank	0.00637286861244605	0.000638589608034405	0.000937207122774133
ctrx_quarter_normalizado_delta2	0.00625156051359623	0.00201396978174601	0.00265542018119338
mcuenta_corriente_rank_tend6	0.00582502301404978	0.0049030384564287	0.00359262730396751
rf_010_019	0.00569942059020416	0.00166850822108608	0.00203061543267729
mprestamos_personales_rank_lag2	0.00485341285081739	0.00577000301494017	0.00328022492970947
mcuentas_saldo_rank	0.00462436488395869	0.00505628971127207	0.00296782255545142
Visa_msaldopesos_rank	0.00460542399710579	0.00308347581756077	0.00359262730396751
rf_001_022	0.00460455753410429	0.00171260636761933	0.00296782255545142
mcuentas_saldo_rank_tend6	0.00445718798320404	0.00393409901323045	0.00312402374258044
vm_status06_delta2	0.00427736657593276	0.00072321157450783	0.000312402374258044
rf_010_015	0.00399702542300746	0.00102136659620142	0.000781005935645111
mcuentas_saldo_rank_delta1	0.00399028062356575	0.00405044020197629	0.0042174320524836
rf_003_018	0.00351120694365217	0.00246689277528956	0.00312402374258044
mcomisiones_rank_lag2	0.00334534420713494	0.00331568013965152	0.00624804748516089
mcuenta_corriente_rank	0.00331293150381561	0.00769207527056707	0.00640424867228991
rf_018_025	0.00331120827458082	0.000609552670833735	0.000468603561387067
ctrx_quarter_normalizado_delta1	0.00329220964812996	0.00283125970211434	0.00249921899406436
ctrx_quarter_delta1	0.00322245881517161	0.00163887125043114	0.0014058106841612
mactivos_margen_rank	0.00316358038397516	0.00883910760003568	0.00640424867228991
cproductos_delta1	0.00311953252541775	0.00108481736176175	0.000468603561387067
mcuentas_saldo_rank_delta2	0.00308674392769825	0.0054725983430898	0.0056232427366448
mrentabilidad_annual_rank_lag2	0.00303365889310862	0.00421489125989829	0.00656044985941893
rf_014_025	0.00286526390593863	0.00294455883213618	0.00312402374258044
tcallcenter	0.0028009460854242	0.00269607475228109	0.00156201187129022
vm_cconsumos_tend6	0.0027662316425098	0.00148391846334887	0.00109340830990316
Visa_mpagominimo_rank	0.00275956330247256	0.00693347404327293	0.00796626054358013
ctarjeta_visa_transacciones_tend6	0.00261590744507885	0.0036558867872058	0.00265542018119338
internet	0.00258109193305751	0.00281547524917261	0.0014058106841612
mcuenta_corriente_rank_delta2	0.00256968019115242	0.00207232580740203	0.00156201187129022
ctarjeta_visa_transacciones	0.00252950787952531	0.000992381407265804	0.000781005935645111
vm_msaldototal_rank_lag1	0.00246815907548182	0.00103221771454174	0.000937207122774133
thomebanking	0.00236534997396305	0.00355386015425396	0.0056232427366448
mprestamos_personales_rank_tend6	0.0023108540996503	0.00340591925708594	0.00187441424554827
mcuenta_debitos_automaticos_rank	0.00222386584838054	0.003160771708225	0.00203061543267729
mprestamos_personales_rank_lag1	0.00222376057187536	0.00271398827669915	0.00171821305841924
ctrx_quarter_normalizado_tend6	0.00214244993182807	0.00221970856256845	0.00187441424554827
mcuentas_saldo_rank_lag2	0.00211310346978224	0.00526184121265909	0.00499843798812871
mprestamos_personales_rank_delta2	0.0021121352273532	0.00553641997121631	0.00296782255545142
mttarjeta_visa_debitos_automaticos_rank_tend6	0.00208715142417457	0.00325225278402062	0.00187441424554827
ccaja_ahorro	0.00208140011309008	0.00687050995782439	0.00296782255545142
mpasivos_margen_rank_lag1	0.0019441765321498	0.00277780374431792	0.00328022492970947
mcaja_ahorro_rank_delta2	0.00193706232291048	0.00400934591901902	0.00406123086535458
Visa_mpagospesos_rank_tend6	0.00191798782327521	0.00355156721327164	0.00640424867228991
ctarjeta_visa_transacciones_delta2	0.00191209221897134	0.0030075574164281	0.00171821305841924
mcomisiones_rank	0.00173003054214829	0.0019860577532594	0.00343642611683849
mrentabilidad_annual_rank_delta2	0.00172236399120125	0.00314222241940775	0.00593564511090284
Master_Fvencimiento_tend6	0.00172074673480029	0.00291627224477874	0.00265542018119338
ctrx_quarter_tend6	0.00168832602824536	0.00332954128207556	0.00249921899406436
vm_status04_tend6	0.00168676058298435	0.0010530266775995	0.000468603561387067
vm_mconsumototal_rank_tend6	0.00164528167302239	0.000832596317909124	0.000937207122774133
ctrx_quarter_delta2	0.00162952101918727	0.0014275756916236	0.00187441424554827
mcomisiones_otras_rank_tend6	0.00160829509272633	0.0022936876358633	0.00265542018119338
mcomisiones_mantenimiento_rank_delta2	0.00159219844094402	0.00271938118517827	0.00171821305841924
mtarjeta_visa_consumo_rank_delta2	0.00155879269890962	0.00194786630155111	0.00203061543267729
internet_lag2	0.00151512955533991	0.000589847670763709	0.000624804748516089
mcuenta_corriente_rank_lag1	0.0014607713542681	0.00546345491749612	0.00437363323961262
mcuenta_corriente_rank_lag2	0.00142304086880246	0.00505850256565372	0.00515463917525773
mcomisiones_otras_rank	0.00142097164010631	0.000940192049861553	0.00203061543267729
Visa_cconsumos_tend6	0.00136700286628517	0.00340169438087509	0.00484223680099969
rf_017_020	0.00134637575495368	0.00081229005228328	0.0014058106841612
mactivos_margen_rank_lag1	0.00131087728733864	0.00359459712776208	0.00296782255545142
mpayroll_rank	0.00126326714415347	0.0040295622412318	0.00218681661980631
rf_016_020	0.00124460867438872	0.0014464367021327	0.0028116213683224
vmr_mpagominimo_delta2	0.00121526951259045	0.00328008595800811	0.00218681661980631
mrentabilidad_rank_lag2	0.00119106975488404	0.00348166886030642	0.00546704154951578
mrentabilidad_annual_rank	0.0011672351284151	0.00391383094275262	0.00406123086535458
mrentabilidad_annual_rank_lag1	0.00114086270417654	0.00284878757874763	0.00390502967822555
vm_Fvencimiento_tend6	0.00111672863581207	0.00163119772198519	0.00203061543267729
cproductos	0.0011134805959055	0.00779610037223106	0.00359262730396751
mcomisiones_mantenimiento_rank_tend6	0.0010987421336693	0.00306251037760631	0.00234301780693533
mrentabilidad_annual_rank_delta1	0.00109416851597666	0.00307238813572308	0.00437363323961262
rf_006_019	0.00108780476997932	0.00478335704038405	0.00671665104654795
Master_delinquency	0.00104112722748151	0.0063138686559025	0.00484223680099969
ccomisiones_mantenimiento_delta1	0.000966765887664302	0.00253124051077741	0.00109340830990316
rf_014_015	0.000959399096437144	0.00118011548815556	0.000624804748516089
vm_cconsumos_delta2	0.00095828883719967	0.00106558425658491	0.000468603561387067
mactivos_margen_rank_delta1	0.000950378260512825	0.00376811891728638	0.00593564511090284
mactivos_margen_rank_delta2	0.000939245629523958	0.0046923244495522	0.00749765698219307
Visa_mpagominimo_rank_lag1	0.000937281648904293	0.00170263743398796	0.00296782255545142
Visa_Fvencimiento_tend6	0.000922249131534788	0.00270950465916305	0.00249921899406436
rf_004_021	0.000907665875288899	0.00330229089212066	0.00156201187129022
rf_012_027	0.000889659529751186	0.00289377653470067	0.00452983442674164
mcomisiones_rank_lag1	0.000867887391024782	0.00321064348261595	0.00531084036238675
mcomisiones_otras_rank_lag2	0.000866406812463897	0.00308242237073654	0.00577944392377382
Visa_cconsumos	0.00085220824851084	0.00305399285959943	0.00406123086535458
vm_mpagominimo_rank_lag2	0.000839477586879336	0.00131300996120959	0.00156201187129022
thomebanking_lag2	0.00083533055736505	0.00345207747740879	0.00687285223367698
Visa_msaldototal_rank	0.000832675578284191	0.00180379050694169	0.00234301780693533
internet_tend6	0.000818983630393886	0.00467819717319361	0.00234301780693533
cproductos_lag2	0.000806742984104115	0.00122019575153816	0.000624804748516089
Visa_mpagospesos_rank	0.00080428772209829	0.00240814247713792	0.00312402374258044
cprestamos_personales_tend6	0.000803548080967971	0.000361605787253915	0.000156201187129022
vm_fechaalta	0.000800680646233977	0.00398548996883107	0.00452983442674164
cliente_edad	0.000776965791873685	0.00347793928891819	0.00359262730396751
Visa_mconsumospesos_rank_lag2	0.000770016740519367	0.00210600653534014	0.00374882849109653
mtransferencias_recibidas_rank	0.000763758864145579	0.00484619052306842	0.00312402374258044
mcomisiones_otras_rank_lag1	0.000757026743635817	0.00258147082671906	0.00406123086535458
mpagomiscuentas_rank	0.000744313904978756	0.00296356399852649	0.00171821305841924
cliente_edad_lag2	0.000742853989328438	0.00407054193874503	0.00374882849109653
ccomisiones_otras_lag2	0.00073809767061716	0.00161379182340523	0.00218681661980631
mautoservicio_rank	0.000733411651383881	0.00228624081410233	0.00124960949703218
chomebanking_transacciones_delta1	0.000718672138259762	0.00292737224763191	0.00296782255545142
mcaja_ahorro_dolares_rank	0.00071445662601112	0.00456696427746911	0.00296782255545142
chomebanking_transacciones	0.000711502702596941	0.00397148343842426	0.00343642611683849
mcomisiones_rank_delta2	0.000694841540130395	0.00286040629635285	0.00484223680099969
rf_017_016	0.000690911176816894	0.00217047008837358	0.00218681661980631
cmobile_app_trx_lag2	0.000684789347732699	0.0027189327002145	0.00312402374258044
Visa_msaldopesos_rank_delta1	0.000673356583453365	0.00133707906496548	0.00171821305841924
mrentabilidad_rank	0.000672963782360121	0.00363800652952955	0.00374882849109653
vm_Fvencimiento	0.000654537634025778	0.00280877015254402	0.00437363323961262
Visa_mconsumosdolares_rank	0.00064696934994611	0.00255520488590165	0.00437363323961262
Visa_fechaalta_lag2	0.000644010190646125	0.00300213370541026	0.00452983442674164
Visa_mpagominimo_rank_delta2	0.000642128651993605	0.00150800481652645	0.00218681661980631
Visa_mconsumospesos_rank	0.000639787964946966	0.00363441248931169	0.00484223680099969
vmr_msaldopesos2_tend6	0.000636688255254161	0.00414781811578448	0.00296782255545142
ccajas_consultas_tend6	0.000634246914916785	0.00284427562287591	0.00124960949703218
rf_009_025	0.000631825789170113	0.00242979296555351	0.00218681661980631
mpayroll_rank_tend6	0.000630961633111847	0.00375937962100071	0.00187441424554827
vmr_msaldototal_lag2	0.000617380753534692	0.00185638399365395	0.00187441424554827
Visa_fechaalta_lag1	0.000611898735556134	0.00289993827454624	0.00437363323961262
mrentabilidad_rank_delta1	0.000611818940005661	0.00252834876844236	0.0042174320524836
Visa_msaldototal_rank_delta1	0.00060221092411887	0.00165330901638003	0.00203061543267729
Visa_mpagospesos_rank_lag1	0.000597103234858848	0.00138223065832296	0.00312402374258044
ctarjeta_visa_transacciones_delta1	0.000596528934324971	0.000567052560009281	0.000312402374258044
cliente_edad_lag1	0.000594620731891846	0.004096380340325	0.00328022492970947
vm_fechaalta_lag1	0.000592042589950418	0.00292626705254264	0.00484223680099969
ccajas_transacciones_delta1	0.000589548842925065	0.00286044941990706	0.00124960949703218
Visa_mpagominimo_rank_lag2	0.000587172815733307	0.00177696642412267	0.00296782255545142
Visa_mfinanciacion_limite_rank_tend6	0.000579623212898091	0.00491719037481827	0.00593564511090284
rf_004_019	0.000579391239583924	0.0018006856110387	0.0028116213683224
vmr_mpagominimo_delta1	0.000574345735904757	0.00172013820438717	0.000937207122774133
vmr_mpagominimo	0.000569858249093487	0.00241365243526417	0.00187441424554827
mrentabilidad_rank_lag1	0.000562707035674961	0.00245065983738406	0.00359262730396751
thomebanking_lag1	0.000554606638253871	0.0022075920759375	0.0042174320524836
Visa_mconsumototal_rank_delta2	0.00055435854626832	0.00168546317049917	0.0028116213683224
tcallcenter_delta2	0.000553250384190774	0.00202570185269373	0.00124960949703218
Master_fechaalta_lag1	0.000552808688152317	0.00275582058848415	0.00437363323961262
vm_fechaalta_lag2	0.000552245631292134	0.00209828741913688	0.00328022492970947
numero_de_cliente	0.00055095603199252	0.00283973040026237	0.00374882849109653
vm_Fvencimiento_lag2	0.000550311295907585	0.000959786160792187	0.00187441424554827
mcomisiones_otras_rank_delta2	0.000548516439592939	0.00250833943928978	0.00437363323961262
cliente_antiguedad_lag2	0.000546956789169082	0.00288984243445534	0.00328022492970947
Master_mlimitecompra_rank_delta2	0.000546037899044602	0.00320366609154507	0.00468603561387067
Master_fultimo_cierre_tend6	0.000544854435193335	0.000836903744923743	0.00156201187129022
Master_fultimo_cierre_lag2	0.000543336837914341	0.0015215024889936	0.00249921899406436
Visa_cconsumos_lag1	0.000542929552799472	0.00221580156855719	0.00249921899406436
mtarjeta_visa_consumo_rank_lag2	0.00054079923383847	0.0029468135779705	0.00312402374258044
mttarjeta_visa_debitos_automaticos_rank_delta2	0.000539770673347184	0.000475513575440869	0.000468603561387067
mcaja_ahorro_dolares_rank_delta2	0.00053948803834981	0.00325238338678479	0.00171821305841924
Visa_msaldototal_rank_delta2	0.000533012388440139	0.00134470577355258	0.0028116213683224
rf_020_025	0.000516882086030442	0.000574971276663446	0.00109340830990316
mcaja_ahorro_rank_tend6	0.000514482571955335	0.0043727863054791	0.00296782255545142
cliente_antiguedad_lag1	0.000507307302935383	0.00256575167515941	0.00312402374258044
rf_007_015	0.00050299787758031	0.000572790456922063	0.000781005935645111
mtarjeta_visa_consumo_rank_tend6	0.000502190303681594	0.00220867262899581	0.00171821305841924
vmr_mpagominimo_lag1	0.000501729883605391	0.00229123698588273	0.00218681661980631
Visa_fechaalta_delta2	0.000501617664393029	0.000812493349038833	0.000781005935645111
Master_fechaalta	0.000501009120280186	0.00302568163021101	0.00390502967822555
Visa_fechaalta_tend6	0.000498158548340078	0.00277226298365295	0.00265542018119338
mactivos_margen_rank_lag2	0.00049751400670018	0.0029959621087523	0.00359262730396751
ctrx_quarter_lag2	0.000489294712653935	0.00219128767614218	0.00234301780693533
mpayroll_rank_lag2	0.000489198836441178	0.00598727919466561	0.00265542018119338
Master_msaldototal_rank	0.000488420773952367	0.00122298153314001	0.0014058106841612
Visa_mpagado_rank_tend6	0.000479805043979288	0.00077187835358405	0.000781005935645111
vm_mpagominimo_rank_lag1	0.000477591343101234	0.00268550455309389	0.00249921899406436
tcallcenter_delta1	0.000477326134014229	0.00151551570756796	0.000781005935645111
ctarjeta_visa_debitos_automaticos_tend6	0.000476361076560283	0.00189638663463898	0.000937207122774133
vm_mpagominimo_rank	0.0004758861490764	0.0018682331142488	0.0014058106841612
mrentabilidad_rank_delta2	0.000474385378235023	0.00275747406876265	0.00499843798812871
Master_mfinanciacion_limite_rank_tend6	0.00047340303363638	0.00282757079007722	0.00452983442674164
mpasivos_margen_rank_lag2	0.000473000744933155	0.00220667785658829	0.00312402374258044
chomebanking_transacciones_delta2	0.000469650132095963	0.002243554655944	0.00234301780693533
Visa_msaldopesos_rank_delta2	0.000468938538424156	0.000929512193636518	0.00124960949703218
vm_mfinanciacion_limite_rank_tend6	0.000467866792610861	0.00519927016760461	0.00374882849109653
Visa_mlimitecompra_rank_lag2	0.000454825045076465	0.00142343336621652	0.00249921899406436
mcomisiones_mantenimiento_rank_lag2	0.000453489415770586	0.00212922672112891	0.00187441424554827
mprestamos_personales_rank_delta1	0.000449054775696993	0.00348953952500019	0.00203061543267729
Visa_mlimitecompra_rank_delta2	0.000444331017586146	0.00351129104574278	0.00390502967822555
Visa_cconsumos_lag2	0.000442806695815726	0.00125182010199132	0.00218681661980631
vmr_msaldototal_tend6	0.000437841957796595	0.00104185644495804	0.00109340830990316
mpagomiscuentas_rank_tend6	0.000437555313884921	0.001843762345388	0.000937207122774133
Visa_msaldototal_rank_lag1	0.000435672380074834	0.00169084129375971	0.00203061543267729
rf_011_016	0.000432828904705435	0.00105497955855435	0.000937207122774133
Master_Fvencimiento_lag1	0.000430168177667717	0.00211103967016701	0.00359262730396751
rf_002_026	0.000429901431003214	0.00131135278462645	0.00109340830990316
mcomisiones_rank_delta1	0.000426704014506291	0.00241499665805392	0.00359262730396751
Visa_mconsumosdolares_rank_lag2	0.000424122572192123	0.00290169894765948	0.00343642611683849
Master_mlimitecompra_rank	0.000420927366810306	0.00250797966563753	0.0042174320524836
Master_mlimitecompra_rank_tend6	0.000419228900468364	0.00300769910810621	0.0042174320524836
ccomisiones_otras_delta2	0.00041618231158265	0.00232047968404205	0.00234301780693533
rf_002_017	0.000414519129514133	0.00202976162729704	0.0028116213683224
Visa_Fvencimiento_lag2	0.000414207909653804	0.00177045846374189	0.00296782255545142
vm_mpagospesos_rank_delta2	0.000407006337567063	0.00117319970216212	0.00109340830990316
Visa_mfinanciacion_limite_rank_lag1	0.000405181553785908	0.00163347341354583	0.0028116213683224
Visa_fechaalta	0.000398235681635297	0.00277949665184598	0.00343642611683849
Visa_fultimo_cierre_tend6	0.000397372079485742	0.0013668367815722	0.00187441424554827
Master_mfinanciacion_limite_rank_lag2	0.00038523920479064	0.000993649239759523	0.00187441424554827
Visa_mconsumototal_rank_delta1	0.000382959340382466	0.00162083328375665	0.00312402374258044
Visa_mlimitecompra_rank_tend6	0.000379549900901466	0.0027380031679869	0.00390502967822555
Visa_mconsumospesos_rank_lag1	0.000379329133035521	0.00165491690890122	0.00296782255545142
mcaja_ahorro_rank_delta1	0.000378343626589398	0.00270297205675129	0.00234301780693533
Visa_msaldopesos_rank_lag1	0.000376622110673111	0.000995533123027645	0.00203061543267729
rf_013_021	0.000375669672288578	0.000655193408506091	0.000624804748516089
chomebanking_transacciones_lag1	0.000374766326419647	0.00203857977808183	0.00203061543267729
cmobile_app_trx_delta2	0.000371521000665757	0.00110170700979275	0.0014058106841612
Master_mfinanciacion_limite_rank	0.000370012508261211	0.00304139215705981	0.00437363323961262
vm_mconsumospesos_rank_lag1	0.000368659217459463	0.000581827921782542	0.000468603561387067
vm_mpagospesos_rank_tend6	0.00036456315947107	0.00166059689704121	0.00156201187129022
Visa_mpagospesos_rank_lag2	0.000363025064414342	0.00336560366230751	0.00484223680099969
mpasivos_margen_rank_delta2	0.000361131454915382	0.00166613765770618	0.00343642611683849
mactivos_margen_rank_tend6	0.000360845271115769	0.00162947770822306	0.00187441424554827
Visa_Fvencimiento	0.000358786074706492	0.00176174257738565	0.00296782255545142
Master_msaldopesos_rank	0.000356594762606999	0.00144057805926813	0.00171821305841924
Visa_cconsumos_delta2	0.000355180607509437	0.000833375006087968	0.00171821305841924
Master_mpagominimo_rank_lag1	0.000354082147296839	0.000758107154573064	0.00109340830990316
Master_mlimitecompra_rank_lag1	0.000351075465297967	0.00167521947822242	0.00343642611683849
thomebanking_tend6	0.000348232090444728	0.00303236701321482	0.00156201187129022
vm_mconsumospesos_rank_lag2	0.00034680853813201	0.000481470786429337	0.000937207122774133
Visa_mpagominimo_rank_tend6	0.000339678164374783	0.00165861074934453	0.00203061543267729
Visa_mlimitecompra_rank_lag1	0.000339575406230942	0.00146807856583744	0.00249921899406436
Master_Fvencimiento_lag2	0.000328518043579778	0.00179714578328899	0.00328022492970947
mautoservicio_rank_delta2	0.000327660674057206	0.00192329326826176	0.00124960949703218
mcaja_ahorro_rank_lag2	0.000327020065553819	0.00193178737633922	0.00218681661980631
mrentabilidad_rank_tend6	0.000324267858184424	0.00336351894648694	0.00265542018119338
ctrx_quarter_normalizado_lag2	0.000324069020727965	0.00181829850267886	0.00249921899406436
mtransferencias_recibidas_rank_lag2	0.000318784058466177	0.00124748310453953	0.00218681661980631
mcomisiones_mantenimiento_rank_lag1	0.000318245793829074	0.00249017210195266	0.00171821305841924
vm_Fvencimiento_lag1	0.000314733651787433	0.00189276548818704	0.00218681661980631
mcomisiones_otras_rank_delta1	0.000313758707832302	0.00229972370135089	0.00265542018119338
mcomisiones_rank_tend6	0.000312716559364098	0.00163266392282827	0.00249921899406436
Visa_fultimo_cierre_lag2	0.000312542296606152	0.00163063341947584	0.00187441424554827
Visa_msaldopesos_rank_tend6	0.000308188084846803	0.00176837498002286	0.00187441424554827
Master_mfinanciacion_limite_rank_delta2	0.000307646519067642	0.00163090817812122	0.00328022492970947
Master_msaldototal_rank_tend6	0.000304545117260655	0.00114333725692375	0.0014058106841612
mrentabilidad_annual_rank_tend6	0.000303889399358523	0.00222411332560542	0.00249921899406436
Master_msaldototal_rank_delta2	0.000302807412544871	0.000642786145909632	0.00109340830990316
mextraccion_autoservicio_rank_lag2	0.000302803314389723	0.00119385342042473	0.0014058106841612
Visa_mfinanciacion_limite_rank_lag2	0.00029992827660955	0.0015771417307345	0.00203061543267729
mttarjeta_visa_debitos_automaticos_rank_delta1	0.000296282032499509	0.0019560252780073	0.00124960949703218
vm_fultimo_cierre_delta1	0.000294787294454854	0.000966177071525835	0.000937207122774133
Visa_Fvencimiento_lag1	0.000291490186554675	0.00165244900949896	0.0028116213683224
mtarjeta_master_consumo_rank	0.000290104450195537	0.000586338645552714	0.000312402374258044
vmr_Master_mlimitecompra_tend6	0.000289240214128234	0.00212494640034836	0.0014058106841612
Visa_msaldopesos_rank_lag2	0.000288893990795425	0.0019096009237499	0.00234301780693533
Visa_mconsumospesos_rank_delta2	0.000288267353773807	0.00159891912560962	0.00312402374258044
vmr_Visa_mlimitecompra	0.000286341440590451	0.00132208931752273	0.00156201187129022
mcuenta_corriente_rank_delta1	0.000284942763394791	0.00259283573140523	0.00187441424554827
ccallcenter_transacciones_tend6	0.000284567500243799	0.00164910508589551	0.000937207122774133
Master_mfinanciacion_limite_rank_lag1	0.000279318177007039	0.00122185169601976	0.00234301780693533
Visa_msaldototal_rank_tend6	0.000275046307239601	0.00222324839031816	0.00203061543267729
mpayroll_sobre_edad_rank_tend6	0.000272744288790915	0.00276636244933572	0.0014058106841612
Master_mlimitecompra_rank_delta1	0.000271886215390771	0.00172127420201517	0.00328022492970947
rf_011_024	0.000271883071526091	0.00217489456503534	0.00156201187129022
vm_msaldopesos_rank_lag1	0.000270745355918498	0.00111542522843714	0.000937207122774133
Master_mconsumospesos_rank_tend6	0.000269390120456016	0.000986352734387504	0.00124960949703218
vmr_Master_mlimitecompra_lag1	0.000268357848776362	0.00197091768942769	0.00265542018119338
Visa_mpagosdolares_rank_tend6	0.000268305843287541	0.000955279133326661	0.00171821305841924
Master_fechaalta_lag2	0.000267790888290211	0.00155840269827874	0.00296782255545142
cliente_antiguedad	0.000267393958377298	0.00178972237145744	0.00171821305841924
vm_cconsumos_lag2	0.000263703246937479	0.00172006797459889	0.00109340830990316
vm_status02_tend6	0.000262726291985997	0.000553628813635059	0.000624804748516089
rf_007_018	0.000261049368750184	0.00115158864099609	0.000937207122774133
Master_mpagominimo_rank	0.000257596373773156	0.00120555592093527	0.00156201187129022
Visa_mconsumosdolares_rank_lag1	0.00025564307326594	0.00105199048019695	0.00234301780693533
mtransferencias_recibidas_rank_delta2	0.000255354416338457	0.0018269084283019	0.00124960949703218
vmr_mpagominimo_lag2	0.000244476970160686	0.00231009060378253	0.00187441424554827
ctransferencias_recibidas_tend6	0.000244288990468951	0.00192586589629567	0.00124960949703218
rf_015_025	0.000242949673054234	0.00107498888770693	0.00218681661980631
Visa_mconsumototal_rank_tend6	0.000239451141107393	0.00176635063717817	0.00296782255545142
Visa_mconsumospesos_rank_tend6	0.000238423672951012	0.00135119032400393	0.00296782255545142
Visa_mfinanciacion_limite_rank	0.000235515115327457	0.00180544891562638	0.00234301780693533
mcuenta_debitos_automaticos_rank_delta2	0.0002351716307655	0.00185531452950959	0.000937207122774133
mtransferencias_emitidas_rank	0.000235104138527625	0.00116118424785818	0.000937207122774133
vm_mlimitecompra_rank_delta2	0.000232282870281656	0.00306352316507943	0.00249921899406436
Visa_mpagospesos_rank_delta1	0.000232225341993616	0.00196620859730816	0.00312402374258044
mcomisiones_mantenimiento_rank	0.000232028018806734	0.00214324434044965	0.00187441424554827
vmr_msaldototal_delta2	0.0002305909749703	0.000865741081673507	0.00109340830990316
vmr_msaldopesos	0.000230397023834927	0.000758083744643637	0.00109340830990316
Master_cconsumos_tend6	0.000228488253645372	0.00069238192955365	0.00124960949703218
ccomisiones_otras_tend6	0.000227793306697376	0.00171567306837431	0.00156201187129022
rf_015_029	0.00022625663160871	0.000738340549425598	0.00124960949703218
vmr_msaldopesos2_lag2	0.000225122570163813	0.00190323219084413	0.00187441424554827
ccajas_extracciones_tend6	0.000219853869257794	0.00433926944704698	0.00187441424554827
Visa_mlimitecompra_rank_delta1	0.000219529971523333	0.00151981943827793	0.00218681661980631
Master_mpagominimo_rank_lag2	0.000218207761809971	0.00092575921231886	0.00109340830990316
Visa_Fvencimiento_delta2	0.000218149702175864	0.000415560746177602	0.000468603561387067
rf_020_016	0.000217007547413071	0.00173349664937931	0.0014058106841612
mtransferencias_recibidas_rank_tend6	0.000215070967544264	0.00120234136799444	0.0014058106841612
Visa_mpagominimo_rank_delta1	0.000210878997473677	0.00201605080126194	0.00171821305841924
tcallcenter_tend6	0.000209387048301686	0.00296970725684883	0.0014058106841612
ctarjeta_visa_transacciones_lag2	0.000209105580743854	0.000934737536304996	0.00124960949703218
cmobile_app_trx_tend6	0.000209104756035327	0.00244357894978308	0.0014058106841612
vmr_Visa_mlimitecompra_tend6	0.000208501180175901	0.00292150251585341	0.00156201187129022
Master_mpagospesos_rank_tend6	0.000207196939799665	0.00180751391782218	0.0014058106841612
Visa_mfinanciacion_limite_rank_delta1	0.000205148660007913	0.0014949691821401	0.00249921899406436
Master_status	0.00020441044586568	0.0008703331241459	0.000624804748516089
rf_010_013	0.00020373024365986	0.00207829164310134	0.00187441424554827
mpasivos_margen_rank_delta1	0.000203606839049617	0.00132850487028735	0.00218681661980631
mcaja_ahorro_dolares_rank_lag1	0.00020123519956494	0.00120876677757145	0.000937207122774133
Master_mlimitecompra_rank_lag2	0.000200706911823845	0.00123202269430513	0.00234301780693533
Master_msaldopesos_rank_lag1	0.00019981458066044	0.000983300818851116	0.0014058106841612
Visa_mfinanciacion_limite_rank_delta2	0.000198571427567943	0.00139309040137412	0.00234301780693533
vmr_msaldopesos_lag2	0.000196596485674268	0.00119471835571199	0.00109340830990316
Visa_msaldototal_rank_lag2	0.000196284485822002	0.00111195439837416	0.00203061543267729
mpasivos_margen_rank_tend6	0.000194501548305374	0.00236386444377854	0.00203061543267729
vmr_Master_mlimitecompra_lag2	0.000194060458489229	0.00126209336470525	0.00187441424554827
Visa_mpagosdolares_rank	0.000194009682370021	0.00026977109831379	0.000624804748516089
vm_status02	0.000192514614672751	0.00166404185297166	0.00156201187129022
mautoservicio_rank_lag2	0.000192216707565948	0.000684872270613688	0.00109340830990316
vm_fechaalta_delta2	0.00019100300241465	0.00176857458047377	0.00109340830990316
Visa_mpagospesos_rank_delta2	0.00019092199273667	0.000929177062015243	0.00218681661980631
Master_fultimo_cierre_lag1	0.000190862475774512	0.001594043699781	0.00156201187129022
vmr_msaldopesos2	0.000190024555371576	0.00154011461498983	0.00187441424554827
mcaja_ahorro_dolares_rank_delta1	0.000189789883868064	0.00203587285097911	0.00109340830990316
chomebanking_transacciones_lag2	0.000187437992575262	0.0015044415788473	0.00203061543267729
mttarjeta_visa_debitos_automaticos_rank_lag2	0.000186133054716407	0.00150021547053491	0.00156201187129022
Master_mconsumototal_rank_lag2	0.000184410282456308	0.00136050994011909	0.00109340830990316
mpagomiscuentas_rank_delta2	0.000183104731932106	0.000972495288268103	0.000468603561387067
Master_status_delta2	0.000182105120575684	0.000878227198769089	0.000781005935645111
vmr_mconsumospesos_lag1	0.000176383592085564	0.000721673911774923	0.000937207122774133
vm_msaldototal_rank	0.000172289419694743	0.000373238057976176	0.000468603561387067
Master_fultimo_cierre_delta1	0.000170313033647582	0.00109941037250578	0.00109340830990316
vm_mlimitecompra_rank_lag2	0.00016840862851832	0.000933038468269195	0.00124960949703218
Visa_cconsumos_delta1	0.000166706426850669	0.00052549747107276	0.00109340830990316
Visa_mconsumosdolares_rank_delta1	0.000166444797494877	0.00162705170027346	0.00156201187129022
rf_017_018	0.000166368719479642	0.00102382094248664	0.000781005935645111
mtarjeta_master_consumo_rank_delta2	0.000166145164231586	0.000616580578068115	0.000468603561387067
mttarjeta_visa_debitos_automaticos_rank_lag1	0.000163028492238464	0.00101740908602666	0.000937207122774133
vmr_mpagominimo_tend6	0.00016061615286873	0.000964742905323027	0.000781005935645111
Visa_mlimitecompra_rank	0.000159904384405547	0.000926728876237769	0.00171821305841924
mtarjeta_visa_consumo_rank_lag1	0.000159583137739727	0.000223482275226763	0.000312402374258044
ccajas_transacciones_tend6	0.000158377738526491	0.0032254841457713	0.00156201187129022
vmr_Visa_mlimitecompra_lag1	0.000157764265780091	0.000910730037626545	0.00156201187129022
vm_msaldopesos_rank_delta2	0.000157446676462423	0.00202775453387403	0.00124960949703218
Master_cconsumos_delta2	0.000156576618956404	0.000609594562286395	0.000624804748516089
mtarjeta_visa_consumo_rank_delta1	0.000156383600234029	0.000194423160198214	0.000312402374258044
vm_mfinanciacion_limite_rank	0.000155999241440402	0.00063699773283335	0.000937207122774133
cpayroll_trx_tend6	0.000155605635448561	0.000144759610969012	0.000156201187129022
Visa_fultimo_cierre	0.000154778612430208	0.000497309451839216	0.00109340830990316
vm_msaldopesos_rank_tend6	0.000154422194869153	0.000724962390808681	0.00109340830990316
ctarjeta_debito_transacciones_lag2	0.000154060386314629	0.00207762754036653	0.00109340830990316
Master_cconsumos	0.000153478346733637	0.000620122870020927	0.000781005935645111
ctarjeta_debito_transacciones_delta2	0.000152547168490583	0.00149586861627072	0.000937207122774133
Master_mfinanciacion_limite_rank_delta1	0.000150543903686614	0.001049934102712	0.00203061543267729
vm_mpagominimo_rank_delta1	0.000147149306554967	0.000974862155343356	0.000624804748516089
Master_Fvencimiento	0.000147123363432675	0.00109217054380501	0.00203061543267729
ctransferencias_emitidas_tend6	0.00014684727398224	0.000999686537348664	0.000468603561387067
ccajas_consultas	0.000144157942560131	0.00180802893626958	0.000781005935645111
Visa_mconsumosdolares_rank_delta2	0.000143711393954401	0.000668954750704686	0.00156201187129022
mextraccion_autoservicio_rank_delta2	0.000143166708303655	0.00216849749379394	0.00156201187129022
vm_mfinanciacion_limite_rank_delta2	0.000143065294542416	0.00110294650395085	0.00156201187129022
vm_mpagominimo_rank_delta2	0.000142677909253134	0.0014086666291541	0.000937207122774133
vmr_Visa_mlimitecompra_lag2	0.000138199374991415	0.00148602782120042	0.00156201187129022
rf_001_019	0.000134804357716164	0.00238580570815965	0.0014058106841612
vmr_Visa_mlimitecompra_delta2	0.000132102993396613	0.00015837310098175	0.000156201187129022
mcaja_ahorro_dolares_rank_lag2	0.000131877961058659	0.000882060266687419	0.000937207122774133
chomebanking_transacciones_tend6	0.000131455384871883	0.00109074993071924	0.000937207122774133
vm_mfinanciacion_limite_rank_lag2	0.000130324243275981	0.000755511116609734	0.000781005935645111
vm_mfinanciacion_limite_rank_lag1	0.00012963346449104	0.00057619352139986	0.000937207122774133
Master_mpagominimo_rank_delta1	0.000128639487617123	0.000363120040057396	0.000468603561387067
mtransferencias_recibidas_rank_lag1	0.000127092647534281	0.00114802786752005	0.00109340830990316
Master_mpagominimo_rank_tend6	0.00012400007210875	0.00136035346322239	0.000937207122774133
mcaja_ahorro_dolares_rank_tend6	0.000123500301819151	0.000502589006975842	0.000312402374258044
Visa_mconsumosdolares_rank_tend6	0.00012336165596835	0.00075987398819405	0.00156201187129022
vm_mconsumospesos_rank_tend6	0.000123064235647294	0.000739543080537231	0.000624804748516089
cpagomiscuentas_tend6	0.000122816288413667	0.00227787238038285	0.00109340830990316
Master_cconsumos_lag1	0.000122511507838276	0.00040429071331069	0.000624804748516089
ctarjeta_debito_transacciones_tend6	0.000120521973142661	0.00226588896071918	0.00124960949703218
Master_mpagospesos_rank_lag1	0.000120275163729847	0.00158604612862771	0.00124960949703218
mv_status07_rank	0.000119568111568548	0.000674474565643329	0.000468603561387067
rf_019_023	0.000115537825623754	0.00115877302512717	0.000937207122774133
Visa_mconsumospesos_rank_delta1	0.000114805917001351	0.000858019501267151	0.00203061543267729
Master_mconsumospesos_rank	0.000113484619121739	0.00132320683362749	0.000781005935645111
ctrx_quarter_normalizado_lag1	0.000113457046007665	0.00105180196865999	0.000781005935645111
vmr_mconsumosdolares	0.000113041321363924	0.000442126087671371	0.000468603561387067
Master_msaldopesos_rank_delta1	0.000111779533474529	0.000820494616496768	0.000781005935645111
Visa_fultimo_cierre_lag1	0.000110344379082255	0.000579777704805332	0.000937207122774133
Master_mconsumospesos_rank_lag2	0.000110151357282609	0.00100949160147405	0.000624804748516089
mtransferencias_emitidas_rank_tend6	0.000109730648229782	0.000353370420501708	0.000468603561387067
ctransferencias_recibidas_lag2	0.000108328499103544	0.00146443524155763	0.000781005935645111
Master_fultimo_cierre	0.000106837671789023	0.000443973007893029	0.000937207122774133
vmr_Master_mlimitecompra	0.000106693426748165	0.000605945077498836	0.000937207122774133
ccajas_transacciones_lag2	0.000106465608710982	0.00151116146069448	0.00109340830990316
vm_fultimo_cierre	0.000104443859607881	0.0007671384589258	0.00109340830990316
vm_mlimitecompra_rank_tend6	0.000103036090231515	0.000574568379456987	0.000781005935645111
vm_mconsumospesos_rank_delta2	9.82172971567663e-05	0.000299770306824076	0.000468603561387067
Master_msaldopesos_rank_tend6	9.81364399479289e-05	0.00084868509993341	0.000937207122774133
mtransferencias_emitidas_rank_lag1	9.79616894185487e-05	0.000256491507820778	0.000468603561387067
vm_cconsumos_lag1	9.71304682577939e-05	0.00121186797716979	0.000624804748516089
vmr_mpagospesos_lag2	9.65738069276058e-05	0.000486216841595331	0.000937207122774133
vm_fultimo_cierre_lag2	9.40547105008603e-05	0.000773391374285981	0.000937207122774133
mcuenta_debitos_automaticos_rank_lag2	9.15355256025845e-05	0.00120074086808254	0.000781005935645111
vm_msaldopesos_rank_lag2	8.88660302668933e-05	0.000566132180152324	0.000624804748516089
mforex_sell_rank_tend6	8.88346251815798e-05	0.00213212832027634	0.000937207122774133
vm_fultimo_cierre_lag1	8.87441270762191e-05	0.000655002432766027	0.000937207122774133
vm_mpagospesos_rank_lag2	8.80275540319516e-05	0.000728062358305473	0.000781005935645111
rf_010_017	8.64612025147429e-05	0.000972640676250862	0.000781005935645111
vmr_mconsumospesos_lag2	8.20860883947067e-05	0.000715285465244373	0.000937207122774133
Master_Fvencimiento_delta2	8.19819966387111e-05	0.000353471452828709	0.000468603561387067
vm_mlimitecompra_rank_lag1	8.15798089084286e-05	0.000363600559661429	0.000624804748516089
vmr_msaldototal	8.11909142179072e-05	0.000270100069427321	0.000624804748516089
thomebanking_delta2	8.06446567550269e-05	0.00080122454827347	0.000468603561387067
rf_009_018	8.00687320954158e-05	0.00106986457736546	0.000468603561387067
cpagomiscuentas_delta2	7.96705578953396e-05	0.00144642314901566	0.000624804748516089
Master_mpagominimo_rank_delta2	7.93537498077294e-05	0.000535526777680027	0.000624804748516089
vm_mpagado_rank_delta2	7.74582803511125e-05	0.00178592133817938	0.000781005935645111
cproductos_lag1	7.74313988536106e-05	0.000342370217873983	0.000312402374258044
matm_rank_lag2	7.74185050897124e-05	0.000987996357853609	0.000624804748516089
vm_msaldototal_rank_delta2	7.49998265425009e-05	0.000642039492371057	0.000781005935645111
ccaja_ahorro_lag1	7.4347992155892e-05	0.00289284629803132	0.00124960949703218
Master_fultimo_cierre_delta2	7.40439928225792e-05	0.000632436492899677	0.000937207122774133
vmr_msaldopesos2_lag1	7.36765440156682e-05	0.000483836421403042	0.000937207122774133
ctrx_quarter_lag1	7.36394475183428e-05	0.000963427020868904	0.000624804748516089
Master_msaldopesos_rank_delta2	7.31277166471612e-05	0.000650237896076801	0.000781005935645111
mpagomiscuentas_rank_lag1	7.28960404819386e-05	0.000882020839437858	0.000624804748516089
matm_rank	7.24354130746273e-05	0.000456051299375957	0.000312402374258044
Master_mpagospesos_rank_delta2	7.18389103217208e-05	0.000252823541509987	0.000312402374258044
rf_018_021	7.16492058198034e-05	0.000628120441174215	0.000468603561387067
rf_016_017	7.13603908937066e-05	0.000224280677030388	0.000468603561387067
mtransferencias_emitidas_rank_delta1	6.95494394439885e-05	0.000937449391813915	0.000468603561387067
cmobile_app_trx	6.91644636576018e-05	0.00108481736176175	0.000468603561387067
vm_Fvencimiento_delta2	6.80541228724566e-05	0.000386480685422724	0.000312402374258044
rf_001_017	6.69237213601389e-05	0.0017224286811664	0.000781005935645111
vm_msaldototal_rank_lag2	6.67021694152563e-05	0.000450540109148155	0.000468603561387067
rf_002_016	6.58298008910225e-05	0.000572594552775803	0.000468603561387067
mextraccion_autoservicio_rank	6.52174455785165e-05	0.000263239728003578	0.000312402374258044
vm_msaldototal_rank_delta1	6.4915354537647e-05	0.000356474084303145	0.000468603561387067
vmr_mconsumospesos_tend6	6.37497817454356e-05	0.00130705644652576	0.000937207122774133
rf_019_021	6.32700125608909e-05	0.000844980170576155	0.000468603561387067
vmr_mconsumosdolares_delta2	6.27197181036158e-05	0.00216963472352349	0.000937207122774133
mextraccion_autoservicio_rank_tend6	6.25374390557047e-05	0.000845062721379925	0.000468603561387067
rf_006_017	6.18347058437216e-05	0.000631396599192486	0.000312402374258044
vm_mlimitecompra_rank	6.1466875359089e-05	0.000568039473349873	0.00124960949703218
mtransferencias_emitidas_rank_lag2	6.12142565401671e-05	0.00115692240860087	0.000781005935645111
mpayroll_sobre_edad_rank_lag2	6.09111392295458e-05	0.00100920328971163	0.000468603561387067
cextraccion_autoservicio_tend6	5.87928615323157e-05	0.000290508599481714	0.000156201187129022
Master_mconsumototal_rank_tend6	5.87762196528022e-05	0.000267867501420887	0.000468603561387067
vm_mconsumospesos_rank_delta1	5.79609137269945e-05	0.000343655299789386	0.000312402374258044
cmobile_app_trx_lag1	5.63652904423298e-05	0.00030761756158841	0.000312402374258044
Visa_mpagado_rank_delta2	5.56326600076371e-05	0.000401172264290666	0.000312402374258044
Master_mconsumospesos_rank_lag1	5.35271729857394e-05	0.000155577462567514	0.000312402374258044
ccuenta_debitos_automaticos_delta2	5.3490326516652e-05	0.00108481736176175	0.000468603561387067
rf_001_015	5.27911944806121e-05	0.000401721781581433	0.000468603561387067
vmr_mconsumospesos	5.25024880283047e-05	0.000596906380536808	0.000468603561387067
Master_msaldopesos_rank_lag2	5.22684631362813e-05	0.000401025644206359	0.000468603561387067
ctarjeta_debito_transacciones_delta1	5.08183847508178e-05	0.00144642314901566	0.000624804748516089
vm_mpagado_rank	5.07444340912285e-05	0.00072321157450783	0.000312402374258044
mautoservicio_rank_lag1	5.06835072102211e-05	0.000212392129185976	0.000312402374258044
Master_mpagado_rank_tend6	5.03689932278582e-05	0.000279319885317023	0.000312402374258044
cforex_sell_tend6	5.00941591115063e-05	0.00108481736176175	0.000468603561387067
rf_010_018	4.99281095888456e-05	0.000181688158589773	0.000156201187129022
vmr_mpagospesos_lag1	4.98122665056695e-05	0.000437414531348743	0.000624804748516089
Master_msaldototal_rank_delta1	4.8515993952387e-05	0.000256543256085827	0.000468603561387067
Master_mconsumosdolares_rank_delta1	4.7784401327211e-05	0.000198752765040712	0.000468603561387067
rf_007_025	4.73771291765464e-05	0.000201597687516901	0.000312402374258044
vmr_mconsumospesos_delta2	4.73330341965133e-05	0.000374885377746927	0.000468603561387067
Master_mpagosdolares_rank_delta1	4.70407331074628e-05	0.000175855389857734	0.000468603561387067
rf_013_019	4.67408557781456e-05	0.00139855477174307	0.000624804748516089
vm_mpagominimo_rank_tend6	4.67365137493007e-05	0.000171492518273418	0.000312402374258044
vmr_msaldopesos_delta2	4.61819511176755e-05	0.00068687936403669	0.000468603561387067
Visa_fultimo_cierre_delta2	4.59265461187012e-05	0.000647173659524924	0.000624804748516089
mautoservicio_rank_tend6	4.54282736905766e-05	0.000799504534511339	0.000468603561387067
rf_001_013	4.53851557439654e-05	0.000349797326010175	0.000468603561387067
vm_status03_tend6	4.5382498520785e-05	0.00144642314901566	0.000624804748516089
matm_other_rank_lag2	4.52833565545818e-05	0.000657205430335289	0.000312402374258044
Visa_msaldodolares_rank_tend6	4.4436163181291e-05	0.000839020495384589	0.000468603561387067
matm_other_rank_tend6	4.41258365949245e-05	0.000656660841450717	0.000312402374258044
vm_mpagado_rank_tend6	4.31846295269189e-05	0.000464444375126411	0.000312402374258044
cpayroll_trx_delta2	4.30908297025123e-05	0.000361605787253915	0.000156201187129022
vmr_mconsumospesos_delta1	4.28398905925254e-05	0.000216324997329759	0.000312402374258044
catm_trx_tend6	4.22823968606346e-05	0.000805788252410241	0.000468603561387067
ccuenta_debitos_automaticos_tend6	4.01906175407142e-05	0.00108481736176175	0.000468603561387067
vm_mlimitecompra_rank_delta1	3.93004446979901e-05	0.000406807896774897	0.000468603561387067
ccomisiones_otras_lag1	3.91029193127917e-05	0.00119303900130097	0.000624804748516089
vmr_mpagospesos_tend6	3.90746484276048e-05	0.000622381312159885	0.000468603561387067
tcallcenter_lag1	3.87235256953099e-05	0.000455710007246938	0.000312402374258044
vmr_msaldopesos_lag1	3.86158350713241e-05	0.000474741047769769	0.000312402374258044
vm_msaldototal_rank_tend6	3.83629549728936e-05	0.000229550375354624	0.000312402374258044
ctarjeta_master_transacciones_tend6	3.82791116575783e-05	0.000663007396528608	0.000312402374258044
vmr_mpagado_delta2	3.79258633006026e-05	0.00108481736176175	0.000468603561387067
vm_Fvencimiento_delta1	3.78967784773367e-05	0.000361605787253915	0.000156201187129022
rf_019_016	3.73203856879325e-05	0.000726639281016604	0.000624804748516089
vm_mpagospesos_rank_delta1	3.6878857360725e-05	0.000260638761634053	0.000312402374258044
mcomisiones_mantenimiento_rank_delta1	3.6735361154439e-05	0.000351334988743083	0.000312402374258044
mttarjeta_visa_debitos_automaticos_rank	3.57742395296154e-05	0.000124994237923094	0.000312402374258044
mtarjeta_master_consumo_rank_tend6	3.54573475863809e-05	0.000373125936735235	0.000312402374258044
rf_014_017	3.54033491801746e-05	0.000386292173885757	0.000312402374258044
Visa_mpagado_rank_lag1	3.53031409397016e-05	0.000204072979528449	0.000156201187129022
mpagomiscuentas_rank_lag2	3.41364584067729e-05	5.94599886437447e-05	0.000156201187129022
ctarjeta_debito_lag2	3.37880421339884e-05	0.00108481736176175	0.000468603561387067
vmr_msaldototal_lag1	3.33108467016585e-05	0.000133358975337926	0.000312402374258044
vm_msaldopesos_rank_delta1	3.19181801848367e-05	0.000239292602301019	0.000312402374258044
mpayroll_rank_lag1	3.18013808398154e-05	0.00106986457736546	0.000468603561387067
Master_mconsumototal_rank_lag1	3.11495518384301e-05	0.000335535750582766	0.000156201187129022
vmr_msaldopesos_delta1	3.10783961098814e-05	0.000109523970876308	0.000156201187129022
vm_status04_delta2	3.0647761320669e-05	0.00108481736176175	0.000468603561387067
vmr_mpagado	3.06407605300083e-05	0.000674696343922114	0.000312402374258044
rf_005_022	3.03078967829378e-05	0.000200567650622101	0.000312402374258044
mautoservicio_rank_delta1	2.99573864274963e-05	0.000602432355983195	0.000312402374258044
vm_mconsumosdolares_rank_tend6	2.94546242615369e-05	0.000671784887962289	0.000312402374258044
vm_mconsumototal_rank_delta2	2.77047689427103e-05	0.000244849380286126	0.000156201187129022
mv_status07_rank_delta2	2.72722724047727e-05	0.000646565001359815	0.000312402374258044
ctarjeta_debito	2.72627428669799e-05	0.000681106968280542	0.000312402374258044
vmr_msaldopesos2_delta1	2.72243016023936e-05	0.000116990506262062	0.000312402374258044
Visa_msaldodolares_rank_delta1	2.72063588067255e-05	0.000247778085667634	0.000156201187129022
Master_mpagospesos_rank_lag2	2.58689893043115e-05	0.000227470587940242	0.000312402374258044
vmr_mpagospesos_delta2	2.50817973228891e-05	0.000430896714155569	0.000312402374258044
ccajas_transacciones_delta2	2.50754242954349e-05	0.000462564188162936	0.000312402374258044
vm_mpagado_rank_delta1	2.45860651816614e-05	0.00072321157450783	0.000312402374258044
vmr_mconsumosdolares_lag2	2.37921932150404e-05	0.000230622303702083	0.000156201187129022
Master_mconsumosdolares_rank	2.34204499808144e-05	0.000227898127177677	0.000468603561387067
ccomisiones_otras_delta1	2.32731861374776e-05	0.00055458615653848	0.000312402374258044
ctarjeta_visa_transacciones_lag1	2.25120094018775e-05	0.000536404033982775	0.000312402374258044
cextraccion_autoservicio_lag2	2.24036571647084e-05	0.000689014596020768	0.000312402374258044
ctransferencias_recibidas	2.20225979745035e-05	0.00072321157450783	0.000312402374258044
ctarjeta_visa_debitos_automaticos_lag2	2.17618581422505e-05	0.00072321157450783	0.000312402374258044
vmr_msaldopesos2_delta2	2.11983987366038e-05	0.00018126924406318	0.000312402374258044
vm_status01_delta2	2.11033203062545e-05	0.00031126581427442	0.000156201187129022
ccomisiones_otras	2.031848782208e-05	0.000604799223058448	0.000312402374258044
vm_mconsumototal_rank_delta1	2.03175169431994e-05	0.000528697238795005	0.000312402374258044
active_quarter	2.02184403689969e-05	0.000173795316068133	0.000156201187129022
vmr_mpagospesos	2.01964948135697e-05	0.000137880788022038	0.000312402374258044
Master_mpagospesos_rank	1.87162691771587e-05	0.000299320589758762	0.000156201187129022
rf_019_020	1.84243669793124e-05	0.000210831056523641	0.000156201187129022
cpagomiscuentas_lag2	1.77878643242505e-05	0.000294747028809601	0.000156201187129022
ctarjeta_visa_debitos_automaticos	1.72074310785221e-05	0.00072321157450783	0.000312402374258044
vm_mpagospesos_rank	1.69568166205857e-05	6.88030146883274e-05	0.000156201187129022
ctarjeta_debito_lag1	1.69077618496306e-05	0.000361605787253915	0.000156201187129022
rf_017_015	1.68727948235744e-05	0.000152786752559472	0.000156201187129022
mtarjeta_master_consumo_rank_delta1	1.584518338178e-05	0.000361605787253915	0.000156201187129022
vmr_msaldopesos_tend6	1.35719989588045e-05	0.000326993590544906	0.000156201187129022
mtransferencias_recibidas_rank_delta1	1.31773682358473e-05	0.000217263858709948	0.000156201187129022
rf_015_019	1.28819048665759e-05	0.00012267049440205	0.000156201187129022
Visa_mpagosdolares_rank_lag2	1.279374760251e-05	0.00010773988783364	0.000312402374258044
mcuenta_debitos_automaticos_rank_tend6	1.27051525966985e-05	0.000306318926555971	0.000156201187129022
rf_003_023	1.22411663485054e-05	0.000246488075346036	0.000156201187129022
vm_mfinanciacion_limite_rank_delta1	1.21193654770794e-05	0.00015432441529238	0.000468603561387067
Visa_mpagado_rank_lag2	1.21002588961286e-05	0.000111003724836422	0.000156201187129022
thomebanking_delta1	1.12716083862768e-05	0.000294124817527455	0.000156201187129022
vmr_mpagado_tend6	1.10884361605682e-05	0.000214071483596996	0.000156201187129022
mv_status07_rank_tend6	1.10460544509528e-05	0.000296219390160422	0.000156201187129022
vm_mconsumospesos_rank	1.07696578504435e-05	0.000294845596933505	0.000156201187129022
vm_fultimo_cierre_delta2	1.04659958629225e-05	6.85676832925057e-05	0.000156201187129022
Visa_mpagado_rank_delta1	9.9872510248354e-06	0.000176509635780149	0.000156201187129022
vmr_mpagospesos_delta1	9.88167294713031e-06	0.000215320834567483	0.000156201187129022
ctransferencias_recibidas_lag1	9.65420418016298e-06	0.000361605787253915	0.000156201187129022
mcuenta_debitos_automaticos_rank_delta1	8.58187384171722e-06	0.000326017766118253	0.000156201187129022
Master_mpagospesos_rank_delta1	8.48628996966857e-06	5.4648632095664e-05	0.000156201187129022
Visa_mpagosdolares_rank_delta1	8.24757839449069e-06	6.29221939958846e-05	0.000156201187129022
ccajas_consultas_delta2	7.90909632058552e-06	0.000361605787253915	0.000156201187129022
mcajeros_propios_descuentos_rank_delta2	7.89788890098711e-06	0.000296398044884999	0.000156201187129022
mpagomiscuentas_rank_delta1	7.49581502971752e-06	0.000361605787253915	0.000156201187129022
internet_delta1	7.30493654905851e-06	0.000361605787253915	0.000156201187129022
ccomisiones_mantenimiento_lag2	6.65103962181645e-06	0.000361605787253915	0.000156201187129022
rf_013_016	6.20742452046963e-06	9.99468455374526e-05	0.000156201187129022
vmr_mpagado_lag1	6.15529517150627e-06	0.00030399025462873	0.000156201187129022
Master_cconsumos_lag2	6.01604213674658e-06	0.000113076119641511	0.000312402374258044
Master_msaldodolares_rank_delta1	4.04403095867823e-06	5.32477326346736e-05	0.000156201187129022
Master_mpagado_rank_lag1	4.02097450855711e-06	6.6734316187885e-05	0.000156201187129022
rf_001_021	1.45504423476192e-06	6.80637537590448e-05	0.000156201187129022
