Feature	Gain	Cover	Frequency
rf_006_019	0.134984326403836	0.00467094895583439	0.00597847748106815
ctrx_quarter_normalizado	0.103223475149664	0.00232425987962755	0.00185997077188787
mcaja_ahorro_rank	0.0935798572318535	0.0068208381968961	0.00518134715025907
rf_004_022	0.0673504081362619	0.00603174763118012	0.00624418759133785
mcuenta_corriente_rank_lag1	0.0351964532535134	0.00912698712418288	0.00783844825295603
mpasivos_margen_rank	0.033793670256247	0.00545751204107842	0.00425136176431513
vm_status01	0.0326193836198328	0.00243020755552431	0.00159426066161817
mtarjeta_visa_consumo_rank	0.0291813492268626	0.0033686395273218	0.00252424604756211
mcuentas_saldo_rank	0.0198740003435991	0.00494384987255865	0.00411850670918028
rf_013_026	0.0182669382935857	0.000863223880164277	0.000531420220539392
mprestamos_personales_rank	0.0174561949608937	0.0189184353101288	0.0107612594659227
rf_007_015	0.0170817429293254	0.00210094621621299	0.00212568088215757
cdescubierto_preacordado	0.0159098016352846	0.00434597954945068	0.00265710110269696
mpayroll_sobre_edad_rank	0.0143347802783752	0.000702002518552167	0.000398565165404544
ccomisiones_mantenimiento_tend6	0.0118468105616814	0.000859696569877876	0.000531420220539392
ctrx_quarter_normalizado_delta2	0.0115665457805419	0.00286397104325741	0.00212568088215757
foto_mes	0.0107372296900167	0.0168681096641629	0.0156768965059121
Visa_mpagospesos_rank	0.0100272982780389	0.00333128783089616	0.00478278198485452
cproductos_delta2	0.00949923901367855	0.0021060075556565	0.00119569549621363
rf_003_018	0.00853044073090473	0.00265812490103509	0.0033213763783712
cproductos_tend6	0.00658478220962427	0.00348418684513723	0.00212568088215757
mv_status07_rank_tend6	0.00642072520389471	0.000214156529906577	0.000132855055134848
rf_009_026	0.00641706783630126	0.000410654183632502	0.000398565165404544
ctrx_quarter_normalizado_tend6	0.00638979736104832	0.00289477361520463	0.00252424604756211
rf_017_021	0.00627445001039549	0.000342870665549688	0.000265710110269696
mpayroll_sobre_edad_rank_lag1	0.00550058144317614	0.000455555631663459	0.000265710110269696
rf_001_022	0.00474083362507	0.00145490466670957	0.00212568088215757
mcomisiones_mantenimiento_rank_tend6	0.00448183847565544	0.00397284688979603	0.00345423143350605
mactivos_margen_rank	0.00438345022381455	0.00558787501887169	0.00451707187458483
mcuentas_saldo_rank_delta2	0.00434853116877653	0.00588210803024167	0.0066427527567424
ctrx_quarter_normalizado_delta1	0.00431957152057127	0.00304087633810726	0.00252424604756211
mcuentas_saldo_rank_tend6	0.00427336964695349	0.00543273157007903	0.00584562242593331
Visa_mpagominimo_rank	0.00421866626087176	0.00910005231493894	0.00770559319782118
ctarjeta_visa_transacciones_tend6	0.00407580766612126	0.00129222183137346	0.00132855055134848
mcuenta_corriente_rank_tend6	0.00398237754002115	0.00374675778173704	0.00318852132323635
rf_018_027	0.0035508973614649	0.0021490719957987	0.00252424604756211
Visa_mpagosdolares_rank	0.00342654328615532	0.000693811727735667	0.00146140560648333
mcuenta_corriente_rank	0.00337456549900927	0.00791157996903285	0.00704131792214694
rf_010_015	0.00337194847560439	0.00169187708973451	0.00119569549621363
rf_016_022	0.00327424579918407	0.000170483740363719	0.000132855055134848
thomebanking	0.00324423211021333	0.00434120524248979	0.00584562242593331
mrentabilidad_annual_rank_lag2	0.00316698428640714	0.0061321611613495	0.00810415836322572
ctarjeta_visa_transacciones_delta2	0.00306778439668819	0.0030284326826733	0.00172711571675302
internet	0.00285462490229255	0.0026160148438976	0.00185997077188787
vm_status01_delta2	0.00274988730106672	0.00049097384539368	0.000398565165404544
rf_014_025	0.00252263855612484	0.00273128230504248	0.00252424604756211
vm_cconsumos_tend6	0.00251231166430061	0.0011088909954752	0.000797130330809087
ctrx_quarter_delta2	0.00249591585770822	0.00252632915276609	0.00239139099242726
mprestamos_personales_rank_lag2	0.00217963763811146	0.00973083330411648	0.00557991231566361
Master_Fvencimiento_tend6	0.00213385512532959	0.00138437201529323	0.00199282582702272
mttarjeta_visa_debitos_automaticos_rank_tend6	0.0020601117043702	0.00300960335181352	0.00185997077188787
mcomisiones_otras_rank_lag2	0.00197594281284717	0.00370542191499017	0.00544705726052876
mcuentas_saldo_rank_delta1	0.00195958649522282	0.00339503056947367	0.0033213763783712
mrentabilidad_annual_rank_delta2	0.00189702884554875	0.00613042700676701	0.00863557858376511
mrentabilidad_annual_rank_delta1	0.00179394085102988	0.00353855637853234	0.00491563703998937
mcuenta_corriente_rank_lag2	0.001767288790238	0.00518534943568445	0.00584562242593331
Visa_msaldototal_rank	0.00168001777365018	0.00302005372611819	0.00318852132323635
internet_lag2	0.00167331653299678	0.000744191509622378	0.000797130330809087
ctrx_quarter_tend6	0.00166757365662532	0.0022492869951676	0.00212568088215757
mcomisiones_rank_lag2	0.00159811770471455	0.00442563504993957	0.00584562242593331
tcallcenter_delta2	0.00159276751727639	0.00154422199948838	0.00132855055134848
mrentabilidad_annual_rank	0.0015764517158508	0.00476682577815349	0.00464992692971968
cpayroll_trx	0.00151109846782807	0.000468001679034778	0.000265710110269696
Master_status	0.00141947904002444	0.000915777135794372	0.000929985385943935
rf_016_020	0.00139520971656503	0.00239945361963664	0.00345423143350605
rf_009_025	0.00136337006436081	0.00208605640617716	0.00199282582702272
Visa_cconsumos_tend6	0.0013602078240488	0.00377719518458138	0.00584562242593331
rf_012_027	0.00134673441424612	0.00310295508559803	0.00478278198485452
rf_017_016	0.00134528491709984	0.00312374899433884	0.00278995615783181
mcuentas_saldo_rank_lag2	0.00131295354740601	0.0055070155765807	0.00478278198485452
Visa_mconsumospesos_rank	0.0012980812490967	0.00299893052733483	0.00464992692971968
mrentabilidad_rank_lag2	0.00129516633685568	0.0032043134310227	0.00491563703998937
Visa_msaldopesos_rank	0.00127462292310138	0.00304156999994026	0.00345423143350605
Visa_mpagospesos_rank_tend6	0.00126976962183835	0.00370597764176901	0.00531420220539392
mprestamos_personales_rank_tend6	0.00125779168875656	0.00291581150155567	0.00172711571675302
thomebanking_lag2	0.00124504225343752	0.00369706926974597	0.00557991231566361
cproductos	0.00124435857579282	0.00503288894329182	0.0030556662681015
mcuenta_debitos_automaticos_rank	0.00120929743775975	0.00280615632275842	0.00185997077188787
mcomisiones_otras_rank_delta2	0.00118695810723957	0.0036661303573695	0.00531420220539392
rf_017_018	0.00118446798211577	0.000709901493011338	0.000664275275674239
ccallcenter_transacciones_tend6	0.00115917877434687	0.00233100673759399	0.00146140560648333
mpasivos_margen_rank_lag2	0.00111553914628739	0.00366526048948467	0.00464992692971968
cliente_edad_lag2	0.00108339816619495	0.00364300271508251	0.00345423143350605
vm_mpagospesos_rank_tend6	0.00108141991785423	0.00120503491746563	0.00119569549621363
mprestamos_personales_rank_lag1	0.00107448611567269	0.00496257794473706	0.00292281121296665
ccomisiones_otras_tend6	0.00106418653502436	0.00166614701960511	0.00172711571675302
mrentabilidad_annual_rank_lag1	0.00104840585826165	0.00250252618683249	0.00318852132323635
ctrx_quarter_lag2	0.00103431534119446	0.00253132032871384	0.00252424604756211
mcuentas_saldo_rank_lag1	0.00102587123933374	0.00562590522819374	0.00438421681944998
mtransferencias_recibidas_rank	0.00102117014314295	0.0045055361226636	0.0033213763783712
cmobile_app_trx_lag2	0.00101065799530134	0.00299706641082271	0.00292281121296665
cliente_edad	0.000993326780746287	0.00471567419781352	0.00464992692971968
vm_Fvencimiento_tend6	0.000989015703319555	0.00116405704400958	0.00119569549621363
Master_fechaalta	0.000985395427091224	0.00336943524514861	0.00478278198485452
mcaja_ahorro_dolares_rank	0.000981649160104743	0.00466276534082996	0.00318852132323635
ctarjeta_visa_transacciones_delta1	0.00098061269921185	0.0011213258804722	0.000664275275674239
mtarjeta_visa_consumo_rank_delta2	0.000958467794701907	0.00173740522535252	0.00146140560648333
mactivos_margen_rank_delta1	0.000956514099181273	0.00550774113091176	0.00584562242593331
vm_status02	0.00095155329066981	0.00125180446857096	0.00106284044107878
mcuenta_corriente_rank_delta1	0.000944689409871848	0.00387715823321553	0.00265710110269696
vmr_msaldopesos	0.000941518067443172	0.00163919148023743	0.00185997077188787
vm_fechaalta	0.000940231802838341	0.00478322569797288	0.00464992692971968
mactivos_margen_rank_delta2	0.00093781732965229	0.00450018216955031	0.0063770426464727
Master_delinquency	0.000932363872000645	0.00718321590888952	0.00491563703998937
mcomisiones_rank_delta1	0.000931148831651416	0.00229661307036423	0.00252424604756211
chomebanking_transacciones_delta2	0.000923630474890316	0.00450790493795765	0.00425136176431513
vm_fechaalta_lag1	0.000921891518037227	0.00174932185725589	0.00239139099242726
mrentabilidad_rank	0.000920592079057231	0.0034113802586086	0.00358708648864089
mactivos_margen_rank_lag1	0.000911930492582659	0.00383497243139513	0.00318852132323635
mpasivos_margen_rank_delta2	0.000907121662889445	0.00389863145216521	0.00571276737079846
Master_mpagominimo_rank	0.000903601005855513	0.00146371736123841	0.00199282582702272
rf_008_013	0.00090231518373079	0.000135598928663697	0.000132855055134848
mprestamos_personales_rank_delta2	0.0009005333642182	0.00398147381052362	0.00239139099242726
rf_004_019	0.000894186833795059	0.00212998832226683	0.0030556662681015
Visa_mconsumosdolares_rank	0.000864378800678871	0.00181495980753113	0.00292281121296665
mcomisiones_rank_lag1	0.000838193908755702	0.00232121175412464	0.00358708648864089
Visa_fechaalta_tend6	0.000830589109556989	0.00258217451150932	0.00225853593729241
Visa_mfinanciacion_limite_rank	0.000812689790403825	0.00540561577090855	0.00557991231566361
numero_de_cliente	0.000796237269644323	0.00450962394360356	0.00478278198485452
mactivos_margen_rank_lag2	0.000795509433487609	0.0038311317773152	0.00464992692971968
Master_fechaalta_lag1	0.000785890172962468	0.00359603144392689	0.00491563703998937
Visa_mpagominimo_rank_lag2	0.000774542372418355	0.00263907152537638	0.00292281121296665
mpasivos_margen_rank_lag1	0.000767675219022471	0.00209734555318104	0.00225853593729241
ctrx_quarter_normalizado_lag2	0.000764619593540436	0.00204402608028484	0.00225853593729241
Master_mlimitecompra_rank_tend6	0.000761037949460656	0.00538342417343988	0.00624418759133785
cproductos_lag2	0.000759302949357453	0.000689556471180848	0.000398565165404544
mcomisiones_otras_rank_delta1	0.000756166967732891	0.00283175005245858	0.0033213763783712
vm_mpagominimo_rank	0.000751383932248365	0.00100794406327563	0.00132855055134848
ctrx_quarter_delta1	0.000745808959153127	0.00199860797378517	0.00146140560648333
mcomisiones_mantenimiento_rank	0.000742129829560649	0.00259625026553196	0.00252424604756211
chomebanking_transacciones	0.00071810699284189	0.00443932331011067	0.00385279659891059
Visa_mconsumospesos_rank_lag1	0.000714688802982328	0.0026620500702349	0.00371994154377574
rf_009_015	0.000713597603100877	0.00068887078247237	0.000797130330809087
ctarjeta_visa_transacciones	0.000712051862394569	0.00148223972680427	0.00119569549621363
mrentabilidad_rank_lag1	0.000699956297856246	0.00267575029009277	0.00318852132323635
mpagomiscuentas_rank	0.000698074639288037	0.00238488831576865	0.00146140560648333
rf_011_016	0.000693275952291831	0.000684422576304235	0.000531420220539392
Visa_mfinanciacion_limite_rank_tend6	0.000686916336866986	0.00454099420201641	0.00504849209512422
Visa_Fvencimiento	0.000685650967727184	0.0030301253770083	0.00371994154377574
vm_mpagominimo_rank_lag1	0.000683160593786675	0.00315910661232273	0.00265710110269696
tcallcenter_tend6	0.000683042631598193	0.00183991488995746	0.00106284044107878
rf_010_019	0.00068227299373145	0.0023630284002799	0.00252424604756211
mcuenta_corriente_rank_delta2	0.000679459788936319	0.00306290927039804	0.00199282582702272
Master_mfinanciacion_limite_rank_tend6	0.000674669330850915	0.00484154033337909	0.00544705726052876
mcomisiones_otras_rank_lag1	0.000672352430763829	0.00307816424953676	0.00425136176431513
Visa_cconsumos_delta2	0.000667831918100753	0.00195142142826759	0.00239139099242726
ccajas_transacciones_tend6	0.000647632579072187	0.00350225793185543	0.00212568088215757
mrentabilidad_rank_delta2	0.000645366802895311	0.00295363680157762	0.00411850670918028
mcaja_ahorro_rank_delta2	0.000625749667159656	0.00268193424546829	0.00292281121296665
vmr_mpagominimo_delta1	0.000618281955694021	0.00114649464263559	0.000929985385943935
chomebanking_transacciones_delta1	0.000616938138842188	0.00471358523919002	0.00345423143350605
mcomisiones_otras_rank	0.000612441699854664	0.00305821150543252	0.00371994154377574
Master_msaldototal_rank	0.00060234775036723	0.0025456878990938	0.00252424604756211
vmr_mpagominimo_lag2	0.000599413539421309	0.00254171728308424	0.00239139099242726
Visa_cconsumos	0.000598996344105607	0.0027334270755376	0.00385279659891059
Visa_mlimitecompra_rank_delta2	0.000597711555416366	0.00412711967339142	0.00451707187458483
mactivos_margen_rank_tend6	0.000596073857754417	0.00336581624393026	0.00345423143350605
mrentabilidad_annual_rank_tend6	0.000593385746473069	0.00430633557972635	0.00425136176431513
Visa_fechaalta_lag2	0.000587291718389132	0.00241825105799834	0.0033213763783712
cliente_antiguedad_lag1	0.000586308497505087	0.00352790109492758	0.00345423143350605
Visa_mpagominimo_rank_lag1	0.000582976392651968	0.00273637713160896	0.00318852132323635
mcaja_ahorro_rank_tend6	0.000576383490683416	0.0067463333348453	0.00504849209512422
Visa_Fvencimiento_lag2	0.000561695259954007	0.00242803248715602	0.00318852132323635
Visa_mconsumospesos_rank_tend6	0.000557348378490963	0.00228155183815127	0.00385279659891059
Master_mfinanciacion_limite_rank	0.000556500583971341	0.00370398037407746	0.00398565165404544
Visa_msaldototal_rank_lag1	0.00055598051478815	0.00214858722982805	0.00265710110269696
chomebanking_transacciones_lag2	0.000553007375369889	0.00336306073209712	0.00398565165404544
Master_fechaalta_lag2	0.000548306381087406	0.0026209821004718	0.00371994154377574
mcomisiones_otras_rank_tend6	0.000547278087274243	0.00325608292851275	0.00358708648864089
ccuenta_debitos_automaticos	0.000540212784015697	0.000234000839517389	0.000132855055134848
Master_mlimitecompra_rank_delta2	0.000537837579029644	0.00316218663032372	0.00398565165404544
vm_cconsumos_lag2	0.000529807611318248	0.00110852423174741	0.000797130330809087
mtarjeta_master_consumo_rank	0.000524501135152663	0.000381150433669126	0.000265710110269696
Visa_mconsumospesos_rank_lag2	0.000522211092263587	0.00224853752146298	0.00358708648864089
mcomisiones_rank_delta2	0.000521472870923245	0.00271312909514176	0.00358708648864089
Visa_fechaalta	0.000519195078591091	0.00339214350108599	0.00345423143350605
Visa_msaldototal_rank_lag2	0.000512468773319789	0.00199768946984079	0.00252424604756211
Visa_mpagominimo_rank_delta1	0.000506308145085402	0.00241745374554662	0.00239139099242726
rf_007_018	0.000498130940206439	0.00184794621828362	0.00106284044107878
Visa_fechaalta_lag1	0.000491939100703775	0.00193645108967413	0.00278995615783181
Visa_msaldototal_rank_delta2	0.000490154313942143	0.00125856966472379	0.00199282582702272
cliente_edad_lag1	0.000488899938239432	0.00309921648751193	0.00265710110269696
vmr_msaldopesos2_tend6	0.000488369713949735	0.0024147293288991	0.00185997077188787
vm_fechaalta_lag2	0.000486886196225214	0.00214858722982805	0.00318852132323635
mcaja_ahorro_rank_delta1	0.000485633715540711	0.00378433750952387	0.00318852132323635
Master_mfinanciacion_limite_rank_delta2	0.000481112464073738	0.0025996117348284	0.00358708648864089
mrentabilidad_rank_tend6	0.000474268558056275	0.00473539891055657	0.00398565165404544
vm_Fvencimiento_lag2	0.000456955306940129	0.00165543672144118	0.00225853593729241
Master_msaldopesos_rank_lag2	0.000455588649841713	0.00112743249653991	0.00146140560648333
matm_rank_lag2	0.000452376431276131	0.00166090787948487	0.00132855055134848
mcuenta_debitos_automaticos_rank_lag1	0.000451104131243235	0.000293705987839395	0.000265710110269696
mcomisiones_rank_tend6	0.000451020718854249	0.00185079262373625	0.00212568088215757
Visa_mlimitecompra_rank_lag2	0.000448547436554021	0.00245436612281137	0.0033213763783712
vm_msaldototal_rank	0.000445335670747121	0.000160301263042827	0.000265710110269696
vm_mpagominimo_rank_lag2	0.000443779657984183	0.00155392290008844	0.00146140560648333
mrentabilidad_rank_delta1	0.000442574217573075	0.00301270888381297	0.00411850670918028
thomebanking_lag1	0.000439758410669001	0.00232583855828196	0.00345423143350605
Visa_msaldopesos_rank_lag1	0.000439294773869558	0.0021432029788416	0.00278995615783181
Visa_cconsumos_lag2	0.000436487716163522	0.0016084550852237	0.00225853593729241
mttarjeta_visa_debitos_automaticos_rank_delta2	0.000436120235054832	0.000645822288579207	0.000664275275674239
Master_mfinanciacion_limite_rank_lag1	0.000427546915088846	0.00237991228875748	0.00385279659891059
ctrx_quarter_normalizado_lag1	0.000427359345514709	0.00155201094482922	0.00146140560648333
Master_mpagominimo_rank_lag2	0.000426667418937722	0.00136384999009846	0.00159426066161817
Master_mlimitecompra_rank	0.000425515448925955	0.00224775057407314	0.0033213763783712
Visa_mfinanciacion_limite_rank_lag2	0.000419132605301005	0.00140648866539144	0.00225853593729241
Visa_mlimitecompra_rank	0.000419075080756015	0.00293933859738096	0.00345423143350605
mcomisiones_rank	0.000418853730269913	0.00157799695225561	0.00265710110269696
Visa_msaldopesos_rank_delta1	0.000414495812500601	0.00241738996055049	0.00252424604756211
Master_mfinanciacion_limite_rank_lag2	0.000413000194888022	0.0027098720737765	0.00371994154377574
mtransferencias_emitidas_rank	0.000407960268990312	0.00210585606629068	0.00146140560648333
Visa_mconsumosdolares_rank_lag2	0.000406388260571463	0.00276059071345519	0.00292281121296665
Master_Fvencimiento_lag2	0.000403506414137983	0.0027979559641925	0.00371994154377574
mcaja_ahorro_dolares_rank_delta2	0.000399748162082645	0.00165090400015317	0.00106284044107878
Master_mfinanciacion_limite_rank_delta1	0.000395468471161356	0.00287740735269376	0.00411850670918028
Master_mlimitecompra_rank_lag2	0.000395353215747791	0.00241239798729028	0.00358708648864089
mpasivos_margen_rank_delta1	0.000393743114366845	0.00219843600162192	0.0030556662681015
Visa_mlimitecompra_rank_tend6	0.000393579281406218	0.00316623139639129	0.00385279659891059
Visa_mconsumototal_rank_tend6	0.000389717369673816	0.00255539517819347	0.00398565165404544
vmr_msaldopesos_tend6	0.000387849245230888	0.00199721586624447	0.00172711571675302
Visa_mlimitecompra_rank_lag1	0.00038653451273445	0.00156236803357703	0.00212568088215757
ccajas_consultas_delta2	0.000385180192934099	0.00397801427179561	0.00225853593729241
vmr_mpagominimo	0.000383558576541068	0.000790952290290742	0.000929985385943935
Visa_mpagospesos_rank_lag1	0.000381445167514152	0.00240788041493885	0.00371994154377574
Visa_mlimitecompra_rank_delta1	0.000380174819844248	0.00318635237342284	0.00385279659891059
mautoservicio_rank	0.000378891212627035	0.00127230337170464	0.000797130330809087
cliente_antiguedad_lag2	0.000373197464834517	0.00345042783861904	0.0030556662681015
mtransferencias_recibidas_rank_delta2	0.000372892750719985	0.0027129385374658	0.00212568088215757
Visa_cconsumos_delta1	0.000372567804108494	0.00127912358241663	0.00159426066161817
ctrx_quarter	0.000372467875052671	0.00285531860853136	0.00199282582702272
Visa_mfinanciacion_limite_rank_delta2	0.000372410339633702	0.00279640758341127	0.00345423143350605
Visa_mpagominimo_rank_tend6	0.000370376644367585	0.00258794625634731	0.00252424604756211
internet_tend6	0.000367929382404689	0.00182094921866844	0.00106284044107878
Visa_msaldopesos_rank_lag2	0.000361033775594946	0.00205264183863811	0.00252424604756211
vmr_msaldototal_delta2	0.000358425516868637	0.00126101821126302	0.000929985385943935
Visa_Fvencimiento_lag1	0.00035571686623727	0.00191213465452163	0.00265710110269696
Master_Fvencimiento_delta2	0.000353860246277155	0.00119632986011777	0.00132855055134848
rf_011_024	0.000353164435903093	0.00105297547323621	0.000797130330809087
Visa_Fvencimiento_tend6	0.000352152215900614	0.00194632580438866	0.00212568088215757
mtarjeta_visa_consumo_rank_lag2	0.000348618527639473	0.00387052539092969	0.00292281121296665
Visa_msaldopesos_rank_tend6	0.000348096389329045	0.00255781183223463	0.00292281121296665
vm_mfinanciacion_limite_rank_tend6	0.000342496498210944	0.00316861137405966	0.00292281121296665
Visa_cconsumos_lag1	0.000341358183035037	0.00165501653777913	0.00252424604756211
vmr_mpagominimo_lag1	0.000340456581680774	0.00148246536622811	0.00159426066161817
Master_mpagospesos_rank_tend6	0.000339869286983604	0.00128546301372024	0.00119569549621363
Visa_mpagospesos_rank_delta2	0.000335502064894875	0.00186274354007505	0.00292281121296665
ctrx_quarter_lag1	0.000335281977623673	0.00107430995981929	0.000929985385943935
vm_mfinanciacion_limite_rank_lag2	0.000333863896815777	0.00172513060015832	0.00199282582702272
mtarjeta_visa_consumo_rank_tend6	0.000333858455689279	0.00228132380679008	0.00172711571675302
vm_fultimo_cierre_delta1	0.000333282914667685	0.000759258323022495	0.000664275275674239
vm_mfinanciacion_limite_rank_delta2	0.00033105828187066	0.00216132908011896	0.00239139099242726
vmr_msaldopesos2_lag2	0.000324750121241717	0.00251575120846914	0.00265710110269696
vm_Fvencimiento	0.000323280214042371	0.00241804056751109	0.00278995615783181
Master_Fvencimiento_lag1	0.000323148469601307	0.00223328892082387	0.00292281121296665
Visa_fultimo_cierre_lag2	0.000320719237010615	0.00110270704009968	0.00146140560648333
Visa_mfinanciacion_limite_rank_lag1	0.000320480334103246	0.00156867955894483	0.00212568088215757
Master_mlimitecompra_rank_delta1	0.000312135849431357	0.00167135028066503	0.00239139099242726
Master_mlimitecompra_rank_lag1	0.000311965631470233	0.00213647286443665	0.00265710110269696
Visa_mpagospesos_rank_lag2	0.000309960421111779	0.00213080237828003	0.0030556662681015
mcaja_ahorro_rank_lag1	0.000308925173404077	0.00162761290881358	0.00172711571675302
Visa_fultimo_cierre_tend6	0.000307992477982359	0.000850779427417861	0.00119569549621363
mpasivos_margen_rank_tend6	0.000305451186614849	0.00176322858103876	0.00185997077188787
vm_mlimitecompra_rank_lag2	0.000304611896362349	0.00100423974962495	0.00119569549621363
vmr_Master_mlimitecompra_tend6	0.000301626100759509	0.00210585447166577	0.00159426066161817
vm_msaldototal_rank_lag1	0.000301402760867798	0.0011142002990912	0.000797130330809087
Visa_msaldototal_rank_delta1	0.000298686089939761	0.0022174750256565	0.00212568088215757
cliente_antiguedad	0.000297279657013331	0.00214227092058554	0.00225853593729241
Visa_msaldototal_rank_tend6	0.000296610708816942	0.00210794024103947	0.00252424604756211
Master_Fvencimiento	0.000294182310984403	0.00219807481908129	0.00278995615783181
Visa_mconsumototal_rank_delta1	0.000291988747153802	0.00200856082511997	0.00278995615783181
rf_020_016	0.00029173917781217	0.000598172504527178	0.000398565165404544
ccomisiones_otras_delta2	0.000289944292977588	0.00160756608184003	0.00159426066161817
Visa_mconsumospesos_rank_delta1	0.000287089900429246	0.00188953961695239	0.0030556662681015
vmr_mpagospesos	0.000285737416231928	0.00066548640557593	0.000797130330809087
mttarjeta_visa_debitos_automaticos_rank_lag1	0.00028331999823617	0.000657681513986062	0.000664275275674239
Visa_mpagominimo_rank_delta2	0.000281694041025534	0.00218342500009343	0.00199282582702272
Master_fultimo_cierre_lag2	0.000278773322839897	0.00184040125055301	0.00212568088215757
vm_mconsumospesos_rank_lag1	0.000275614875760687	0.000604946471116975	0.000531420220539392
mtransferencias_recibidas_rank_lag2	0.000275241088621038	0.0016088975936344	0.00185997077188787
vmr_msaldototal_lag2	0.000266921300355913	0.000905085175816832	0.00106284044107878
vm_mlimitecompra_rank_delta2	0.00026315070197742	0.00316035600093457	0.00278995615783181
vmr_mpagospesos_lag2	0.000263069947477447	0.00133988357511226	0.00159426066161817
Master_msaldopesos_rank	0.000262012864504542	0.00176950502465869	0.00159426066161817
vm_msaldopesos_rank_lag2	0.000260820135431341	0.00138644343304279	0.00132855055134848
Visa_mconsumototal_rank_delta2	0.000254246621549763	0.00148066662933703	0.00212568088215757
mcomisiones_mantenimiento_rank_lag2	0.000252754212419363	0.00170694390313463	0.00159426066161817
ctarjeta_debito_transacciones_lag2	0.000251940387962552	0.00244001928255515	0.00159426066161817
Visa_mconsumosdolares_rank_lag1	0.000251927619967135	0.000764583572887521	0.00146140560648333
Visa_mfinanciacion_limite_rank_delta1	0.000250317435354803	0.00193050553072167	0.00225853593729241
vm_msaldopesos_rank_tend6	0.000246617429977005	0.00214165220612301	0.00159426066161817
mcaja_ahorro_dolares_rank_lag2	0.000243067656498469	0.00138099619437265	0.00119569549621363
vm_status02_tend6	0.000242490449846372	0.00149501506421815	0.00132855055134848
Visa_mpagospesos_rank_delta1	0.000238714008627436	0.00200948969412622	0.00292281121296665
vm_mlimitecompra_rank_tend6	0.000237153740882687	0.0016717768428267	0.00225853593729241
thomebanking_tend6	0.00023518179631665	0.00176839516572589	0.00106284044107878
vm_mpagospesos_rank	0.000234916862041284	0.00040200733009362	0.000664275275674239
Master_fultimo_cierre_lag1	0.000232805637773429	0.00156240869651207	0.00172711571675302
vm_mpagominimo_rank_delta2	0.000231095937755233	0.00190236040117602	0.00132855055134848
mcaja_ahorro_rank_lag2	0.000226999523598941	0.00127768443344128	0.00132855055134848
vm_cconsumos_delta2	0.000225043547926917	0.000234000839517389	0.000132855055134848
Master_mconsumospesos_rank_tend6	0.000224997865929571	0.000821530817439034	0.000929985385943935
mtransferencias_recibidas_rank_tend6	0.000223430576316646	0.00158858207236462	0.00159426066161817
mpagomiscuentas_rank_tend6	0.000222538916976485	0.000936003358069556	0.000531420220539392
vmr_msaldopesos_lag1	0.000220246538845364	0.000641460192155857	0.000797130330809087
ccallcenter_transacciones_delta2	0.000215238793911716	0.0017740361513218	0.00106284044107878
mttarjeta_visa_debitos_automaticos_rank	0.000214534660399075	0.000731389063585141	0.000797130330809087
Master_mconsumospesos_rank_lag2	0.00021239935568685	0.000748123854634252	0.000664275275674239
vm_fultimo_cierre_lag2	0.000208904079963736	0.00169798370580222	0.00159426066161817
chomebanking_transacciones_tend6	0.000207837761816765	0.00114515754965405	0.000929985385943935
mtarjeta_visa_consumo_rank_delta1	0.000205064782349272	0.000837246643174849	0.000664275275674239
vmr_Visa_mlimitecompra	0.000204946126482343	0.000922344598459173	0.00146140560648333
Master_msaldopesos_rank_lag1	0.000202922235002301	0.000594570246870316	0.000664275275674239
Master_fultimo_cierre_delta2	0.000200576009423634	0.000233341462119818	0.000398565165404544
mautoservicio_rank_delta2	0.000199292867750648	0.00180020554061209	0.00132855055134848
Master_fultimo_cierre_tend6	0.000198551829642105	0.00110220951712981	0.00185997077188787
vm_Fvencimiento_lag1	0.000195334589115317	0.00156882865637331	0.00159426066161817
ctransferencias_emitidas_tend6	0.000194407558943164	0.00136439056794072	0.000929985385943935
vm_mpagominimo_rank_tend6	0.000191932441415949	0.00127074542317398	0.00132855055134848
Visa_msaldopesos_rank_delta2	0.00018869729924705	0.00102967082758495	0.00146140560648333
rf_010_013	0.000187542813742135	0.00141830961980061	0.00106284044107878
Visa_fultimo_cierre	0.000186919066706352	0.000968328796799563	0.00132855055134848
mcaja_ahorro_dolares_rank_lag1	0.000184647366309965	0.00124063970230955	0.00119569549621363
mpayroll_rank_lag2	0.000181485043455982	0.00220876040055922	0.00132855055134848
vmr_Master_mlimitecompra_lag1	0.000181392102076111	0.0011939761937603	0.00159426066161817
vmr_mpagominimo_delta2	0.000179304361593896	0.000651200958378497	0.000531420220539392
Master_fultimo_cierre_delta1	0.000178998843243564	0.000516512560534662	0.00106284044107878
vmr_Visa_mlimitecompra_lag1	0.000174511178398424	0.00203436823455718	0.00199282582702272
mv_status07_rank	0.000174410811375037	0.00218656481652829	0.00132855055134848
Visa_mconsumospesos_rank_delta2	0.000174149445018595	0.0012884146644165	0.00212568088215757
vmr_Visa_mlimitecompra_lag2	0.000172780566243851	0.00136092544802555	0.00146140560648333
rf_002_017	0.000172511184855375	0.00103611630144464	0.00119569549621363
vmr_Master_mlimitecompra_lag2	0.00017203131981593	0.00125685145639034	0.00146140560648333
vmr_msaldopesos2	0.000171243437479004	0.000679794177522011	0.00106284044107878
vmr_Visa_mlimitecompra_tend6	0.000168015913363525	0.00252871630624653	0.00146140560648333
ccomisiones_otras_lag2	0.000167660704371694	0.00173805742693802	0.00132855055134848
vmr_msaldopesos_lag2	0.000163932554501349	0.00100509048201093	0.00119569549621363
vmr_mconsumospesos_lag2	0.000163632078920068	0.000911344875875271	0.00119569549621363
mcomisiones_mantenimiento_rank_lag1	0.000163375008757175	0.00208190559755352	0.00146140560648333
Master_msaldopesos_rank_delta2	0.000163089473209644	0.00102904015343564	0.000797130330809087
rf_015_025	0.000160690570687468	0.00034219853115289	0.000664275275674239
chomebanking_transacciones_lag1	0.000160302220060881	0.00100682383928096	0.00132855055134848
Visa_mpagado_rank_tend6	0.000160094300538267	0.00104335510119378	0.000797130330809087
vm_mpagospesos_rank_lag2	0.000159572540780226	0.00149628518295374	0.00159426066161817
mcuenta_debitos_automaticos_rank_delta2	0.000158434706315712	0.00117000419758695	0.000664275275674239
Master_status_delta2	0.00015763293235966	0.000300586794297722	0.000398565165404544
rf_020_025	0.000157201436788813	0.000567954362607062	0.000797130330809087
vm_mlimitecompra_rank	0.000156678430816258	0.000868801878076496	0.00119569549621363
vm_mconsumospesos_rank_lag2	0.000154729562904023	0.00106743792379793	0.000929985385943935
Visa_mconsumosdolares_rank_delta1	0.000154192950229421	0.00104418191420622	0.00159426066161817
mtransferencias_recibidas_rank_lag1	0.000154029014107001	0.00233973970087766	0.00159426066161817
mttarjeta_visa_debitos_automaticos_rank_delta1	0.000153842788644535	0.00187866586973586	0.00119569549621363
mtransferencias_emitidas_rank_lag1	0.000152822996591525	0.000219320722656355	0.000265710110269696
Master_msaldototal_rank_delta2	0.0001497047175557	0.00113591031983903	0.00106284044107878
vm_fechaalta_delta2	0.000149489493350846	0.000352636945770783	0.000265710110269696
ctarjeta_visa_transacciones_lag2	0.000149074475087416	0.000908633216226977	0.000929985385943935
Master_msaldopesos_rank_tend6	0.000146935687254509	0.0011371756546999	0.000929985385943935
cmobile_app_trx_tend6	0.000143281038657445	0.00188113833564864	0.00119569549621363
ccomisiones_otras_lag1	0.000141641272056282	0.00185867485463393	0.00132855055134848
Visa_fultimo_cierre_lag1	0.000141072389796248	0.0011211145926725	0.00132855055134848
vmr_mpagominimo_tend6	0.000140645057048175	0.00144488085456657	0.00132855055134848
Master_mpagominimo_rank_lag1	0.000139304558421108	0.000522537053419844	0.000664275275674239
vm_fultimo_cierre_lag1	0.000139072823190098	0.000945418023499443	0.00119569549621363
vm_mfinanciacion_limite_rank_lag1	0.000138351555544044	0.000614003940568493	0.00106284044107878
Visa_mconsumosdolares_rank_tend6	0.000137809286519617	0.000993094118862379	0.00146140560648333
Master_msaldototal_rank_tend6	0.000136390027436078	0.000722236713951869	0.00106284044107878
Master_fultimo_cierre	0.00013585622845864	0.000850376784629743	0.00132855055134848
mttarjeta_visa_debitos_automaticos_rank_lag2	0.000134613727267433	0.00105222520221915	0.00106284044107878
Visa_mconsumosdolares_rank_delta2	0.000134335530622275	0.000472566292820864	0.000929985385943935
ctarjeta_visa_debitos_automaticos_tend6	0.000134214223635151	0.000680351498925762	0.000398565165404544
vm_mfinanciacion_limite_rank_delta1	0.000134044192944646	0.00164456696078691	0.00159426066161817
mcomisiones_mantenimiento_rank_delta2	0.000133803362929859	0.00303540597737603	0.00199282582702272
cmobile_app_trx_delta2	0.000133786211749054	0.00137511681235368	0.00106284044107878
rf_015_029	0.00013212603641098	0.00026643471274083	0.000398565165404544
mtarjeta_master_consumo_rank_delta2	0.00013157701611782	0.000686556184425032	0.000398565165404544
ctarjeta_debito_transacciones_tend6	0.000130260797991284	0.000901911074946542	0.000664275275674239
mextraccion_autoservicio_rank_delta2	0.000128916226290949	0.00318247663759504	0.00185997077188787
vm_mlimitecompra_rank_delta1	0.000123887877076772	0.00114697701666887	0.00119569549621363
cmobile_app_trx	0.000123497817699807	0.00132871163303879	0.000797130330809087
cpagomiscuentas_tend6	0.000123205013695746	0.000936003358069556	0.000531420220539392
vm_mfinanciacion_limite_rank	0.000122586771463484	0.00111515866865816	0.00132855055134848
Master_mpagominimo_rank_tend6	0.000122532774349861	0.00106497502563457	0.00132855055134848
vmr_msaldototal_tend6	0.000122388072574513	0.000622071147954976	0.000531420220539392
vmr_mconsumospesos_lag1	0.000120636507169264	0.000624341096505018	0.000797130330809087
vmr_Master_mlimitecompra_delta1	0.00012058270058532	0.000562790169857284	0.000531420220539392
Visa_mpagado_rank_delta2	0.000119489194103951	0.00142173168484338	0.000929985385943935
ccajas_transacciones_delta2	0.000117657352027107	0.000270524128305692	0.000265710110269696
vm_mpagospesos_rank_delta2	0.000116628804633984	0.000571150788226	0.000531420220539392
Master_cconsumos_lag2	0.00011624779290977	0.000889924279547412	0.000929985385943935
ctarjeta_visa_transacciones_lag1	0.000116129856543074	0.00162969867818727	0.00119569549621363
mtransferencias_emitidas_rank_tend6	0.000115660395426852	0.000340192493024367	0.000265710110269696
rf_011_026	0.000115006128544966	8.36691713708454e-05	0.000132855055134848
rf_001_019	0.000113901412400391	0.000915313099947472	0.000664275275674239
Master_mconsumospesos_rank	0.000113528421975634	0.000633824330805753	0.000531420220539392
tcallcenter	0.000112711070212805	0.000853830742170586	0.000531420220539392
mpayroll_sobre_edad_rank_lag2	0.000111328946366358	0.00234000839517389	0.00132855055134848
Master_mpagominimo_rank_delta1	0.000110123029380357	0.000265339205432169	0.000265710110269696
vm_fultimo_cierre	0.000109430277509026	0.000839231153867176	0.00106284044107878
vmr_mconsumospesos_tend6	0.000108043020893324	0.00188095176453494	0.00132855055134848
mcaja_ahorro_dolares_rank_delta1	0.000103938678696838	0.00174039355242155	0.00106284044107878
vmr_msaldopesos2_lag1	0.000103725880360974	0.00124012224652839	0.00132855055134848
vm_mlimitecompra_rank_lag1	0.000102679174236023	0.000626343945383734	0.000797130330809087
vmr_msaldototal	0.000100504824477378	0.000998901742760693	0.000929985385943935
vmr_mpagospesos_lag1	9.92056692863235e-05	0.00147615862473502	0.00106284044107878
rf_013_016	9.86562644240499e-05	0.00080927771968103	0.000797130330809087
mprestamos_personales_rank_delta1	9.78750095115654e-05	0.00184262017110614	0.00106284044107878
vmr_mpagado	9.63122800760725e-05	0.00117000419758695	0.000664275275674239
ctarjeta_debito_transacciones_delta2	9.62500570942854e-05	0.001019299387213	0.000664275275674239
vm_mconsumospesos_rank	9.50348698366467e-05	0.00034307079097507	0.000398565165404544
vmr_msaldopesos_delta2	9.48493202531455e-05	0.00164931415912444	0.00119569549621363
mtransferencias_emitidas_rank_lag2	9.42197222013592e-05	0.000943041235080872	0.000797130330809087
Visa_mpagosdolares_rank_lag2	9.26753422219542e-05	0.000305365885133321	0.000531420220539392
ctransferencias_recibidas_lag1	8.66955743408254e-05	0.00182808675973622	0.00106284044107878
ctransferencias_recibidas_lag2	8.54833232458083e-05	0.00187200671613911	0.00106284044107878
vmr_mconsumosdolares_delta2	8.44201831840115e-05	0.00187200671613911	0.00106284044107878
rf_002_026	8.43605273389427e-05	0.000230436852858209	0.000398565165404544
mcuenta_debitos_automaticos_rank_lag2	8.40762821285887e-05	0.001763059550799	0.00106284044107878
Master_mpagospesos_rank_delta2	8.13770852790231e-05	0.000860267445593306	0.000664275275674239
vm_msaldototal_rank_tend6	8.07622600461239e-05	0.000897368785909104	0.000797130330809087
vmr_mpagospesos_delta2	8.00402846825935e-05	0.00130253586524888	0.000929985385943935
cforex_tend6	7.95838487768546e-05	0.00163800587662172	0.000929985385943935
vmr_Master_mlimitecompra	7.92711998533115e-05	0.000675596327463715	0.00106284044107878
rf_001_013	7.91823573684941e-05	0.00049363288242016	0.000398565165404544
Master_mconsumototal_rank_tend6	7.80558536538097e-05	0.000464326068632358	0.000531420220539392
mcaja_ahorro_dolares_rank_tend6	7.61437664931857e-05	0.000722929578472412	0.000531420220539392
catm_trx_tend6	7.54732158419239e-05	0.000334026078522779	0.000265710110269696
rf_017_020	7.50408378178296e-05	0.000173264766195311	0.000265710110269696
Master_cconsumos_lag1	7.46659044917479e-05	0.00053996072242724	0.000531420220539392
vm_msaldototal_rank_delta2	7.40751764999138e-05	0.000596339483200678	0.000398565165404544
cmobile_app_trx_lag1	7.37661150496559e-05	0.000423182354186349	0.000398565165404544
Master_mconsumototal_rank_lag1	7.31944738697411e-05	0.000661075673093025	0.000398565165404544
mautoservicio_rank_lag2	7.29532953862011e-05	0.000358246836181072	0.000664275275674239
cpayroll_trx_lag1	6.98468182851145e-05	0.00117000419758695	0.000664275275674239
rf_018_021	6.89590171709398e-05	0.000846151028635637	0.000531420220539392
cpagomiscuentas_delta2	6.87227954673993e-05	0.000702002518552167	0.000398565165404544
rf_007_026	6.79034556777949e-05	0.000281114829601863	0.000531420220539392
vm_mconsumototal_rank_tend6	6.55703806580829e-05	0.00074674450409278	0.000797130330809087
vmr_mconsumospesos	6.45433078643914e-05	0.000359047337882597	0.000531420220539392
vm_mpagominimo_rank_delta1	6.41750776732291e-05	0.00125285692100723	0.000797130330809087
rf_017_015	6.40608255488387e-05	0.00153197209098019	0.000929985385943935
ctarjeta_debito	6.15755679569345e-05	0.000725995244849268	0.000531420220539392
Visa_fechaalta_delta2	6.15337296451517e-05	0.000259183155992453	0.000265710110269696
vm_mpagospesos_rank_lag1	5.98283155419308e-05	0.000338852210793029	0.000398565165404544
cprestamos_personales_lag1	5.97060649315052e-05	0.00187200671613911	0.00106284044107878
cextraccion_autoservicio_lag2	5.94228307819309e-05	0.000945441145560543	0.000664275275674239
Master_mconsumototal_rank_lag2	5.88062431495073e-05	0.000234000839517389	0.000132855055134848
vmr_msaldopesos2_delta2	5.77539512459211e-05	0.000745365153551308	0.000664275275674239
Visa_msaldodolares_rank_tend6	5.76904386790481e-05	0.00105289335005369	0.000664275275674239
vmr_mconsumospesos_delta2	5.75236294442879e-05	0.000479826620006209	0.000398565165404544
vm_msaldopesos_rank	5.74172291482197e-05	0.000356381125044051	0.000398565165404544
vmr_mpagospesos_tend6	5.72172125961044e-05	0.00041482492506744	0.000398565165404544
vm_cconsumos_lag1	5.71181547121659e-05	0.000771453216971524	0.000531420220539392
vm_mconsumospesos_rank_tend6	5.70196734312012e-05	0.000568391289830604	0.000531420220539392
vmr_msaldototal_lag1	5.62855106863791e-05	0.000290027188187168	0.000398565165404544
ccomisiones_otras	5.55420520988307e-05	0.00104531569251256	0.000664275275674239
Visa_mpagosdolares_rank_tend6	5.50764211305374e-05	0.000310530077883099	0.000531420220539392
Master_mpagominimo_rank_delta2	5.45113216367094e-05	0.000352778070074737	0.000398565165404544
vm_mconsumospesos_rank_delta2	5.32340903949025e-05	0.00020742880743898	0.000265710110269696
ccajas_transacciones_lag2	5.14939547647778e-05	0.000599509597508709	0.000531420220539392
Master_mpagado_rank_tend6	5.12387693415181e-05	0.000339724470615209	0.000398565165404544
Master_cconsumos_tend6	5.04507180348505e-05	0.000418390506351523	0.000398565165404544
rf_019_023	4.86112597848132e-05	0.000490642960726217	0.000398565165404544
vm_msaldototal_rank_delta1	4.78701795591835e-05	0.000571418685209777	0.000531420220539392
Master_mconsumosdolares_rank_delta1	4.46829547269416e-05	0.000161504407532469	0.000265710110269696
vmr_msaldototal_delta1	4.42331078890121e-05	0.000363199741131145	0.000398565165404544
Visa_mpagosdolares_rank_delta1	4.30649413504065e-05	0.000315601782388478	0.000398565165404544
mpagomiscuentas_rank_delta2	4.29035291194815e-05	0.00022305852343001	0.000132855055134848
vm_msaldototal_rank_lag2	4.27044118173085e-05	0.000359563199038858	0.000531420220539392
vm_fultimo_cierre_delta2	4.25094916833913e-05	0.000201141998757183	0.000265710110269696
vmr_mconsumosdolares_lag1	4.18446529113278e-05	0.000887887943545724	0.000531420220539392
cextraccion_autoservicio_lag1	4.14256465608942e-05	0.000542441161464535	0.000398565165404544
Master_cconsumos	4.12125511491503e-05	0.000168237711187229	0.000265710110269696
vm_Fvencimiento_delta2	4.0200008249006e-05	0.000267748683661261	0.000265710110269696
vm_msaldopesos_rank_delta1	3.89580387860196e-05	0.000269329754253018	0.000398565165404544
vmr_mpagospesos_delta1	3.8682096909186e-05	0.00110145685417539	0.000664275275674239
vm_msaldopesos_rank_delta2	3.85455763779454e-05	0.000742945310260343	0.000531420220539392
Visa_fultimo_cierre_delta2	3.77284357019438e-05	0.000705059414492054	0.000664275275674239
Master_cconsumos_delta2	3.7143433879034e-05	0.000573012512800762	0.000398565165404544
vm_cconsumos	3.51364531614274e-05	0.000125921150124742	0.000265710110269696
ctransferencias_recibidas_tend6	3.4391253232898e-05	0.000821081133216265	0.000664275275674239
ctransferencias_emitidas_lag2	3.43546635123589e-05	0.000702002518552167	0.000398565165404544
mpagomiscuentas_rank_lag2	3.34130673462992e-05	0.000164302176925548	0.000132855055134848
mcomisiones_mantenimiento_rank_delta1	3.22142666437836e-05	0.000398458492371022	0.000398565165404544
mtransferencias_recibidas_rank_delta1	3.18927969482253e-05	0.000159174660548549	0.000132855055134848
ctransferencias_recibidas	3.17672118177323e-05	0.000936003358069556	0.000531420220539392
mv_status07_rank_delta2	3.15869165915045e-05	0.000234000839517389	0.000132855055134848
ctarjeta_visa_debitos_automaticos_lag2	3.0535969927726e-05	0.000910872866903853	0.000531420220539392
Master_cconsumos_delta1	3.0149217744862e-05	0.00017035457574654	0.000132855055134848
vm_mconsumototal_rank_delta2	2.99801196469925e-05	0.000419165494054593	0.000398565165404544
Visa_mpagado_rank_delta1	2.94945462381062e-05	0.000857815709804273	0.000531420220539392
ctransferencias_emitidas	2.92724282433062e-05	9.62555457336672e-05	0.000132855055134848
rf_019_016	2.90357332239333e-05	0.000822284277705908	0.000531420220539392
cprestamos_personales_lag2	2.85405917154381e-05	0.000203313877875663	0.000132855055134848
vm_mpagado_rank_delta2	2.75300538894612e-05	0.000702002518552167	0.000398565165404544
vm_mpagado_rank_lag1	2.73868405018758e-05	0.000936003358069556	0.000531420220539392
Master_mconsumospesos_rank_lag1	2.73517948238219e-05	0.000125717038137103	0.000132855055134848
ccomisiones_otras_delta1	2.73135083863581e-05	0.00027214745645739	0.000265710110269696
Master_mpagospesos_rank	2.71083405134138e-05	0.000428154394635263	0.000265710110269696
ccomisiones_mantenimiento_lag2	2.60860630508892e-05	0.000468001679034778	0.000265710110269696
mtarjeta_visa_consumo_rank_lag1	2.60354844408106e-05	0.000206160283328297	0.000265710110269696
ctarjeta_debito_lag1	2.5512238801976e-05	0.000104758085718789	0.000132855055134848
rf_010_017	2.50092083620108e-05	0.000168338969868597	0.000132855055134848
ctransferencias_recibidas_delta1	2.47680248645318e-05	0.000388240933302255	0.000265710110269696
Master_mconsumosdolares_rank	2.46807051129593e-05	6.22326287939526e-05	0.000132855055134848
vmr_Visa_mlimitecompra_delta2	2.41582005342945e-05	0.000234000839517389	0.000132855055134848
mpayroll_sobre_edad_rank_delta1	2.38820628631467e-05	6.36446691459454e-05	0.000132855055134848
mtransferencias_emitidas_rank_delta1	2.34262837834041e-05	0.000165380143360271	0.000132855055134848
vm_mpagado_rank	2.31865924341427e-05	0.000702002518552167	0.000398565165404544
ctarjeta_debito_transacciones_lag1	2.20720218940476e-05	0.000541681322698047	0.000398565165404544
mautoservicio_rank_tend6	2.1957532610347e-05	0.000153874924681979	0.000132855055134848
cextraccion_autoservicio_tend6	2.13212527328816e-05	0.000693739172302561	0.000398565165404544
mextraccion_autoservicio_rank_lag2	2.11580630606155e-05	0.000297859985712847	0.000265710110269696
mpagomiscuentas_rank_lag1	2.11330104134924e-05	9.79426588815027e-05	0.000132855055134848
mtarjeta_master_consumo_rank_lag2	2.09685008218101e-05	0.00065049693148363	0.000398565165404544
mextraccion_autoservicio_rank_lag1	2.04047794090896e-05	0.00031983072763239	0.000265710110269696
mautoservicio_rank_delta1	1.93671753381261e-05	0.000702002518552167	0.000398565165404544
Master_mpagospesos_rank_lag1	1.88951455810047e-05	0.000365694531792571	0.000265710110269696
vm_mpagado_rank_tend6	1.83093756226549e-05	0.000468001679034778	0.000265710110269696
ctarjeta_visa_debitos_automaticos_lag1	1.76413073725439e-05	0.000381067513174147	0.000265710110269696
cliente_edad_delta2	1.69123648902108e-05	0.000204614294484415	0.000132855055134848
Visa_Fvencimiento_delta2	1.65989385554408e-05	0.000119049911415836	0.000132855055134848
vm_Fvencimiento_delta1	1.54864658473827e-05	0.000125147757046576	0.000132855055134848
vmr_mpagado_delta2	1.4693524446103e-05	0.000234000839517389	0.000132855055134848
ccuenta_debitos_automaticos_tend6	1.4462049939916e-05	0.000234000839517389	0.000132855055134848
ccuenta_debitos_automaticos_lag2	1.36476333369205e-05	0.000468001679034778	0.000265710110269696
vm_msaldopesos_rank_lag1	1.302784981984e-05	0.000468001679034778	0.000265710110269696
ctransferencias_emitidas_delta1	1.20864085844924e-05	0.000468001679034778	0.000265710110269696
rf_001_015	1.20599289703575e-05	0.000178608354246726	0.000132855055134848
vm_mpagospesos_rank_delta1	1.20268284499011e-05	0.000308712205493182	0.000265710110269696
Master_mpagospesos_rank_lag2	1.1955285057087e-05	5.99411528077148e-05	0.000132855055134848
vmr_mconsumosdolares_tend6	1.12471343765971e-05	0.000190564054460239	0.000132855055134848
mextraccion_autoservicio_rank_tend6	1.00714629742414e-05	0.000468001679034778	0.000265710110269696
Visa_mpagado_rank_lag2	9.89794258225941e-06	7.65260491159029e-05	0.000132855055134848
vmr_msaldopesos2_delta1	9.66555804616148e-06	0.000468001679034778	0.000265710110269696
vm_mconsumototal_rank_delta1	9.46185524616468e-06	0.000234000839517389	0.000132855055134848
Master_msaldototal_rank_delta1	9.44507258986832e-06	7.42297892549548e-05	0.000132855055134848
mautoservicio_rank_lag1	8.86150324930307e-06	0.000150704810373948	0.000132855055134848
thomebanking_delta2	8.75380083330173e-06	0.00022042260846463	0.000132855055134848
Visa_msaldodolares_rank_lag2	8.62906305848332e-06	0.00011773833243276	0.000132855055134848
matm_other_rank_lag2	7.56129813944226e-06	0.00019817041524963	0.000132855055134848
Master_msaldopesos_rank_delta1	5.97180329529699e-06	0.000148468348946878	0.000132855055134848
ctarjeta_debito_transacciones	4.83449755063977e-06	0.000234000839517389	0.000132855055134848
cpagomiscuentas_lag2	4.78245637458311e-06	0.000234000839517389	0.000132855055134848
mextraccion_autoservicio_rank	4.69171460970919e-06	0.000234000839517389	0.000132855055134848
vmr_mpagado_tend6	4.47727395815758e-06	0.000234000839517389	0.000132855055134848
ctarjeta_master_transacciones_tend6	4.24950926536495e-06	0.000234000839517389	0.000132855055134848
matm_rank_lag1	4.14256445553186e-06	0.000234000839517389	0.000132855055134848
vmr_mconsumosdolares	3.59115878093899e-06	0.000234000839517389	0.000132855055134848
