Feature	Gain	Cover	Frequency
mpasivos_margen_rank	0.152670810434787	0.00964260590798591	0.00741289844329133
rf_008_022	0.090504917657927	0.00330075200069045	0.00407709414381023
rf_018_027	0.0782458244047716	0.00328159329583307	0.0033358042994811
rf_004_022	0.0567775252259716	0.00607514367952403	0.00704225352112676
mcuentas_saldo_rank	0.0443001885795175	0.00716066157594118	0.00518902891030393
ctrx_quarter	0.0359643608769726	0.00246160530536242	0.0022238695329874
mcaja_ahorro_rank	0.0268905644559181	0.00189618210737503	0.00166790214974055
vm_status06	0.0257236446373742	0.000831365072216269	0.00055596738324685
rf_013_026	0.0209417627291577	0.00106075075563075	0.000741289844329133
Visa_mpagospesos_rank	0.0172596507766228	0.00251337816590882	0.00389177168272795
rf_009_015	0.0168757773649863	0.00237052870892252	0.00203854707190512
cpayroll_trx	0.0152444151197396	0.000639721350757027	0.000370644922164566
ccomisiones_mantenimiento_tend6	0.0143241116461157	0.00144519345352101	0.000926612305411416
cdescubierto_preacordado	0.012912079523209	0.0165965629431707	0.00982209043736101
mpayroll_rank_lag1	0.0127715595275722	0.000300218071268802	0.000185322461082283
mpayroll_rank	0.0123724633630003	0.00122914769544098	0.000741289844329133
cproductos_tend6	0.0114846120419583	0.00253661731851556	0.00148257968865827
cproductos_delta2	0.0109366375780074	0.00415818877992067	0.00240919199406968
rf_010_015	0.00986560009734765	0.00254274234959233	0.00185322461082283
mtarjeta_visa_consumo_rank	0.00958778727492819	0.00141914572349704	0.00148257968865827
rf_003_018	0.0094601728581567	0.00342526124006823	0.00352112676056338
rf_017_021	0.00918669287946466	0.00093775969566399	0.000926612305411416
ctarjeta_visa	0.009066268828319	0.00131245574712729	0.000926612305411416
mprestamos_personales_rank	0.00857309224291863	0.0239895506533885	0.0138991845811712
ctrx_quarter_delta2	0.00842720699289476	0.00346875658975555	0.0033358042994811
mcuenta_corriente_rank	0.00777358371441154	0.00975905778886716	0.00778354336545589
foto_mes	0.00746463060237379	0.018591492104053	0.0163083765752409
mprestamos_personales_rank_lag2	0.00725299861853291	0.0144100020493242	0.00852483320978503
ctarjeta_visa_transacciones_tend6	0.00700691421739551	0.0022265207273749	0.00185322461082283
rf_007_015	0.00628349533487116	0.000835231906782171	0.000741289844329133
mcomisiones_mantenimiento_rank_tend6	0.00609535334690254	0.00226628438553075	0.00185322461082283
rf_001_022	0.0049076547020547	0.00167142071343719	0.00240919199406968
mprestamos_personales_rank_lag1	0.00490310756821912	0.00381660822120962	0.00240919199406968
mcuenta_corriente_rank_tend6	0.00476218672310572	0.00293854796100685	0.0033358042994811
ctrx_quarter_normalizado_delta1	0.00463714488363383	0.00264414648953462	0.00166790214974055
Visa_mpagominimo_rank	0.00378758424781235	0.0105316934038532	0.00871015567086731
ctrx_quarter_normalizado_tend6	0.00375092012652637	0.00235157925779587	0.00166790214974055
mpayroll_sobre_edad_rank	0.00368516907985781	0.000259828831647107	0.000185322461082283
mactivos_margen_rank	0.00350745828262308	0.00758853314186472	0.00630096367679763
Visa_Fvencimiento_tend6	0.0033647805343382	0.00344961641257224	0.00277983691623425
mv_status07_rank_tend6	0.00325977191897784	0.000319860675378513	0.000185322461082283
thomebanking	0.00314948793059234	0.00473311776457204	0.00759822090437361
mcuentas_saldo_rank_delta2	0.00307315909821394	0.00603767418336402	0.00648628613787991
rf_006_019	0.00303918323028118	0.00347649243861372	0.00481838398813936
rf_010_019	0.00298700873877279	0.00191684809301163	0.00185322461082283
mcuentas_saldo_rank_tend6	0.00253372807374883	0.00358721926820559	0.00426241660489251
mcomisiones_otras_rank_lag2	0.00238478696747745	0.00581337707114125	0.00889547813194959
internet	0.00237170367762815	0.00183088840420615	0.00166790214974055
cproductos	0.00233221884597551	0.0063537552132311	0.00389177168272795
Visa_mpagospesos_rank_tend6	0.00218642331228629	0.00494142004475164	0.00722757598220904
mpasivos_margen_rank_lag1	0.00202198902647324	0.00143705653501227	0.00185322461082283
Visa_fechaalta_tend6	0.00197177072668785	0.00168550283559785	0.00129725722757598
mcuenta_corriente_rank_lag2	0.00193949912517313	0.00855288658900632	0.00704225352112676
mrentabilidad_annual_rank	0.00193621659415071	0.00330959842012997	0.00389177168272795
mrentabilidad_annual_rank_delta1	0.00190319621160326	0.00460286276650445	0.00667160859896219
ctarjeta_visa_debitos_automaticos_tend6	0.00180864140615546	0.000549458882113276	0.000370644922164566
mtransferencias_recibidas_rank	0.00173568867550526	0.00575642736048548	0.00407709414381023
mcuenta_corriente_rank_lag1	0.00172415905036939	0.00516839277108356	0.0044477390659748
Visa_delinquency	0.00170923774707246	0.00519377132511445	0.00352112676056338
internet_lag1	0.0016871296410514	0.00186766256765673	0.00148257968865827
vm_Fvencimiento_tend6	0.00167952487412466	0.000670785721002775	0.000741289844329133
mcuenta_debitos_automaticos_rank	0.00164700177782228	0.00345387341815691	0.0022238695329874
vm_cconsumos_tend6	0.00164589641777418	0.00144595635774765	0.0011119347664937
mcuentas_saldo_rank_delta1	0.00163484844191702	0.00356697832920955	0.00389177168272795
tcallcenter_delta2	0.00161432818680472	0.00267317935481113	0.00185322461082283
mrentabilidad_annual_rank_lag2	0.00157841559410667	0.0055299777684804	0.00796886582653818
Visa_cconsumos_delta2	0.00157826186820822	0.00251402663450146	0.0022238695329874
mtarjeta_visa_consumo_rank_delta2	0.00148427800508724	0.00133948217428773	0.00129725722757598
Master_status_delta1	0.00139978338646925	0.000375345609919124	0.000370644922164566
Master_delinquency	0.00133796366293591	0.00504917808703869	0.00389177168272795
mcaja_ahorro_rank_lag1	0.00132227251486964	0.00233012094162675	0.00203854707190512
vmr_mpagominimo	0.00128485300006645	0.0017333260319766	0.00166790214974055
mrentabilidad_annual_rank_delta2	0.0012768526056688	0.00417458686134079	0.00593031875463306
mcomisiones_rank_lag2	0.00124593535523235	0.00421402247067918	0.00611564121571534
mttarjeta_visa_debitos_automaticos_rank_tend6	0.00122195531960146	0.00337137840440357	0.00240919199406968
Visa_msaldototal_rank	0.00121338505699459	0.00229581531828095	0.00259451445515196
mprestamos_personales_rank_delta2	0.00117386118955621	0.00305067090533349	0.00203854707190512
mactivos_margen_rank_delta2	0.00115228991402173	0.00521101949981569	0.00704225352112676
ccallcenter_transacciones_tend6	0.00114205532993677	0.00159930337689257	0.000926612305411416
vm_msaldopesos_rank	0.00112731048753686	0.000375438248289502	0.00055596738324685
mtarjeta_visa_consumo_rank_delta1	0.00111462500129283	0.00131848813983368	0.000926612305411416
Visa_mpagominimo_rank_lag1	0.00110814164641254	0.00292043552480315	0.00296515937731653
vm_fechaalta	0.00108374424909849	0.00349923025415724	0.00426241660489251
mrentabilidad_rank	0.00107946549236881	0.00362035764808463	0.0044477390659748
cdescubierto_preacordado_lag2	0.00106029812350099	0.00856062025813813	0.00500370644922165
mrentabilidad_annual_rank_lag1	0.00104410660582073	0.00343202275124266	0.00426241660489251
Visa_fechaalta_lag1	0.00102131947574933	0.00172816008049904	0.0022238695329874
cliente_edad_lag1	0.00100224149066587	0.0039657756150557	0.00407709414381023
mcuentas_saldo_rank_lag1	0.000972109295415149	0.00426093127184913	0.00370644922164566
chomebanking_transacciones	0.000961647318343913	0.00396229568191903	0.0033358042994811
vm_fechaalta_lag2	0.000941586256503337	0.00302250230155944	0.00407709414381023
cliente_edad_lag2	0.000935092782419131	0.00457219292673019	0.00518902891030393
Master_fechaalta_lag2	0.000930740987228531	0.00362587453550644	0.0044477390659748
rf_012_027	0.000909281324964707	0.00238184039887728	0.00389177168272795
rf_013_024	0.000888505322362764	0.000326449988170353	0.00055596738324685
mcaja_ahorro_dolares_rank	0.000886392092676091	0.00501810499788749	0.00370644922164566
rf_009_025	0.000884581735229049	0.00335698349150999	0.00277983691623425
Visa_mconsumosdolares_rank	0.000877623455535087	0.00200167105451941	0.00315048183839881
rf_014_025	0.000867646474105834	0.00164894446505709	0.00203854707190512
mprestamos_personales_rank_tend6	0.00085851101089573	0.00334297765977199	0.00203854707190512
mrentabilidad_rank_lag1	0.000857595850928352	0.00219415941994386	0.00240919199406968
Visa_mconsumototal_rank_tend6	0.000856957026429788	0.00228187269860744	0.00389177168272795
tcallcenter_tend6	0.000844836617226431	0.00223902472764959	0.00129725722757598
mcuenta_corriente_rank_delta2	0.00082857473326152	0.00343404335758008	0.00240919199406968
cliente_edad	0.000821427114777363	0.00310319904106426	0.00352112676056338
Visa_msaldopesos_rank	0.000802693450868497	0.00259171099217422	0.00259451445515196
Master_msaldopesos_rank	0.000791949485485439	0.00225615628699047	0.00203854707190512
rf_004_019	0.000789211995492737	0.0015424909889976	0.00259451445515196
mpasivos_margen_rank_lag2	0.000775659158328553	0.00296209772462016	0.00426241660489251
cmobile_app_trx_lag2	0.000764413158468427	0.00309898345028047	0.0033358042994811
mcomisiones_rank_delta2	0.000761227820691112	0.00304640518084337	0.0044477390659748
ccomisiones_mantenimiento_delta2	0.000750391915807211	0.000291155858919456	0.000185322461082283
mrentabilidad_rank_lag2	0.000737522919137527	0.00345907533511944	0.00426241660489251
mactivos_margen_rank_tend6	0.00073631155610915	0.00308723690491652	0.00277983691623425
Master_status_tend6	0.00072984097392429	0.000523640023357294	0.00055596738324685
chomebanking_transacciones_delta1	0.000718339482914031	0.00333602324281455	0.00240919199406968
Visa_mpagominimo_rank_lag2	0.000708763426724318	0.00253336952623642	0.00277983691623425
Visa_mconsumospesos_rank	0.000696146874693457	0.00218863708320614	0.00315048183839881
mcomisiones_mantenimiento_rank_delta2	0.000683693147526012	0.00208516656267283	0.00148257968865827
ctrx_quarter_normalizado_lag2	0.000680129893124249	0.00171159089055952	0.00148257968865827
Visa_cconsumos_tend6	0.000677466736727713	0.00326640714227014	0.00463306152705708
ctarjeta_visa_transacciones_delta1	0.000674656092582163	0.00134152784747831	0.000926612305411416
rf_016_020	0.000674243929356862	0.00165870418984222	0.00259451445515196
Visa_msaldototal_rank_delta2	0.000657166428597876	0.00105390750471776	0.00148257968865827
Visa_mconsumototal_rank_lag2	0.000648236426820049	0.00265886400192976	0.00389177168272795
mcomisiones_rank_lag1	0.000646006911649529	0.0028026300338512	0.00370644922164566
Visa_fechaalta	0.000644132500294385	0.00368769375485456	0.00407709414381023
mcomisiones_rank	0.000640829154196203	0.00254086669505797	0.00352112676056338
mrentabilidad_annual_rank_tend6	0.00063627615155509	0.00335899864853151	0.00370644922164566
vmr_mpagominimo_delta2	0.000635430570041085	0.000931562733617282	0.0011119347664937
mcomisiones_otras_rank_tend6	0.000630580636145345	0.00260856136681442	0.00296515937731653
rf_017_016	0.00062808353963482	0.00349022362483012	0.0033358042994811
mrentabilidad_rank_delta2	0.000627662491679372	0.00317843011671677	0.00407709414381023
mactivos_margen_rank_delta1	0.000625006231750025	0.00415877294658565	0.00426241660489251
mpagomiscuentas_rank	0.000620179670694168	0.00334415689173375	0.00203854707190512
Visa_Fvencimiento	0.000618760201444491	0.0036940716341893	0.00426241660489251
mcomisiones_otras_rank_delta1	0.000617548404315448	0.00248808462120604	0.00259451445515196
Visa_mlimitecompra_rank_delta2	0.00061671099610305	0.00503536407122053	0.00593031875463306
Master_mfinanciacion_limite_rank	0.000612450689547535	0.00415288223609278	0.00481838398813936
Visa_cconsumos	0.000608341942866359	0.00199878945626906	0.00315048183839881
vm_status04	0.000599399274870624	0.00160298384485453	0.0011119347664937
numero_de_cliente	0.00059449026386711	0.00298037255043782	0.00352112676056338
Master_fechaalta_tend6	0.000592740952850086	0.00114057233500129	0.00129725722757598
vm_cconsumos_lag2	0.000572230392567352	0.0012624299372599	0.000741289844329133
Master_mlimitecompra_rank_tend6	0.000571689275848606	0.0032065028125309	0.00463306152705708
mpasivos_margen_rank_delta2	0.000566542433222329	0.00282458968708355	0.00463306152705708
mcomisiones_rank_delta1	0.000560390337847352	0.00307194612448822	0.00370644922164566
ctarjeta_visa_transacciones	0.000557810803675037	0.00206924802105232	0.00166790214974055
Visa_mconsumototal_rank	0.00055422648259318	0.00206784536713848	0.00315048183839881
vm_mconsumospesos_rank_delta2	0.00054691543544639	9.55439456184865e-05	0.000185322461082283
Visa_cconsumos_lag1	0.00054243754675146	0.00153554420108242	0.0022238695329874
ctrx_quarter_tend6	0.000541119119609524	0.0025671225889495	0.00259451445515196
Visa_status	0.000538545319354147	0.000246819134856471	0.000185322461082283
Visa_mfinanciacion_limite_rank	0.000524499293793748	0.00294389809936199	0.00407709414381023
mcomisiones_mantenimiento_rank	0.000524069083908259	0.00441882955963757	0.00389177168272795
Visa_mfinanciacion_limite_rank_lag1	0.000517741859629106	0.00251721993362156	0.00370644922164566
Visa_msaldopesos_rank_delta2	0.000517681251650999	0.00185627131768976	0.00277983691623425
mcomisiones_rank_tend6	0.000511254798767951	0.002236442841774	0.00315048183839881
ctrx_quarter_normalizado_delta2	0.00050045820021484	0.00295694485150077	0.00296515937731653
Visa_fultimo_cierre_lag2	0.000499627317717971	0.00153717572626425	0.00185322461082283
mcuentas_saldo_rank_lag2	0.000494206827092496	0.00332018862065897	0.00296515937731653
thomebanking_lag2	0.000489212403967379	0.00352689425127852	0.0055596738324685
Master_mfinanciacion_limite_rank_tend6	0.000484130086719385	0.0029099401423709	0.00500370644922165
vmr_mpagominimo_lag2	0.000483870119290064	0.0020980716325981	0.00166790214974055
mactivos_margen_rank_lag1	0.000482634779110676	0.00317992649886417	0.00277983691623425
chomebanking_transacciones_delta2	0.000480402979792546	0.00364651218470033	0.00407709414381023
Visa_cconsumos_lag2	0.000476702293112744	0.00125112369662104	0.0022238695329874
rf_011_024	0.00046999906723681	0.00183163605034826	0.00148257968865827
Master_msaldototal_rank	0.00046886187882219	0.00130459565386649	0.00185322461082283
vm_mpagospesos_rank_tend6	0.000468297366037591	0.0011214027315121	0.00129725722757598
Visa_mlimitecompra_rank_tend6	0.000464435982509078	0.00491177467636744	0.00481838398813936
Master_cconsumos_tend6	0.000458605566989862	0.000571530791253257	0.00055596738324685
mcaja_ahorro_dolares_rank_delta2	0.000455861485629024	0.000853937228556292	0.00055596738324685
mcomisiones_otras_rank_lag1	0.000453366076377693	0.00247332569401002	0.0033358042994811
mtransferencias_emitidas_rank	0.000450206792063066	0.00253513837417905	0.00203854707190512
rf_007_018	0.000449377893733865	0.00277111119065901	0.00166790214974055
mcaja_ahorro_rank_tend6	0.000446519966401827	0.00483216017100128	0.00389177168272795
chomebanking_transacciones_lag2	0.000445477711178526	0.00242197025106192	0.00315048183839881
mrentabilidad_rank_delta1	0.00044379517922868	0.00253936050414194	0.00370644922164566
Master_mlimitecompra_rank_delta2	0.000441031805279873	0.00337362788200899	0.00481838398813936
Master_fultimo_cierre_tend6	0.000440961671338898	0.00178421501348327	0.0022238695329874
Visa_delinquency_lag1	0.000438397515489834	0.00140476061937208	0.000926612305411416
ccajas_transacciones	0.000431244660666389	0.00095958202613554	0.00055596738324685
mactivos_margen_rank_lag2	0.00042943507927667	0.00301633694554498	0.00352112676056338
mcaja_ahorro_rank_delta2	0.000422047145120831	0.00345291760814725	0.0033358042994811
Master_mlimitecompra_rank_lag2	0.000420175425394582	0.00242911648393921	0.00352112676056338
rf_020_016	0.000418732653436851	0.00114556717795945	0.000741289844329133
Visa_mconsumospesos_rank_lag1	0.000411808310125578	0.00172206229600179	0.00240919199406968
Master_mfinanciacion_limite_rank_lag1	0.000411016536105834	0.00159111850440386	0.00240919199406968
Master_fechaalta_lag1	0.000410420320852873	0.00256015836322342	0.00370644922164566
Visa_msaldopesos_rank_lag2	0.000408653097552342	0.00218550808601372	0.00240919199406968
Visa_mconsumospesos_rank_delta1	0.000407274706613945	0.0023721002916294	0.00370644922164566
vm_mpagominimo_rank	0.000405477065552105	0.000662253182159356	0.00055596738324685
Visa_mpagospesos_rank_delta2	0.000403921766690263	0.00217527863019761	0.00315048183839881
vm_fechaalta_lag1	0.000394767617826862	0.00197470892928664	0.00277983691623425
Master_mpagominimo_rank	0.000394107189845361	0.00100516337395114	0.00129725722757598
rf_008_019	0.000393367343198155	0.00107631509171746	0.000926612305411416
internet_tend6	0.000387856646658991	0.0025458855150061	0.00166790214974055
rf_011_016	0.000386112636482061	0.00161745068871806	0.00129725722757598
cliente_antiguedad_lag1	0.00037848503371025	0.00284978187451051	0.00259451445515196
mpagomiscuentas_rank_tend6	0.000377895607423134	0.00127944270151405	0.000741289844329133
Visa_mconsumospesos_rank_tend6	0.000372701848906628	0.00239176251327637	0.00370644922164566
Master_mpagominimo_rank_lag2	0.000368015392305081	0.00140527176520393	0.00166790214974055
Visa_mconsumosdolares_rank_lag2	0.000365915666003035	0.00173196806245317	0.00259451445515196
mtransferencias_recibidas_rank_delta2	0.000357698409463585	0.00195090849714172	0.00166790214974055
rf_017_018	0.000356884901743502	0.000920730583462123	0.000926612305411416
mcomisiones_otras_rank_delta2	0.000355041761505577	0.00208776479649614	0.00370644922164566
mcomisiones_otras_rank	0.000354908723984873	0.00196406859505132	0.00277983691623425
Visa_msaldototal_rank_delta1	0.000354755619546577	0.00169197008371343	0.0022238695329874
ctarjeta_master	0.000352682106999402	0.000840550439105058	0.000741289844329133
vmr_Master_mlimitecompra_tend6	0.000350335198057366	0.00170452203796808	0.00166790214974055
Visa_fechaalta_lag2	0.000347182696309695	0.00231052302190745	0.00296515937731653
vmr_msaldopesos2_lag2	0.000346790014631571	0.00219286248275857	0.0022238695329874
Visa_msaldopesos_rank_lag1	0.000346733544175439	0.00223899966079643	0.0022238695329874
Master_fechaalta	0.000344812748549809	0.00186007711991753	0.00259451445515196
Visa_mconsumototal_rank_delta2	0.000343761912927548	0.00170315970899193	0.00315048183839881
thomebanking_lag1	0.000343030350282738	0.00212715027212821	0.00370644922164566
Master_mlimitecompra_rank	0.000342904268482941	0.00184920464482468	0.00296515937731653
Master_mlimitecompra_rank_delta1	0.000340543108062103	0.00327871387730908	0.00463306152705708
Master_mlimitecompra_rank_lag1	0.000340237894724746	0.00139218795771699	0.0022238695329874
vmr_msaldopesos2_tend6	0.000340021719759692	0.00218617399241727	0.00166790214974055
vmr_msaldopesos_lag1	0.000337514861103288	0.000497674033071887	0.00055596738324685
Master_mfinanciacion_limite_rank_delta2	0.000335836045628486	0.00201959712411917	0.00277983691623425
ccajas_transacciones_tend6	0.000334267779416995	0.00278415903266098	0.00166790214974055
rf_015_025	0.0003328797768346	0.00072148724604233	0.00129725722757598
Visa_mfinanciacion_limite_rank_tend6	0.000326952457811992	0.00332837240328449	0.00352112676056338
Master_Fvencimiento	0.000326608545142507	0.00205767258420777	0.00315048183839881
mcuenta_debitos_automaticos_rank_lag2	0.000323997128119134	0.000804988203511656	0.00055596738324685
vmr_mpagominimo_delta1	0.00031984618383292	0.000640974693415084	0.00055596738324685
mcomisiones_mantenimiento_rank_lag1	0.000318994023748558	0.00170540700687098	0.00166790214974055
vmr_mpagominimo_tend6	0.000317801952604273	0.00052255669935546	0.000370644922164566
Visa_mlimitecompra_rank_delta1	0.000317435001628849	0.00242320397618272	0.00370644922164566
ctrx_quarter_lag2	0.000317395915419859	0.00209792123147913	0.00185322461082283
Visa_mconsumototal_rank_lag1	0.000316478770772902	0.00156480266803738	0.0022238695329874
Visa_mlimitecompra_rank	0.000315887966932845	0.000925117282765324	0.00129725722757598
mcaja_ahorro_rank_delta1	0.000311877706072466	0.00257723324967889	0.00240919199406968
Visa_fechaalta_delta2	0.000311525419048264	0.00108459696202927	0.0011119347664937
mtransferencias_recibidas_rank_lag2	0.000310226006276017	0.00142305288300063	0.00203854707190512
Master_fultimo_cierre_delta2	0.000309396970754624	0.000779797105947883	0.00129725722757598
cliente_antiguedad_lag2	0.000308591732703425	0.00214957311721245	0.00259451445515196
mcuenta_debitos_automaticos_rank_lag1	0.000308532642030005	0.000223340212349923	0.000185322461082283
Visa_mlimitecompra_rank_lag1	0.000307917991320328	0.00185189769674473	0.00296515937731653
Master_Fvencimiento_tend6	0.000304830330544172	0.000724438595536259	0.0011119347664937
vm_fultimo_cierre_delta1	0.000299341961010385	0.000626216856082254	0.00055596738324685
vm_mpagominimo_rank_lag1	0.000297456800544639	0.0021672485182806	0.00166790214974055
vm_fechaalta_tend6	0.000296045497813746	0.000730890585567303	0.000741289844329133
mttarjeta_visa_debitos_automaticos_rank_lag1	0.000295921241617134	0.000661278844475614	0.000741289844329133
rf_011_021	0.000295433490613316	0.00146406225477227	0.00166790214974055
cliente_antiguedad	0.000295234768747456	0.00294420326105264	0.00259451445515196
mrentabilidad_rank_tend6	0.000294580418303261	0.00445617917084768	0.00352112676056338
mpasivos_margen_rank_delta1	0.000292043037967581	0.00247903112776214	0.00296515937731653
Master_mfinanciacion_limite_rank_delta1	0.000291300109151253	0.00215961838615098	0.00352112676056338
Master_mpagospesos_rank_tend6	0.000290473860810174	0.001213575730312	0.00129725722757598
Visa_msaldototal_rank_lag1	0.000289905069662041	0.00155708098740057	0.00166790214974055
Visa_mpagominimo_rank_delta2	0.00028153193482967	0.00179245437913102	0.00203854707190512
Visa_mlimitecompra_rank_lag2	0.00028101117272259	0.00143526479994283	0.0022238695329874
Master_fechaalta_delta1	0.00028074530756476	0.000517855029592973	0.00055596738324685
ccomisiones_otras_lag2	0.00028042121660742	0.00258939503291477	0.0022238695329874
ccajas_consultas_delta2	0.000278048567748282	0.00351846742916365	0.00203854707190512
vm_mfinanciacion_limite_rank_tend6	0.000273069968565082	0.00243848821743193	0.00240919199406968
Visa_mpagospesos_rank_delta1	0.000271428171690082	0.00151619803975791	0.00259451445515196
vmr_Master_mlimitecompra	0.000270341765152789	0.00101735894294562	0.00129725722757598
ccomisiones_otras_delta2	0.000263617890860175	0.00162517018962851	0.00148257968865827
Visa_mpagospesos_rank_lag1	0.00026268377584625	0.00155011240222177	0.00259451445515196
Visa_mfinanciacion_limite_rank_lag2	0.000261896270653695	0.0015297134330645	0.0022238695329874
vmr_msaldopesos2	0.000258057661284961	0.00132334130057831	0.00166790214974055
Visa_mconsumospesos_rank_delta2	0.000257543701981324	0.00171958067753884	0.00277983691623425
Visa_msaldopesos_rank_delta1	0.000257275180884405	0.0020181160000563	0.00185322461082283
internet_lag2	0.000257204993896636	0.000627341594884963	0.000741289844329133
Visa_Fvencimiento_delta1	0.00025627181568014	0.000841873533006694	0.00055596738324685
Visa_mconsumospesos_rank_lag2	0.000253392982920024	0.00185352268274748	0.00296515937731653
Master_msaldototal_rank_tend6	0.000252489405454621	0.00142435962895455	0.00166790214974055
Visa_Fvencimiento_lag2	0.000250435984396774	0.0022604438087442	0.00277983691623425
vmr_msaldototal	0.000250148250394058	0.000510524609838109	0.00055596738324685
ccomisiones_otras_tend6	0.000247604486014263	0.00161940372353827	0.00166790214974055
vm_msaldototal_rank_lag1	0.000246132055459476	0.000882958105337816	0.000926612305411416
mpayroll_rank_lag2	0.000245537509036907	0.00383832810454216	0.0022238695329874
rf_020_025	0.000245534183150081	0.00116636394717775	0.00148257968865827
mautoservicio_rank	0.000244665147402317	0.00216467644117363	0.00129725722757598
vm_Fvencimiento_lag1	0.000243487949324963	0.00159420935638495	0.00277983691623425
ctrx_quarter_delta1	0.000239363076674284	0.000706386101807509	0.00055596738324685
thomebanking_tend6	0.000238405913372153	0.00182030147326669	0.0011119347664937
Visa_mpagominimo_rank_tend6	0.000237887552640339	0.00197303162985121	0.00203854707190512
cdescubierto_preacordado_lag1	0.000237686131978828	0.00381537231636245	0.0022238695329874
rf_012_028	0.000236735946537761	0.000144720752067935	0.000185322461082283
vmr_Visa_mlimitecompra_tend6	0.000236071546253612	0.00324784023311999	0.0022238695329874
Master_mfinanciacion_limite_rank_lag2	0.000234551480317457	0.00158782493787112	0.0022238695329874
Master_msaldopesos_rank_tend6	0.000233170070638932	0.0011204545505447	0.0011119347664937
mcuenta_corriente_rank_delta1	0.00023169154629366	0.00304731194700989	0.00203854707190512
Visa_fechaalta_delta1	0.000230217581029206	0.000516980959321876	0.00055596738324685
Master_fultimo_cierre_lag1	0.000229999206893797	0.0016229544977817	0.00203854707190512
vmr_msaldototal_lag2	0.000227214896482297	0.000482312411536827	0.000741289844329133
vm_status02_delta2	0.000224796119308255	0.00155587886831201	0.00129725722757598
mcomisiones_mantenimiento_rank_lag2	0.000221286328396452	0.00225194287593303	0.00185322461082283
Visa_msaldopesos_rank_tend6	0.000221048169406501	0.00233902730354122	0.00203854707190512
vm_mconsumospesos_rank_tend6	0.000221029519970919	0.00045291989141061	0.000370644922164566
Visa_mpagominimo_rank_delta1	0.00021640489302347	0.00202137905041998	0.00185322461082283
vm_cconsumos_delta2	0.000215950303624795	0.000639721350757027	0.000370644922164566
Master_Fvencimiento_lag2	0.000215547107035426	0.00146936879860017	0.00185322461082283
Master_delinquency_tend6	0.00021283141114858	0.000445569854118489	0.000370644922164566
Visa_msaldototal_rank_tend6	0.000208540396706104	0.00122823983941128	0.00148257968865827
Visa_mconsumosdolares_rank_delta1	0.000207661772350344	0.00081730910677195	0.00166790214974055
Master_mconsumosdolares_rank_tend6	0.000205920908379423	0.000710401157766017	0.0011119347664937
mpasivos_margen_rank_tend6	0.000201842637049562	0.00262862029865924	0.0022238695329874
mcaja_ahorro_rank_lag2	0.000201580609177811	0.000906334580705358	0.0011119347664937
rf_012_016	0.000200080091081329	0.00125409575351541	0.00129725722757598
Visa_mconsumototal_rank_delta1	0.000199851250538257	0.00131907884567773	0.0022238695329874
rf_008_013	0.000198436070976148	0.000566842199848942	0.00055596738324685
ctarjeta_visa_transacciones_delta2	0.000196375707379107	0.00337967117334719	0.0022238695329874
Master_madelantodolares_rank_lag2	0.000193898810883078	0.000153476712863442	0.000185322461082283
cmobile_app_trx_delta2	0.000192374231938109	0.000577333222828473	0.000741289844329133
mtarjeta_visa_consumo_rank_lag2	0.000191565625255501	0.00233680834210487	0.00185322461082283
Master_Fvencimiento_lag1	0.000190992176227695	0.00139329198911926	0.00240919199406968
mcaja_ahorro_dolares_rank_lag2	0.000190319540316755	0.000653112499660985	0.000741289844329133
vmr_msaldopesos_lag2	0.000190123871489073	0.00131467361870046	0.00129725722757598
rf_010_013	0.000189810461046239	0.00125857400132581	0.00129725722757598
mtransferencias_emitidas_rank_lag1	0.000189360378513444	0.000396467158365343	0.00055596738324685
Master_msaldopesos_rank_lag1	0.00018799318614365	0.00082086424046811	0.0011119347664937
Visa_mfinanciacion_limite_rank_delta2	0.000187536129845081	0.00106170438591406	0.00148257968865827
rf_005_019	0.00018743218218813	0.00127113903393863	0.00148257968865827
Master_cconsumos_lag2	0.000187231601572837	0.00134706653216375	0.000926612305411416
chomebanking_transacciones_lag1	0.000186191725200711	0.00156208345940099	0.00166790214974055
vmr_msaldopesos_tend6	0.000186078168971229	0.00180202446772268	0.00129725722757598
Visa_mpagosdolares_rank_delta2	0.00018602441292404	0.000294780743859195	0.00055596738324685
vmr_Master_mlimitecompra_lag2	0.000183204478870658	0.00118970881651305	0.00185322461082283
ctrx_quarter_normalizado	0.000181326774391002	0.00268222085976004	0.00185322461082283
Visa_Fvencimiento_lag1	0.000181153753536996	0.00128657040671727	0.00166790214974055
vm_msaldopesos_rank_lag1	0.000179976907654522	0.00122615820073572	0.0011119347664937
Master_mconsumospesos_rank_lag2	0.000178232580604582	0.000623155430407051	0.00055596738324685
rf_013_016	0.000176783007907049	0.000622038320646608	0.000741289844329133
Visa_msaldototal_rank_lag2	0.000176425143098814	0.00114592465308279	0.00148257968865827
rf_019_026	0.000172751539591006	0.000149326513870501	0.000185322461082283
ctrx_quarter_normalizado_lag1	0.00017095357039411	0.00116200013500135	0.000926612305411416
Visa_mpagospesos_rank_lag2	0.000168438134154257	0.0012061733795872	0.00166790214974055
ctrx_quarter_lag1	0.000167460073614628	0.00172649585942177	0.00148257968865827
chomebanking_transacciones_tend6	0.000161308961365038	0.000791827015738872	0.000741289844329133
Master_mpagominimo_rank_delta2	0.000159166197987634	0.000451705783827066	0.00055596738324685
mcuenta_debitos_automaticos_rank_delta2	0.00015519868529275	0.00159930337689257	0.000926612305411416
ctransferencias_emitidas_tend6	0.000154133115587438	0.00135037426691784	0.000926612305411416
mcaja_ahorro_dolares_rank_delta1	0.000153013800329115	0.000762065031994323	0.00055596738324685
mpayroll_sobre_edad_rank_lag2	0.000149922120026506	0.0023433180948845	0.00148257968865827
Master_msaldopesos_rank_delta2	0.000146692535463766	0.00147132837259946	0.00129725722757598
mautoservicio_rank_delta2	0.000143584184774132	0.00146245361671723	0.0011119347664937
Master_madelantodolares_rank_tend6	0.000143342536085782	0.00031696490890681	0.00055596738324685
rf_007_026	0.000141564637901768	0.000203175563776551	0.000370644922164566
vm_msaldototal_rank_delta2	0.000139847553740104	0.000692128511674721	0.000926612305411416
rf_010_017	0.000136872994616316	0.000819645773431842	0.000741289844329133
vm_mlimitecompra_rank_tend6	0.000136203029345914	0.00171748814023147	0.00166790214974055
mttarjeta_visa_debitos_automaticos_rank	0.000135161289617154	0.000913802323221018	0.000926612305411416
vm_mpagado_rank	0.00013451263520847	0.00191916405227108	0.0011119347664937
Visa_mfinanciacion_limite_rank_delta1	0.000133404678235034	0.000987686327981911	0.00148257968865827
vm_mfinanciacion_limite_rank_delta1	0.000132949098032303	0.0013984535811441	0.00148257968865827
cseguro_accidentes_personales	0.000129427281559413	0.00223902472764959	0.00129725722757598
Visa_cconsumos_delta1	0.000127777239331309	0.000954393187531183	0.00129725722757598
rf_002_017	0.000127243569896163	0.00074422179199631	0.000926612305411416
vm_fultimo_cierre_tend6	0.00012525657135937	0.00110928345294028	0.00129725722757598
mcaja_ahorro_dolares_rank_tend6	0.000122631738680146	0.000502469431067933	0.000370644922164566
vmr_msaldototal_lag1	0.000121402777425761	0.000811240748580591	0.0011119347664937
mttarjeta_visa_debitos_automaticos_rank_delta1	0.000120839963608324	0.00137468475503143	0.000926612305411416
vm_Fvencimiento_lag2	0.000116670990322857	0.00112108013201055	0.0011119347664937
Master_status	0.000115843709632932	0.000888700594438081	0.000926612305411416
ctarjeta_debito_transacciones_delta2	0.000115309582549206	0.000639721350757027	0.000370644922164566
rf_014_023	0.000111960337216365	0.0010193424939349	0.000741289844329133
vm_mlimitecompra_rank_delta2	0.00011159877538571	0.000961475118480797	0.00129725722757598
Master_msaldototal_rank_lag2	0.00011151706822115	0.000274498390062283	0.000370644922164566
Master_fechaalta_delta2	0.000110679554938986	0.000292848416439424	0.000370644922164566
rf_017_020	0.000109460741555542	0.000590347279071832	0.000741289844329133
vmr_Master_mlimitecompra_lag1	0.000107927509264273	0.000509196066620568	0.000741289844329133
vmr_Master_mlimitecompra_delta2	0.000106781465076481	0.000918364490496347	0.000741289844329133
vm_status02_tend6	0.000105542609347181	0.000418589201211647	0.000370644922164566
vm_mconsumototal_rank_lag2	0.000104876474708012	0.000529859872530801	0.00055596738324685
rf_002_015	0.000104712285345391	0.00112317811863382	0.000926612305411416
cmobile_app_trx_lag1	0.00010387217667363	0.000711178230214012	0.00055596738324685
vmr_Visa_mlimitecompra_lag2	0.000103031360540642	0.00155815995194968	0.00129725722757598
vmr_Visa_mlimitecompra	0.000101264069155926	0.00075359788494176	0.000926612305411416
vm_msaldopesos_rank_delta2	9.96497859702082e-05	0.000371988831321892	0.000370644922164566
Visa_mconsumosdolares_rank_tend6	9.94419940623615e-05	0.000780263567389317	0.00148257968865827
mtransferencias_recibidas_rank_lag1	9.93840201231437e-05	0.00178700397336324	0.00129725722757598
vm_mpagominimo_rank_delta1	9.87848506308607e-05	0.0012267074917789	0.000926612305411416
mtransferencias_recibidas_rank_tend6	9.84144972378916e-05	0.00081542364346896	0.000741289844329133
Master_mconsumototal_rank_lag2	9.83270484777266e-05	0.000510540957785823	0.000370644922164566
mtarjeta_visa_consumo_rank_lag1	9.77380680652333e-05	0.000562516532883872	0.000741289844329133
vm_mpagominimo_rank_delta2	9.7215434410941e-05	0.00116534165551405	0.000926612305411416
Visa_delinquency_delta2	9.70319664739188e-05	0.000466878859031827	0.000370644922164566
matm_rank_lag2	9.57803559660789e-05	0.00210602327436609	0.00129725722757598
vmr_mpagospesos	9.54891399436313e-05	0.000204902996918308	0.000370644922164566
Master_msaldototal_rank_delta1	9.46431320076272e-05	0.000619036837446356	0.000926612305411416
vmr_msaldototal_tend6	9.40213370657588e-05	0.000577847638249867	0.000741289844329133
vm_mlimitecompra_rank_lag1	9.23367313637917e-05	0.000175862502599528	0.000370644922164566
vm_Fvencimiento	9.16498768643418e-05	0.000534012251250104	0.000926612305411416
Visa_fultimo_cierre_tend6	9.05963754646992e-05	0.000564539318947659	0.000741289844329133
rf_016_015	9.01431897264337e-05	0.00175778256175643	0.0011119347664937
vmr_msaldototal_delta2	8.989883251612e-05	0.00103895458187554	0.000741289844329133
vm_mfinanciacion_limite_rank	8.93216772514937e-05	0.000537188112559304	0.00055596738324685
vmr_mconsumospesos_lag1	8.90683641553821e-05	0.000544857479763434	0.00055596738324685
vm_status02	8.86497017059541e-05	0.000807919935468329	0.000741289844329133
vm_cconsumos_lag1	8.80423211586154e-05	0.00080824035524352	0.00055596738324685
rf_001_019	8.79643765411039e-05	0.00100973534999509	0.000741289844329133
mextraccion_autoservicio_rank_delta2	8.68494161110453e-05	0.00222201196339544	0.00129725722757598
ctarjeta_debito_transacciones_lag2	8.67690772850242e-05	0.00159930337689257	0.000926612305411416
vmr_msaldopesos2_lag1	8.54968434121577e-05	0.000789026067363909	0.0011119347664937
Master_fultimo_cierre_lag2	8.48616140920627e-05	0.0010144642663371	0.00129725722757598
vmr_mpagominimo_lag1	8.41508369977588e-05	0.000687122770084758	0.000926612305411416
Visa_mpagado_rank_tend6	8.34901946534584e-05	0.00227719827542448	0.00148257968865827
ctransferencias_recibidas_delta2	8.32140882008999e-05	0.00127944270151405	0.000741289844329133
vm_mpagospesos_rank_lag2	8.25756310625847e-05	0.000767533965436177	0.000926612305411416
mcaja_ahorro_dolares_rank_lag1	8.23683520897235e-05	0.0007398013069345	0.000741289844329133
vm_msaldopesos_rank_tend6	8.2344188347093e-05	0.0012577576938033	0.000926612305411416
vmr_mconsumototal_tend6	8.19185674892254e-05	0.000942819930412999	0.000741289844329133
vmr_msaldototal_delta1	8.05063305204596e-05	0.000765505730056486	0.000741289844329133
vm_mconsumototal_rank	8.03934285134443e-05	0.000143642877382006	0.000185322461082283
vm_fultimo_cierre	7.95334750935359e-05	0.000550639203938212	0.000741289844329133
Master_fultimo_cierre	7.94239097234815e-05	0.000781013393257789	0.0011119347664937
vm_msaldototal_rank_delta1	7.74634179467117e-05	0.000467052147277593	0.000370644922164566
ccallcenter_transacciones_delta2	7.60464401686646e-05	0.000891783817376902	0.00055596738324685
Visa_mconsumosdolares_rank_lag1	7.51716024197787e-05	0.000590476972790362	0.0011119347664937
Master_delinquency_lag1	7.48787651746777e-05	0.000389350351793939	0.00055596738324685
cpagomiscuentas_delta2	7.39145820347676e-05	0.00095958202613554	0.00055596738324685
mcomisiones_mantenimiento_rank_delta1	7.33461543435604e-05	0.00133315987797521	0.000926612305411416
Master_madelantodolares_rank	7.29443068960613e-05	0.000191503129108903	0.000370644922164566
vmr_mconsumospesos	7.28256215726813e-05	0.000599686316669131	0.000741289844329133
Master_delinquency_delta2	7.21471764938628e-05	0.00104387313441103	0.000741289844329133
Master_msaldopesos_rank_lag2	7.17187636725118e-05	0.000388039246387293	0.000741289844329133
cforex_tend6	7.0692133513641e-05	0.00159930337689257	0.000926612305411416
vmr_mconsumospesos_tend6	7.056569913503e-05	0.00108170555501029	0.000741289844329133
Visa_mconsumosdolares_rank_delta2	7.04280934470851e-05	0.000651714205199865	0.0011119347664937
Master_mpagominimo_rank_lag1	7.01710330332821e-05	0.000379616783725147	0.00055596738324685
cmobile_app_trx_tend6	6.97852311852339e-05	0.00209008402534514	0.00129725722757598
ccajas_transacciones_lag2	6.84050782486135e-05	0.000899928364927913	0.000926612305411416
ctarjeta_debito_transacciones	6.8239437105934e-05	0.000113859096373838	0.000185322461082283
Visa_mpagado_rank_delta2	6.81194512722442e-05	0.000777213040345923	0.000741289844329133
ctarjeta_master_transacciones_delta2	6.77487026838573e-05	0.000319860675378513	0.000185322461082283
vm_mpagado_rank_delta2	6.75922600728671e-05	0.00127944270151405	0.000741289844329133
ctransferencias_recibidas_lag2	6.75714206813296e-05	0.00159930337689257	0.000926612305411416
vmr_mpagospesos_lag1	6.71180997985171e-05	0.00122157314633359	0.000926612305411416
Master_mconsumosdolares_rank_lag2	6.66763762631039e-05	0.000241891863415534	0.000370644922164566
Master_mpagosdolares_rank_tend6	6.63257396404916e-05	0.00073303325658099	0.000926612305411416
mtransferencias_emitidas_rank_tend6	6.62398465783512e-05	0.000411504000672489	0.000370644922164566
vm_mfinanciacion_limite_rank_delta2	6.6126467470132e-05	0.000428979956778533	0.00055596738324685
Master_fultimo_cierre_delta1	6.5823764161185e-05	0.000535843221394049	0.000741289844329133
vm_fultimo_cierre_lag2	6.56480137968573e-05	0.000889420994000668	0.000741289844329133
vm_mlimitecompra_rank_lag2	6.55953576547904e-05	0.000279095432959401	0.00055596738324685
ctarjeta_debito_transacciones_tend6	6.55947120708249e-05	0.00158302736014872	0.000926612305411416
mextraccion_autoservicio_rank_lag2	6.53442651653153e-05	0.000443409745293907	0.00055596738324685
cextraccion_autoservicio_delta2	6.35196340993133e-05	0.0014753129123889	0.000926612305411416
Master_msaldototal_rank_lag1	6.32498686903318e-05	0.000350071682753601	0.00055596738324685
cproductos_lag2	6.30551253980318e-05	0.00121428305151642	0.000741289844329133
ctransferencias_recibidas_lag1	6.23553397666472e-05	0.00159930337689257	0.000926612305411416
tcallcenter	6.21023440554567e-05	0.000909427612412807	0.00055596738324685
Master_cadelantosefectivo_tend6	6.20979672150125e-05	0.000512584451250047	0.00055596738324685
Master_msaldototal_rank_delta2	6.07540749937171e-05	0.000755978146128888	0.000741289844329133
Master_Fvencimiento_delta2	5.83937964678351e-05	0.000377980899090587	0.000370644922164566
ccomisiones_otras	5.71385350095802e-05	0.00124083429832998	0.000741289844329133
vmr_mpagospesos_lag2	5.7000425473073e-05	0.000591189743310683	0.000741289844329133
rf_002_028	5.68016032726257e-05	0.00022577823628564	0.000370644922164566
rf_006_013	5.64694282141984e-05	0.000256090600936553	0.000185322461082283
cmobile_app_trx	5.63668698841442e-05	0.00127944270151405	0.000741289844329133
Visa_mpagado_rank	5.61093806167643e-05	0.000770955045961083	0.00055596738324685
Master_mconsumospesos_rank_delta2	5.52058799380358e-05	0.00045742429593735	0.000370644922164566
ccajas_transacciones_lag1	5.50063518120946e-05	0.000936310177633367	0.00055596738324685
mextraccion_autoservicio_rank_lag1	5.39087830518901e-05	0.000421613571538698	0.000370644922164566
cseguro_accidentes_personales_lag1	5.37535055507071e-05	0.00095958202613554	0.00055596738324685
vm_mpagospesos_rank	5.29994885626179e-05	0.000343340687748243	0.000370644922164566
ccomisiones_otras_lag1	5.19442113431506e-05	0.00151995915759527	0.000926612305411416
vmr_msaldopesos	5.14115258012602e-05	0.000788063718175157	0.00055596738324685
ctarjeta_visa_transacciones_lag2	5.10588527960413e-05	0.000242956659743293	0.000370644922164566
Visa_fultimo_cierre_delta1	5.07910393043246e-05	0.000283779664910993	0.000370644922164566
mtarjeta_visa_consumo_rank_tend6	5.0753985638608e-05	0.00147989905665421	0.000926612305411416
vmr_mconsumototal_lag2	5.00241226668372e-05	0.000288041029948389	0.000370644922164566
vmr_Visa_mlimitecompra_lag1	5.00161332693152e-05	0.000758822689031088	0.000741289844329133
Master_Fvencimiento_delta1	4.93846780518884e-05	0.000204853953075167	0.000370644922164566
vm_fultimo_cierre_lag1	4.87849208855902e-05	0.000571490466315563	0.00055596738324685
cprestamos_personales_lag1	4.80274172705694e-05	0.000879582799066508	0.00055596738324685
vm_status03	4.59073945227625e-05	0.000564496814283603	0.000370644922164566
Master_mpagominimo_rank_tend6	4.55910815436342e-05	0.000353831710727773	0.00055596738324685
Master_mconsumospesos_rank	4.43459426167179e-05	7.75176086060785e-05	0.000185322461082283
vm_mconsumototal_rank_tend6	4.43174680701832e-05	0.000412388969575396	0.000370644922164566
vmr_msaldopesos_delta2	4.40688891285078e-05	0.000432169986309084	0.000370644922164566
rf_018_019	4.40422866410965e-05	0.000887320827651037	0.00055596738324685
Visa_fultimo_cierre	4.36685899563214e-05	0.000116381039774486	0.000185322461082283
vm_msaldopesos_rank_delta1	4.27910994837885e-05	0.000686024187998391	0.00055596738324685
mpagomiscuentas_rank_delta2	4.27709639701002e-05	0.000319860675378513	0.000185322461082283
rf_005_013	4.243465471712e-05	0.000176827031514642	0.000185322461082283
Master_mconsumototal_rank_tend6	4.19658976650962e-05	0.000236893750867838	0.000370644922164566
Visa_mpagosdolares_rank_lag2	4.01563137158215e-05	0.000445852128682347	0.000926612305411416
Master_mconsumototal_rank	3.93167707058958e-05	0.000393695636296265	0.000370644922164566
ccuenta_debitos_automaticos_lag2	3.85366293554217e-05	0.00127944270151405	0.000741289844329133
rf_018_021	3.80665136911711e-05	0.000562160147623712	0.000370644922164566
vm_msaldopesos_rank_lag2	3.76601575861033e-05	0.000830117178874116	0.00055596738324685
Visa_msaldodolares_rank_tend6	3.76600884780963e-05	0.000742019178507671	0.00055596738324685
vm_mconsumototal_rank_lag1	3.7123752497702e-05	8.14705423632734e-05	0.000185322461082283
rf_017_015	3.68182050103331e-05	0.000497869118581272	0.000370644922164566
ctransferencias_emitidas_lag2	3.67959860182111e-05	0.000183231067565725	0.000185322461082283
rf_019_016	3.6592669237752e-05	0.000616713249144636	0.00055596738324685
mextraccion_autoservicio_rank_tend6	3.65768511828132e-05	9.88233439298732e-05	0.000185322461082283
rf_019_024	3.65277527593407e-05	0.000482470441698061	0.000370644922164566
vm_mfinanciacion_limite_rank_lag1	3.64572277822268e-05	0.000290089972728517	0.000370644922164566
ctarjeta_debito	3.60285830651189e-05	0.000545865603205785	0.000370644922164566
Master_mconsumototal_rank_lag1	3.57437505748747e-05	0.000159941781252656	0.000185322461082283
rf_020_015	3.57170165262945e-05	0.000213955400499025	0.000185322461082283
Master_madelantodolares_rank_delta1	3.52352344066376e-05	0.000122236874645566	0.000185322461082283
ctarjeta_visa_transacciones_lag1	3.48796240551649e-05	0.00127944270151405	0.000741289844329133
cseguro_accidentes_personales_lag2	3.4658204048335e-05	0.000238254989980806	0.000185322461082283
cpagomiscuentas_tend6	3.46086152139684e-05	0.00095958202613554	0.00055596738324685
cmobile_app_trx_delta1	3.40351129474017e-05	0.00095958202613554	0.00055596738324685
vm_status02_delta1	3.33376002015811e-05	0.000301300305407455	0.000185322461082283
Visa_cadelantosefectivo_lag1	3.27048513846453e-05	0.000162609766319547	0.000370644922164566
mtransferencias_emitidas_rank_lag2	3.23384601840784e-05	9.49783066275893e-05	0.000185322461082283
vmr_mpagospesos_delta2	3.22345811232235e-05	0.0008814453752427	0.00055596738324685
vm_mfinanciacion_limite_rank_lag2	3.20775216592818e-05	0.000220467333005019	0.000370644922164566
vmr_mconsumosdolares_delta2	3.13885824016203e-05	0.00095958202613554	0.00055596738324685
vm_mpagospesos_rank_delta1	3.11090502395586e-05	0.000127363591048611	0.000185322461082283
Visa_mpagado_rank_delta1	3.06292425612576e-05	0.000568485713525768	0.000370644922164566
Visa_delinquency_lag2	3.04515638275786e-05	0.000551987364693009	0.000370644922164566
Visa_msaldodolares_rank_lag1	3.03571602423521e-05	0.000424831937511953	0.000370644922164566
Visa_cadelantosefectivo_delta2	2.97333775494374e-05	0.000239345943024906	0.00055596738324685
mttarjeta_visa_debitos_automaticos_rank_delta2	2.94137519931729e-05	0.000483467666508602	0.000370644922164566
mextraccion_autoservicio_rank	2.90855882706194e-05	0.000102175763074382	0.000185322461082283
vm_mconsumosdolares_rank_lag2	2.8955771694954e-05	0.000605231540533649	0.000370644922164566
vm_status01_delta2	2.89509791826454e-05	0.000521059227344877	0.000370644922164566
Master_cconsumos_lag1	2.87443216699361e-05	0.000319860675378513	0.000185322461082283
vm_status01	2.86783281304376e-05	0.000224182676588774	0.000185322461082283
Visa_madelantodolares_rank_lag1	2.81883917778641e-05	0.000245770686476427	0.000370644922164566
vmr_mconsumototal	2.80995122259983e-05	9.62937714869591e-05	0.000185322461082283
vmr_mpagado	2.80134911860671e-05	0.000639721350757027	0.000370644922164566
vm_mlimitecompra_rank	2.7452309085462e-05	0.000375627884482982	0.000370644922164566
vm_msaldototal_rank_tend6	2.72148009905547e-05	0.000197122463669724	0.000370644922164566
Master_mpagado_rank	2.71591396100161e-05	0.000168332637882555	0.000185322461082283
vm_fultimo_cierre_delta2	2.59951355309795e-05	9.0395431951823e-05	0.000185322461082283
Master_mconsumosdolares_rank	2.58760097080437e-05	9.22253122325867e-05	0.000185322461082283
vmr_mconsumospesos_lag2	2.52168155604236e-05	0.000290047468064461	0.000370644922164566
vm_fechaalta_delta1	2.46887812433609e-05	0.00024751664729226	0.000185322461082283
ccomisiones_mantenimiento_lag1	2.46772478848569e-05	0.000639721350757027	0.000370644922164566
Master_mpagosdolares_rank	2.45366637697875e-05	0.000357662579808705	0.000370644922164566
Master_mconsumospesos_rank_lag1	2.41270549811895e-05	0.000319860675378513	0.000185322461082283
Master_mconsumosdolares_rank_delta1	2.3928916694056e-05	0.00011857820394722	0.000185322461082283
rf_019_023	2.38611724183799e-05	0.000212933108835323	0.000185322461082283
rf_016_019	2.29256035767519e-05	0.000153167191720061	0.000185322461082283
mtarjeta_master_consumo_rank_delta2	2.27891342036113e-05	0.000319860675378513	0.000185322461082283
vmr_mpagospesos_tend6	2.2714489365457e-05	0.000101957790438198	0.000185322461082283
vm_msaldototal_rank_lag2	2.24676662790708e-05	0.000257596791852584	0.000185322461082283
Visa_mpagosdolares_rank_lag1	2.24433727669605e-05	0.000272984570103986	0.00055596738324685
ctarjeta_debito_transacciones_lag1	2.12760128542944e-05	0.000206001579004675	0.000185322461082283
matm_rank_lag1	2.11768188044039e-05	8.08700277505868e-05	0.000185322461082283
vm_status01_delta1	2.08837322585664e-05	0.000639721350757027	0.000370644922164566
Master_mpagosdolares_rank_lag2	2.08601853688875e-05	0.000209360537328269	0.000185322461082283
vmr_msaldopesos2_delta2	1.97242258310086e-05	0.000176463017212215	0.000185322461082283
Master_mconsumospesos_rank_tend6	1.96072561778916e-05	0.000150320469091499	0.000185322461082283
Visa_Fvencimiento_delta2	1.94307758282453e-05	0.000291488267189637	0.000185322461082283
Master_mpagado_rank_tend6	1.92065730723329e-05	7.82249298104952e-05	0.000185322461082283
Master_madelantopesos_rank_tend6	1.91355689463703e-05	0.000119320400773426	0.000185322461082283
Visa_mpagosdolares_rank_tend6	1.90635896296421e-05	0.000218768236305966	0.000370644922164566
tcallcenter_lag2	1.83120738394958e-05	0.000578734786879135	0.000370644922164566
rf_015_015	1.76556726791815e-05	0.000265580039652819	0.000370644922164566
mv_status07_rank	1.7137047289296e-05	0.000319860675378513	0.000185322461082283
cproductos_lag1	1.70835105960397e-05	0.000639721350757027	0.000370644922164566
mtarjeta_master_consumo_rank	1.70350510376988e-05	0.000257251305224232	0.000185322461082283
active_quarter_lag2	1.67347475682843e-05	0.000273282102752377	0.000185322461082283
Visa_msaldodolares_rank	1.66122543937178e-05	0.000194279010630705	0.000185322461082283
Master_madelantodolares_rank_lag1	1.65700729138808e-05	0.000308911909862996	0.000370644922164566
Master_madelantopesos_rank_delta2	1.62678385155592e-05	9.44093980471494e-05	0.000185322461082283
Master_mpagospesos_rank_delta2	1.55334784042208e-05	0.000639721350757027	0.000370644922164566
Visa_cadelantosefectivo_tend6	1.54834800409237e-05	7.67448956108065e-05	0.000185322461082283
thomebanking_delta2	1.5277496203305e-05	0.000272887572280884	0.000185322461082283
mtransferencias_recibidas_rank_delta1	1.50072414072516e-05	0.000496323692590728	0.000370644922164566
mpagomiscuentas_rank_lag2	1.48157625724385e-05	8.95431589443439e-05	0.000185322461082283
Visa_madelantopesos_rank_delta2	1.44948454643095e-05	9.59907895226635e-05	0.000185322461082283
mprestamos_personales_rank_delta1	1.40025548322971e-05	0.000319860675378513	0.000185322461082283
vmr_mconsumosdolares_delta1	1.3676658876196e-05	0.000639721350757027	0.000370644922164566
vm_mpagado_rank_lag1	1.34660668142874e-05	0.000639721350757027	0.000370644922164566
ctransferencias_recibidas	1.3221026202571e-05	0.000319860675378513	0.000185322461082283
ccuenta_debitos_automaticos_tend6	1.30136909194818e-05	0.000319860675378513	0.000185322461082283
vm_mpagominimo_rank_tend6	1.27359883279169e-05	0.000275993682346505	0.000185322461082283
rf_011_017	1.26618216147889e-05	0.000230459198647689	0.000185322461082283
vm_mpagospesos_rank_delta2	1.23334050081209e-05	0.000121860871848149	0.000185322461082283
Visa_delinquency_delta1	1.22898464872553e-05	0.000253740855918491	0.000185322461082283
vmr_mpagado_tend6	1.20516112225408e-05	0.000319860675378513	0.000185322461082283
Master_mpagosdolares_rank_lag1	1.17436331809696e-05	0.00015855874487607	0.000185322461082283
mtarjeta_master_consumo_rank_lag2	1.16120648453041e-05	0.000272592219358855	0.000185322461082283
Visa_fultimo_cierre_lag1	1.15924455940239e-05	0.000239711047190514	0.000370644922164566
catm_trx_tend6	1.13814314613612e-05	0.000319860675378513	0.000185322461082283
vm_mconsumototal_rank_delta1	1.13546544122433e-05	0.000197705540471516	0.000185322461082283
cextraccion_autoservicio_tend6	1.13453785819685e-05	0.000319860675378513	0.000185322461082283
Visa_madelantopesos_rank_tend6	1.12691657599217e-05	0.000174391187305287	0.000370644922164566
rf_001_015	1.10731872259852e-05	0.000234547275439318	0.000185322461082283
Master_cadelantosefectivo	1.10495062155816e-05	0.000126818659458152	0.000185322461082283
vmr_mconsumototal_lag1	1.05884872126987e-05	0.000254701025380881	0.000185322461082283
vm_msaldototal_rank	1.04751009377232e-05	7.84200153198798e-05	0.000185322461082283
Visa_mpagosdolares_rank_delta1	1.03834555298434e-05	0.00018556119504653	0.000185322461082283
mpagomiscuentas_rank_lag1	1.0024917046518e-05	0.000260965558944806	0.000185322461082283
ccomisiones_mantenimiento_lag2	9.96901634751065e-06	0.000319860675378513	0.000185322461082283
Visa_cadelantosefectivo_delta1	9.92248567043218e-06	8.26857398099986e-05	0.000185322461082283
vmr_mconsumototal_delta2	9.87970115924506e-06	0.000319860675378513	0.000185322461082283
Visa_madelantodolares_rank	9.68040390523839e-06	0.000129270851615221	0.000185322461082283
ctransferencias_emitidas_delta1	9.47008418006848e-06	0.000319860675378513	0.000185322461082283
Master_mconsumosdolares_rank_lag1	9.17632088767341e-06	0.000111325164478201	0.000185322461082283
mttarjeta_visa_debitos_automaticos_rank_lag2	8.97452960248026e-06	0.00017119461859565	0.000185322461082283
vmr_mpagospesos_delta1	8.91217959068499e-06	0.00040913463811717	0.000370644922164566
vm_mconsumospesos_rank_lag2	8.38356451040776e-06	0.000319860675378513	0.000185322461082283
Visa_fultimo_cierre_delta2	8.12374399959124e-06	9.13392534664992e-05	0.000185322461082283
Visa_mpagosdolares_rank	8.04190169048416e-06	8.00526303648972e-05	0.000185322461082283
vm_mconsumosdolares_rank_delta1	7.70742303182309e-06	0.000319860675378513	0.000185322461082283
Visa_madelantodolares_rank_delta2	7.41990403179515e-06	7.69966540055989e-05	0.000185322461082283
ctransferencias_emitidas_delta2	7.40063774326182e-06	0.000319860675378513	0.000185322461082283
vm_mpagominimo_rank_lag2	7.01161648590907e-06	0.000319860675378513	0.000185322461082283
mautoservicio_rank_delta1	6.96767556740457e-06	0.000319860675378513	0.000185322461082283
cextraccion_autoservicio_lag1	6.91574473946687e-06	0.000319860675378513	0.000185322461082283
vmr_msaldopesos_delta1	6.28911018946277e-06	0.000319860675378513	0.000185322461082283
mtarjeta_visa_descuentos_rank_delta1	6.15884978681897e-06	0.000319860675378513	0.000185322461082283
Visa_madelantodolares_rank_lag2	6.10847977601747e-06	8.24546888156437e-05	0.000185322461082283
mcajeros_propios_descuentos_rank_delta2	5.18786232372933e-06	0.000319860675378513	0.000185322461082283
Visa_madelantodolares_rank_tend6	3.66654246118035e-06	7.80930563656039e-05	0.000185322461082283
ctarjeta_visa_debitos_automaticos_lag2	1.68112419414708e-06	7.57171546311995e-05	0.000185322461082283
