Feature	Gain	Cover	Frequency
rf_018_027	0.164279132842557	0.00659699667741794	0.00502073783016809
rf_004_022	0.0925713820997754	0.00346165815995848	0.00469329840646147
mcaja_ahorro_rank	0.0634672358237854	0.00297086579515866	0.00207378301680856
rf_009_015	0.0513136857067565	0.00143344565773488	0.00256494215236848
mtarjeta_visa_consumo_rank	0.0246310881974895	0.00228321556771935	0.00201920977952412
rf_017_021	0.0224397854329328	0.00566967604719888	0.0022920759659463
rf_008_022	0.0216399078118732	0.000880719889309859	0.00169177035581751
mcuentas_saldo_rank	0.0188537657970798	0.00493117979676439	0.00371098013534163
rf_013_026	0.0180360216346513	0.00274095983846535	0.00234664920323074
vm_status06	0.0163270514682401	0.00030856705007854	0.000272866186422179
mprestamos_personales_rank	0.0150016215415427	0.0109372951924992	0.00431128574547042
mpasivos_margen_rank	0.0130180444344351	0.00426709638474252	0.00365640689805719
cdescubierto_preacordado_delta2	0.012255395625292	0.00405349373824497	0.00103689150840428
mcuenta_corriente_rank	0.0110065528567724	0.00448879048538401	0.00392927308447937
rf_010_015	0.0108307870875892	0.00124316307706575	0.00196463654223969
mpayroll_rank	0.010414705034287	0.00324643826314246	0.000982318271119843
ctarjeta_visa_transacciones	0.00972415281431492	0.000577085601346983	0.000709452084697664
vm_status04_tend6	0.00936618473043696	0.00028337926823435	0.000109146474568871
mpayroll_sobre_edad_rank	0.00899201424325044	0.00348782922405053	0.00114603798297315
foto_mes	0.00776061822500641	0.0074056760918338	0.00758567998253656
rf_009_026	0.0070717711579556	0.00193496048133276	0.00120061122025759
mcomisiones_mantenimiento_rank_tend6	0.00686518497026359	0.00256393261599011	0.00240122244051517
cdescubierto_preacordado	0.00677740276044791	0.004997162271959	0.00278323510150622
cproductos_tend6	0.00646688995588696	0.00418505437605457	0.0015280506439642
rf_007_015	0.00615110585172632	0.00112692841297727	0.00256494215236848
rf_003_018	0.00575082267460633	0.00250379706554523	0.00338354071163501
rf_007_020	0.00554800013378754	0.00323373883474553	0.0015280506439642
ctrx_quarter	0.00544397784406314	0.00203081675089819	0.000873171796550972
rf_016_022	0.00544080408603412	0.00122487090572467	0.000545732372844357
ccomisiones_mantenimiento_tend6	0.00521241547673757	0.00204422298308779	0.000709452084697664
ctrx_quarter_normalizado	0.00520819684960233	0.00147070707534357	0.000927745033835407
Visa_delinquency	0.00506828849555308	0.00182819966366411	0.00163719711853307
vm_status06_delta2	0.00485698518989149	0.000870945038120281	0.000436585898275486
rf_010_019	0.00448060571844187	0.00105475341496396	0.00201920977952412
mactivos_margen_rank	0.00439529611424438	0.0083795967197404	0.00676708142327003
mprestamos_personales_rank_delta2	0.00426736774489645	0.0121222171911154	0.00425671250818599
mcuentas_saldo_rank_tend6	0.00401475940636028	0.0032864458847616	0.00392927308447937
rf_010_017	0.00391180733212034	0.000356727070017215	0.000545732372844357
rf_006_019	0.00380596231551145	0.00256955508780042	0.00425671250818599
ctrx_quarter_normalizado_delta2	0.00371889046002128	0.00171922924801898	0.00261951538965291
mprestamos_personales_rank_lag1	0.00367977719193258	0.00393056339027823	0.00212835625409299
cliente_vip_delta1	0.00350315259226166	0.00341397380187818	0.00223750272866186
cdescubierto_preacordado_tend6	0.00343439956634018	0.00174500714785622	0.000436585898275486
mprestamos_personales_rank_lag2	0.00334124714476029	0.00226248785901906	0.00174634359310194
vm_Finiciomora	0.00329155012680689	0.00349360182663489	0.00103689150840428
Visa_mpagominimo_rank	0.00325143298066828	0.00498129597609563	0.00518445754202139
rf_001_022	0.00324132834326201	0.00131708836207355	0.0030561012879284
ctrx_quarter_delta1	0.00321337862683606	0.00193870037269422	0.0015280506439642
vm_status01_tend6	0.00308366869660889	0.000824074507750791	0.000491159135559921
mcuentas_saldo_rank_delta2	0.0030755959510104	0.00395523240340813	0.00578476315215019
ccaja_seguridad	0.00301166149839574	0.00676190269794284	0.00169177035581751
mprestamos_personales_rank_tend6	0.00291305348878926	0.00444338261522902	0.00169177035581751
Visa_status_delta2	0.00280697959964598	0.000149554034045894	0.000163719711853307
mtarjeta_visa_consumo_rank_delta2	0.00273268874602259	0.00137854461739707	0.00158262388124864
Visa_status_tend6	0.00272386532456477	0.00259582574359406	0.000927745033835407
vm_status01	0.00267597815166544	0.000990042592018843	0.000545732372844357
mcomisiones_otras_rank_lag2	0.00266677454772094	0.0027802770071682	0.00638506876227898
thomebanking	0.00260096843050846	0.0028003766935711	0.00638506876227898
mcuenta_debitos_automaticos_rank	0.00241000945103216	0.00549165067804271	0.00218292949137743
vm_status04	0.00236270893820261	0.000265947747568264	0.000272866186422179
ctrx_quarter_delta2	0.00235058565979008	0.00150434008483886	0.00251036891508404
mcuenta_corriente_rank_lag1	0.00231907330575549	0.00564070006458574	0.00327439423706614
ccaja_ahorro	0.00230692594120326	0.0044351031260067	0.00114603798297315
mrentabilidad_annual_rank_lag2	0.00223844518934572	0.00410873368765687	0.00616677581314124
tcallcenter	0.00220857189372294	0.00246146464659328	0.00201920977952412
ctrx_quarter_tend6	0.00208762130270802	0.00246473630831291	0.00283780833879066
Visa_Finiciomora	0.00208310992557141	0.00415232215120359	0.00109146474568871
mtransferencias_recibidas_rank	0.00206802160882605	0.00421347963142232	0.00245579567779961
Visa_status	0.00201505478007582	0.000418297781475411	0.000545732372844357
mrentabilidad_annual_rank_delta1	0.00192940006313997	0.00284006770276576	0.00643964199956341
mcomisiones_rank_lag2	0.0019227583380146	0.00270125693772423	0.00562104344029688
mttarjeta_visa_debitos_automaticos_rank_tend6	0.00180764601051677	0.00418406217514687	0.00234664920323074
ctrx_quarter_normalizado_delta1	0.00175996309162473	0.00230312573260055	0.00136433093211089
mrentabilidad_annual_rank_lag1	0.00160740957348302	0.0020298260364338	0.00376555337262606
ctarjeta_visa_transacciones_tend6	0.00159132233166837	0.00363057980707837	0.00311067452521284
rf_014_025	0.00158278723315419	0.0019975724463278	0.00272866186422179
mcuenta_corriente_rank_tend6	0.00155370045256091	0.00615780842170008	0.00425671250818599
mplazo_fijo_dolares_rank	0.00154038118882557	0.00599676269444454	0.00158262388124864
mcuentas_saldo_rank_delta1	0.0015015534751178	0.00370893840925054	0.0038201266099105
Visa_fechaalta_tend6	0.00143732808277783	0.000818148801505771	0.00103689150840428
vm_mpagominimo_rank	0.00142979411361881	0.00249527677250711	0.00201920977952412
ctarjeta_visa_transacciones_delta2	0.00140717862614202	0.00320872645321162	0.00180091683038638
Visa_msaldototal_rank	0.00139099990976579	0.00145983671543643	0.00261951538965291
rf_003_021	0.00136307303317632	0.000864974738576038	0.0007640253219821
rf_017_022	0.0013388741345403	0.00335846777911425	0.00114603798297315
rf_004_021	0.00132641974344402	0.00173668380855633	0.000873171796550972
mprestamos_personales_rank_delta1	0.00131829176399434	0.00713444478152932	0.00272866186422179
cproductos_delta2	0.00131553007550107	0.00170277283416256	0.000436585898275486
mrentabilidad_annual_rank	0.00131309215091226	0.00238012944169801	0.00365640689805719
mcomisiones_rank_tend6	0.00130013414977551	0.00164096354855353	0.0030561012879284
mcuenta_corriente_rank_lag2	0.00128902380410139	0.00297232250959993	0.0038201266099105
Master_Fvencimiento_tend6	0.00123203899420179	0.000591573221042729	0.0015280506439642
vm_msaldopesos_rank	0.00122869289332409	0.000656049185945272	0.000873171796550972
Visa_mpagospesos_rank_tend6	0.00122175974806614	0.00218903674942633	0.00556647020301244
mrentabilidad_rank	0.0011925863283609	0.00154560821038269	0.00283780833879066
internet_tend6	0.00117376271090519	0.00593924328422071	0.00174634359310194
mactivos_margen_rank_delta2	0.00116440877896613	0.00384124747126543	0.00654878847413229
vm_status02_tend6	0.00113210292513657	0.000704121505728809	0.000327439423706614
vm_Finiciomora_lag1	0.00112548093275757	0.00584797343548031	0.00169177035581751
mcuenta_corriente_rank_delta1	0.00110990012903494	0.00184642866116462	0.00125518445754202
mactivos_margen_rank_lag1	0.00110908448306327	0.00426986562862424	0.00392927308447937
rf_002_028	0.00109417259318736	0.00389498016716362	0.00245579567779961
rf_018_025	0.00108522468295873	0.00108590480735751	0.000982318271119843
Master_fechaalta_tend6	0.00107331995428031	0.000675508958504329	0.00163719711853307
rf_012_027	0.0010704826317739	0.00166814390765131	0.00376555337262606
mcomisiones_rank	0.00105867376509391	0.0015773831657437	0.0038201266099105
cliente_vip_lag1	0.00105326754866916	0.00424963141910202	0.00141890416939533
rf_017_018	0.00105087529909587	0.000738584693811285	0.00120061122025759
rf_013_024	0.00103866553192611	0.00103004947041633	0.00245579567779961
mcomisiones_otras_rank_tend6	0.00102885180975674	0.00135127507170084	0.00267408862693735
Visa_cconsumos_tend6	0.00102103180474683	0.00203505980331922	0.00371098013534163
vm_Fvencimiento_tend6	0.00100290294181242	0.000861179848812201	0.00136433093211089
Visa_mpagominimo_rank_lag1	0.000991756451163752	0.00162865208185984	0.00300152805064396
mrentabilidad_annual_rank_delta2	0.000986626095810531	0.00301439257130812	0.00649421523684785
Visa_msaldopesos_rank	0.000966622577004538	0.00157327314999869	0.00316524776249727
cliente_edad	0.000936140227552783	0.00309919044588802	0.00289238157607509
cliente_edad_lag2	0.000935776093655186	0.00376162241939534	0.00371098013534163
tcallcenter_delta1	0.000926196338645518	0.000723355338905139	0.000436585898275486
mrentabilidad_rank_lag1	0.000917887542461489	0.0020065200918168	0.00403841955904824
rf_015_015	0.000917143450203971	0.000697435483732045	0.00174634359310194
mcuentas_saldo_rank_lag2	0.000915737660301986	0.00421065836202484	0.00431128574547042
ctrx_quarter_normalizado_tend6	0.0009114771166886	0.00255457173926165	0.0022920759659463
mcomisiones_otras_rank_lag1	0.0008859169925934	0.00173691049116071	0.0045841519318926
mrentabilidad_rank_delta1	0.000851212781022085	0.00192270847237137	0.00469329840646147
mrentabilidad_rank_lag2	0.000849985311082648	0.00196497325815283	0.00387469984719494
Visa_mpagospesos_rank	0.000849965171939478	0.000910640506644866	0.00251036891508404
mactivos_margen_rank_lag2	0.000836625065725968	0.00196662246700241	0.00338354071163501
ccomisiones_mantenimiento_delta2	0.000820154923986812	0.000331482060105689	0.000109146474568871
mcomisiones_otras_rank_delta2	0.000819804154128863	0.00188302266572828	0.00463872516917704
chomebanking_transacciones	0.000819054929323641	0.00269475449147593	0.00327439423706614
ccajas_consultas_tend6	0.000816848822800457	0.00532279666409331	0.0015280506439642
vm_fechaalta_tend6	0.000811424645148998	0.000654342749028357	0.00141890416939533
mpagomiscuentas_rank	0.000810578511673523	0.00308655642099662	0.0015280506439642
mrentabilidad_rank_delta2	0.000791734419994575	0.00250264209909537	0.00502073783016809
mcaja_ahorro_rank_lag1	0.000783733842166478	0.00173992797107477	0.00136433093211089
vmr_mpagominimo_delta2	0.000771578381467003	0.00122177984686689	0.00103689150840428
Visa_fechaalta	0.000759277435112152	0.00218285091560251	0.00349268718620389
ccaja_ahorro_delta2	0.000757973518495352	0.00959753931320919	0.00240122244051517
mpayroll_rank_delta2	0.000757280753246555	0.00310840342150739	0.00136433093211089
mpasivos_margen_rank_delta2	0.000754558124791803	0.00187358746683445	0.00436585898275486
mcomisiones_mantenimiento_rank_delta2	0.000747463844810958	0.00131550307028618	0.00114603798297315
cliente_edad_lag1	0.00073876865156962	0.00368795057297146	0.00283780833879066
vmr_mpagominimo_tend6	0.000733439280050061	0.00106513176213635	0.00120061122025759
vmr_mpagominimo	0.000733074048480052	0.00134687742917585	0.00174634359310194
mcomisiones_otras_rank_delta1	0.000724849959338556	0.00161096043361496	0.00283780833879066
mcomisiones_rank_lag1	0.00071575107444562	0.00143896407851367	0.00327439423706614
vm_cconsumos_delta2	0.000710959584808357	0.00151750328354769	0.000491159135559921
rf_007_026	0.000710127722922431	0.000790118196836144	0.00191006330495525
mcomisiones_rank_delta2	0.000708870561745412	0.00251258194549207	0.00442043222003929
thomebanking_lag1	0.000699294951284518	0.00139421693240883	0.00425671250818599
Master_status	0.000685861008786579	0.000553260888015695	0.000491159135559921
Master_fechaalta_lag1	0.000683841290317783	0.00190694994364778	0.00452957869460816
thomebanking_lag2	0.00068155221985362	0.00204322112029859	0.00567561667758131
mactivos_margen_rank_delta1	0.000678120721117506	0.00256301250758282	0.00474787164374591
mtarjeta_visa_consumo_rank_tend6	0.000677738967842239	0.000552456722186382	0.000818598559266536
vm_fechaalta	0.000673465365638291	0.00319290772353408	0.00376555337262606
mtarjeta_master_consumo_rank	0.000671658065752984	0.000721836193844958	0.000272866186422179
ccajas_transacciones_delta1	0.000667398071862932	0.00292822419599878	0.00125518445754202
ccaja_ahorro_tend6	0.000658456468463882	0.00458064376312257	0.00114603798297315
vm_fechaalta_lag1	0.000653473641839126	0.00151241816099302	0.00321982099978171
Visa_mconsumospesos_rank_tend6	0.000652367254396655	0.00149862991287341	0.00343811394891945
mpasivos_margen_rank_lag2	0.000650897299968018	0.00184631420502995	0.00338354071163501
chomebanking_transacciones_delta2	0.000647023583453922	0.00244323787875773	0.00311067452521284
mpasivos_margen_rank_delta1	0.00064384350833791	0.00187963654787398	0.00392927308447937
Visa_fechaalta_lag2	0.000637746290569515	0.00160452933664541	0.00311067452521284
internet	0.000634638654366099	0.00206202239847246	0.000600305610128793
Visa_mconsumototal_rank	0.000634138129865924	0.00152806223358193	0.00332896747435058
vmr_msaldopesos2_tend6	0.000630802445121706	0.00427931866483777	0.00261951538965291
Master_fultimo_cierre_tend6	0.000630287515242067	0.00179677104959373	0.00212835625409299
cmobile_app_trx_lag2	0.000626411723681329	0.00282826088357495	0.00283780833879066
Visa_mconsumototal_rank_lag1	0.000618687846105787	0.00129952975050468	0.00294695481335953
vm_fechaalta_lag2	0.000617007811386143	0.00200394111267843	0.00321982099978171
rf_010_020	0.000614840494466206	0.0011295386074251	0.000873171796550972
Master_fechaalta_lag2	0.000612948461301108	0.00205564927279191	0.00431128574547042
vm_mpagospesos_rank	0.000608102246358492	0.000343967440666343	0.000545732372844357
Visa_mfinanciacion_limite_rank_tend6	0.000606866389645148	0.00200862861164837	0.00392927308447937
mpasivos_margen_rank_lag1	0.000602065047200357	0.00141736011148366	0.00212835625409299
Visa_Fvencimiento_tend6	0.000600402529774037	0.000433205321405502	0.00120061122025759
Visa_msaldopesos_rank_tend6	0.000598678119976344	0.00222561663277857	0.00267408862693735
chomebanking_transacciones_lag2	0.000598082555734031	0.00168420715725292	0.00365640689805719
Visa_fechaalta_lag1	0.000593360744786109	0.00128237768118038	0.00272866186422179
Master_delinquency	0.000592243547880005	0.000602851609637759	0.000600305610128793
Visa_mpagominimo_rank_lag2	0.000591571677662444	0.00120649995288829	0.00212835625409299
Master_fechaalta	0.000590578992740324	0.00134080233537843	0.00360183366077276
vm_mpagospesos_rank_tend6	0.000587794137781328	0.000798133842371393	0.00120061122025759
vmr_msaldototal	0.000586975928122111	0.000955852909504932	0.000982318271119843
Visa_Fvencimiento	0.000581926951875091	0.00182310636567124	0.00278323510150622
mcaja_ahorro_rank_lag2	0.000580482114539192	0.000726580177660581	0.00141890416939533
Visa_mconsumospesos_rank_delta2	0.000576782910963195	0.00106606153242514	0.00256494215236848
mrentabilidad_rank_tend6	0.000567852732962242	0.00368052801831587	0.00332896747435058
Master_Fvencimiento_lag2	0.000567612313456908	0.00137002135147234	0.00343811394891945
cprestamos_personales_tend6	0.000564974515098398	0.00142985366748251	0.00038201266099105
numero_de_cliente	0.000563210469183775	0.00282064360484608	0.00294695481335953
mcomisiones_otras_rank	0.000561600951267168	0.00133935528281866	0.00278323510150622
Visa_mconsumospesos_rank	0.000561444930381444	0.00158200303154315	0.00338354071163501
vmr_mpagominimo_lag2	0.000550688094550935	0.00127153630691773	0.00185549006767081
Master_mfinanciacion_limite_rank	0.000548503589240192	0.00284172285738857	0.00392927308447937
chomebanking_transacciones_delta1	0.000542245835735536	0.0041967519416623	0.00223750272866186
Master_mlimitecompra_rank_tend6	0.00053916321941047	0.00204502714891711	0.00447500545732373
mpayroll_rank_tend6	0.000538172672040516	0.00217522843432208	0.00103689150840428
Visa_mfinanciacion_limite_rank_delta2	0.000535807564465422	0.00163296053778639	0.00392927308447937
mcaja_ahorro_dolares_rank	0.000533996916228299	0.00427490541465804	0.00180091683038638
cpagomiscuentas_tend6	0.000532704954615467	0.00337629469370011	0.00109146474568871
chomebanking_transacciones_lag1	0.000531558344590869	0.00174075294711039	0.00272866186422179
rf_004_019	0.000523604765497267	0.000940999624755563	0.0022920759659463
Master_mlimitecompra_rank	0.000520077363113935	0.00127278937862589	0.00327439423706614
internet_lag1	0.000510989667855725	0.00162235476478796	0.000600305610128793
mcaja_ahorro_rank_tend6	0.000510964751974591	0.00357177685305859	0.00267408862693735
vmr_mpagominimo_lag1	0.000502437947525346	0.00108167141681798	0.00158262388124864
vm_mpagominimo_rank_lag2	0.000491737872625104	0.000904665747770702	0.00103689150840428
mttarjeta_visa_debitos_automaticos_rank_delta2	0.000480371645117894	0.00142913051281345	0.000873171796550972
mpayroll_sobre_edad_rank_delta2	0.00047676481909761	0.00133420104065019	0.000654878847413229
rf_014_015	0.00047617571602658	0.0009092543982607	0.000818598559266536
Master_mfinanciacion_limite_rank_tend6	0.000471974864006085	0.00122511839853535	0.00338354071163501
Visa_mconsumosdolares_rank	0.000471385058380909	0.0013292942912924	0.00261951538965291
Master_mfinanciacion_limite_rank_delta2	0.000467515946383934	0.00140830544207653	0.00387469984719494
Master_mlimitecompra_rank_delta2	0.000461730112353531	0.00147806868582356	0.00403841955904824
tcallcenter_delta2	0.000461130784324992	0.00160341301772154	0.000818598559266536
Visa_delinquency_tend6	0.000459302150797832	0.00158002383227933	0.000709452084697664
rf_011_016	0.000451900708949035	0.000824909145667906	0.000873171796550972
ccallcenter_transacciones_tend6	0.000451115392942123	0.00119019292658427	0.0007640253219821
Visa_mpagospesos_rank_lag2	0.000450544250802088	0.00150379381692338	0.00294695481335953
Visa_cconsumos	0.000450187616680282	0.001878507594182	0.00261951538965291
Visa_madelantopesos_rank_tend6	0.000448808006871548	1.50450359360267e-05	5.45732372844357e-05
rf_015_025	0.000448584051575676	0.0010032697077899	0.00223750272866186
mactivos_margen_rank_tend6	0.000447881566993342	0.00128480281343644	0.00212835625409299
mpagomiscuentas_rank_tend6	0.000444054491687502	0.00338774922582707	0.00130975769482646
mcaja_ahorro_rank_delta1	0.000443040251434065	0.00437084938437862	0.00223750272866186
rf_014_030	0.000441310407647831	0.00158375480498095	0.00130975769482646
mrentabilidad_annual_rank_tend6	0.000441204831492507	0.00226709137394214	0.00294695481335953
Visa_mpagominimo_rank_tend6	0.000441160337872047	0.00166262474365087	0.00240122244051517
Visa_Fvencimiento_lag2	0.000439147529470285	0.00114862825560061	0.0022920759659463
cprestamos_personales_delta2	0.000436000128590379	0.000640017894874774	0.000163719711853307
ccallcenter_transacciones_delta2	0.000432274753210228	0.00147166285839024	0.000654878847413229
mtransferencias_emitidas_rank	0.000431859794337211	0.0040882579310972	0.00212835625409299
Visa_mlimitecompra_rank	0.000431276768958126	0.00121729450418676	0.00240122244051517
vm_Fvencimiento	0.000430047317302364	0.00142362026747285	0.00311067452521284
cproductos	0.000428028493236542	0.000989210926988343	0.000327439423706614
mtransferencias_recibidas_rank_lag2	0.000423511266676977	0.0012294669884312	0.00251036891508404
rf_018_019	0.000419886570212703	0.000473533271557394	0.000600305610128793
cliente_antiguedad	0.000416049055264501	0.00151093840668048	0.00212835625409299
rf_017_016	0.000415531203907705	0.000966639285365208	0.00180091683038638
mcomisiones_rank_delta1	0.000414168333760363	0.00178662161469068	0.00294695481335953
ccomisiones_mantenimiento_delta1	0.000409972632503718	0.000872503573928108	0.000218292949137743
vm_mfinanciacion_limite_rank_tend6	0.000409298466178435	0.00317326809133483	0.00207378301680856
Visa_mlimitecompra_rank_delta2	0.000407544688597582	0.00312580001075576	0.00338354071163501
Visa_Fvencimiento_lag1	0.000405641646975642	0.0013631406054023	0.00256494215236848
Visa_mlimitecompra_rank_tend6	0.000405619742836887	0.00193765540304911	0.00272866186422179
vm_mpagominimo_rank_lag1	0.000405020412756865	0.00249841316788576	0.0015280506439642
mcomisiones_mantenimiento_rank	0.000404904439744598	0.00236745899894558	0.00212835625409299
mcaja_ahorro_dolares_rank_delta2	0.000404641824576901	0.00220286810440185	0.00120061122025759
Visa_mconsumospesos_rank_lag1	0.00039772784118954	0.00136053338384109	0.00300152805064396
Visa_mconsumosdolares_rank_lag2	0.000394880835538738	0.00173661097283427	0.00283780833879066
internet_lag2	0.000390369009903735	0.00119041514985873	0.000654878847413229
Visa_msaldototal_rank_lag2	0.000386926826909095	0.000763834906274387	0.00185549006767081
mautoservicio_rank_delta2	0.000386434938373243	0.00173960095354714	0.00141890416939533
cliente_antiguedad_lag2	0.000386159867492038	0.000952724689564472	0.00174634359310194
cprestamos_personales_delta1	0.000384735999927866	0.00260315093621302	0.000654878847413229
Visa_mfinanciacion_limite_rank_lag2	0.000380166263552962	0.00101421438986241	0.00240122244051517
Visa_mconsumototal_rank_tend6	0.000379987464828037	0.00086242994763374	0.00251036891508404
Visa_msaldototal_rank_tend6	0.000378983035530041	0.000855524675249131	0.00174634359310194
ctrx_quarter_normalizado_lag2	0.000377158949714099	0.00173716318652297	0.00141890416939533
cliente_antiguedad_lag1	0.000376661812192749	0.00147030424920726	0.00218292949137743
Master_Fvencimiento_lag1	0.00037484020053841	0.00131434736061467	0.0030561012879284
vm_cconsumos_tend6	0.000374028263203212	0.00132789406169682	0.000818598559266536
mtransferencias_recibidas_rank_delta2	0.000369766720758201	0.00160004102107867	0.00191006330495525
rf_016_019	0.000368117018405948	0.000319653687486914	0.000709452084697664
Visa_mpagospesos_rank_delta1	0.000366072964565448	0.00131223735433979	0.00311067452521284
Visa_mlimitecompra_rank_delta1	0.000364613046796889	0.00130868698450002	0.00294695481335953
rf_019_023	0.000363422423124767	0.000503726651239313	0.000927745033835407
vmr_msaldopesos	0.000363290464500233	0.000997282314147621	0.00125518445754202
Visa_mconsumototal_rank_delta2	0.000362207394686317	0.00151277788027341	0.00278323510150622
ctarjeta_visa_debitos_automaticos_tend6	0.000360700151184375	0.00127661771336414	0.000491159135559921
mcuenta_corriente_rank_delta2	0.000360567663092584	0.00166669313898327	0.00141890416939533
rf_007_018	0.000360408956317496	0.000935433637790937	0.000873171796550972
Master_mlimitecompra_rank_delta1	0.000359210042269333	0.00112108817722243	0.00311067452521284
Master_msaldopesos_rank	0.000354013988845061	0.00163775580389612	0.00141890416939533
Visa_mconsumototal_rank_delta1	0.000352735365212506	0.000979606273557465	0.00289238157607509
Master_mfinanciacion_limite_rank_delta1	0.000352541070375628	0.00117407319213698	0.00300152805064396
Visa_mpagominimo_rank_delta1	0.000352139017876883	0.00172760386961297	0.00174634359310194
Visa_mfinanciacion_limite_rank_lag1	0.000350161229239345	0.00110554369633511	0.00251036891508404
Master_mfinanciacion_limite_rank_lag1	0.000347574198868132	0.00105010456352001	0.00294695481335953
Visa_mpagospesos_rank_delta2	0.000344631082562147	0.0007695086603788	0.00278323510150622
Visa_cconsumos_lag1	0.000341295563084697	0.00136617592263605	0.00169177035581751
Master_mlimitecompra_rank_lag1	0.000337159208762671	0.00090212838904494	0.00267408862693735
Visa_mfinanciacion_limite_rank	0.000336426666047964	0.0024166186520085	0.00234664920323074
mpayroll_sobre_edad_rank_tend6	0.000336329801854217	0.00144601502234241	0.000818598559266536
mcaja_ahorro_rank_delta2	0.000334944824628466	0.00213040845249517	0.00196463654223969
Visa_mlimitecompra_rank_lag1	0.000333514288379106	0.00113805221146833	0.00223750272866186
rf_016_020	0.00033337816103161	0.000619024112822462	0.00158262388124864
Visa_mconsumototal_rank_lag2	0.000333044237299592	0.00117660460508951	0.00256494215236848
mpayroll_rank_delta1	0.00033251626403993	0.00457575039175455	0.00147347740667976
Visa_mlimitecompra_rank_lag2	0.000331705406154067	0.000882415921123622	0.00223750272866186
rf_017_020	0.000331465582474396	0.000431547193896078	0.000982318271119843
Master_mlimitecompra_rank_lag2	0.000330550611324921	0.00106602437134245	0.00272866186422179
rf_012_016	0.000329741158556591	0.000706211445019038	0.00130975769482646
Visa_fultimo_cierre_tend6	0.000319374659227791	0.000771136315800422	0.00147347740667976
mtarjeta_visa_consumo_rank_lag2	0.000318207153081529	0.00128390054234883	0.00180091683038638
mplazo_fijo_dolares_rank_tend6	0.000314352486022339	0.0037989373489631	0.00103689150840428
Master_mpagominimo_rank	0.000314080694925388	0.0010983879582532	0.00141890416939533
Visa_msaldopesos_rank_delta1	0.000306945622604785	0.0013274592770294	0.00169177035581751
vm_mlimitecompra_rank_tend6	0.000304705778798776	0.00213759689232984	0.00174634359310194
cmobile_app_trx_tend6	0.000302900641545468	0.00249000658776066	0.00169177035581751
rf_011_021	0.000302421964703599	0.000624984750485207	0.0015280506439642
Master_Fvencimiento	0.000301458212169283	0.00102896288035861	0.00234664920323074
Visa_cconsumos_lag2	0.000301318236333367	0.000650179964545934	0.00158262388124864
Visa_msaldopesos_rank_lag2	0.000301276784100131	0.000842032972569356	0.00163719711853307
vm_msaldototal_rank_delta2	0.000300972653029318	0.000905617071487449	0.000818598559266536
vmr_Master_mlimitecompra_lag1	0.000297585204654869	0.000886173649804774	0.00218292949137743
vmr_mpagospesos_tend6	0.000296140892276661	0.000746633041099298	0.000927745033835407
rf_002_015	0.000295681185177595	0.000872609111402935	0.00163719711853307
Master_mfinanciacion_limite_rank_lag2	0.000293527095984622	0.000897524874121868	0.00245579567779961
Visa_mpagospesos_rank_lag1	0.000292480811032165	0.000842357760432027	0.00212835625409299
cdescubierto_preacordado_lag1	0.00029231222642516	0.00145828338218018	0.00114603798297315
vm_Finiciomora_tend6	0.000291150703898365	0.0016065011036927	0.000600305610128793
mttarjeta_visa_debitos_automaticos_rank_delta1	0.000290466276317272	0.0010208550753383	0.000600305610128793
rf_020_016	0.000287776989699026	0.00134656081675137	0.00120061122025759
Visa_msaldototal_rank_delta1	0.000287517237291736	0.00124617089509831	0.00191006330495525
mcuentas_saldo_rank_lag1	0.000287092604847907	0.00164689520057177	0.00141890416939533
rf_005_019	0.000287006444364804	0.000860272375173023	0.00196463654223969
ccajas_transacciones_tend6	0.000283442796761514	0.00228127352953821	0.00114603798297315
chomebanking_transacciones_tend6	0.000279806891145708	0.00171262423718247	0.00130975769482646
mpasivos_margen_rank_tend6	0.000279420076946731	0.00217914892854539	0.00196463654223969
Visa_mpagominimo_rank_delta2	0.000277699429964969	0.00109293494097994	0.00180091683038638
tcallcenter_tend6	0.000274471647877156	0.0019600382663722	0.000927745033835407
mtransferencias_emitidas_rank_lag2	0.00027337779987085	0.00102775291550637	0.00130975769482646
rf_003_015	0.000272676011352654	6.17914482893475e-05	0.000109146474568871
vm_msaldopesos_rank_delta2	0.00027247740446628	0.00162392221925564	0.00120061122025759
vm_Fvencimiento_lag2	0.000269597878923382	0.000675065998398719	0.00174634359310194
Visa_delinquency_lag1	0.000268946256519799	0.00119166822156688	0.000709452084697664
ctarjeta_debito_tend6	0.000264067050303891	0.00480597147442903	0.00125518445754202
rf_009_025	0.000263496746795041	0.000744053318739274	0.00180091683038638
Visa_mconsumospesos_rank_delta1	0.000262368173273611	0.000920555826726995	0.00196463654223969
mcaja_ahorro_dolares_rank_tend6	0.000260807103107981	0.00125334521372156	0.000818598559266536
vm_Fvencimiento_lag1	0.000259449579003429	0.000891310054653555	0.00212835625409299
Master_cconsumos_tend6	0.000254149902967651	0.000950736571640801	0.00136433093211089
Visa_mconsumospesos_rank_lag2	0.000252809938997287	0.000959329700400982	0.00223750272866186
vmr_Master_mlimitecompra	0.000251574576007354	0.000849512755292281	0.00158262388124864
mtransferencias_recibidas_rank_tend6	0.000250901004796761	0.000856995510901821	0.00141890416939533
vmr_Master_mlimitecompra_tend6	0.000250696264347893	0.00202561196965727	0.00125518445754202
Visa_msaldopesos_rank_delta2	0.000250051501419664	0.000583516698316525	0.00147347740667976
thomebanking_tend6	0.000248622992552325	0.00342980219343722	0.00109146474568871
vmr_msaldopesos2_lag2	0.000247613154927798	0.00146619051735398	0.00136433093211089
mextraccion_autoservicio_rank_lag2	0.000246199329425018	0.000911414200386377	0.00169177035581751
mcomisiones_mantenimiento_rank_lag2	0.000244956743923599	0.000571867442116294	0.000818598559266536
Master_mpagominimo_rank_lag1	0.000242915207265763	0.000888753372164797	0.000818598559266536
rf_011_022	0.000242461630143719	0.00138529752934267	0.00038201266099105
vmr_mpagospesos	0.000242138124490397	0.000193427894707631	0.000491159135559921
vmr_mpagominimo_delta1	0.000241659534120355	0.00192572446584212	0.0007640253219821
ccaja_seguridad_lag2	0.000241157124548194	0.000421466135385172	0.000109146474568871
ccomisiones_otras_tend6	0.000239971549185938	0.00082850708169351	0.000927745033835407
ccajas_transacciones_lag1	0.000239876875088179	0.000964557521513169	0.00120061122025759
vmr_Visa_mlimitecompra_lag1	0.000239750265731511	0.000609806677873166	0.00158262388124864
rf_003_019	0.000237724974374035	0.000660541960841942	0.000327439423706614
mcuenta_debitos_automaticos_rank_lag2	0.000237333087617039	0.00102165032250777	0.00103689150840428
Master_mconsumospesos_rank_tend6	0.000235839122898097	0.0012879325198202	0.00125518445754202
cproductos_delta1	0.000235534533884681	0.00215236396336738	0.000545732372844357
vmr_msaldopesos_tend6	0.000233434335847717	0.0011890364736911	0.00103689150840428
Master_fultimo_cierre	0.000231932053606256	0.000748009487601966	0.0015280506439642
Visa_fultimo_cierre_lag2	0.000230744124436027	0.00111289490171194	0.00141890416939533
cproductos_lag1	0.000230403691590878	0.000194556848399614	5.45732372844357e-05
Visa_mfinanciacion_limite_rank_delta1	0.000227123130731	0.000830614858303428	0.00201920977952412
ctrx_quarter_lag2	0.000225317579466383	0.0014321866402535	0.00169177035581751
Visa_msaldototal_rank_lag1	0.000224395633166135	0.000926825644597682	0.00136433093211089
vmr_Visa_mlimitecompra_lag2	0.000222607641832405	0.000858318445445423	0.00158262388124864
vmr_mconsumototal_delta2	0.000221509869765507	0.000554212954954096	0.000600305610128793
vmr_Master_mlimitecompra_lag2	0.000220600846491653	0.000819551260766319	0.00169177035581751
vmr_msaldototal_tend6	0.000217948894781631	0.000503921375312584	0.000654878847413229
Visa_msaldopesos_rank_lag1	0.00021769605250606	0.000797504333630702	0.00109146474568871
mttarjeta_visa_debitos_automaticos_rank_lag1	0.000216957164168425	0.00037855920609491	0.000927745033835407
rf_015_029	0.000214956628584053	0.000901641578861761	0.00180091683038638
vm_mfinanciacion_limite_rank_lag2	0.000213610692397506	0.00103552850044747	0.00136433093211089
rf_019_021	0.000213538467726198	0.000303684083813674	0.000218292949137743
vmr_Visa_mlimitecompra	0.000213446319428255	0.000743448336313155	0.00147347740667976
mttarjeta_visa_debitos_automaticos_rank	0.00021337829715379	0.000896945161231975	0.00130975769482646
vm_fultimo_cierre	0.0002108469897552	0.000722638873230964	0.00136433093211089
mtransferencias_emitidas_rank_tend6	0.000210462410821786	0.0010344909630189	0.000818598559266536
mautoservicio_rank	0.000207651036018192	0.00198729369085701	0.000873171796550972
mtransferencias_emitidas_rank_lag1	0.000207479573717468	0.000861172416595664	0.000982318271119843
vm_msaldopesos_rank_delta1	0.000206327120077831	0.00138389284041716	0.000818598559266536
rf_020_025	0.00020513502101451	0.000523881336044587	0.0015280506439642
mcaja_ahorro_dolares_rank_lag2	0.000203943068518973	0.000597281163343212	0.00130975769482646
mcaja_ahorro_dolares_rank_lag1	0.000203477090611398	0.000842505661541115	0.00120061122025759
ccaja_seguridad_lag1	0.000202615783263789	0.000642055808649243	0.000163719711853307
vm_fultimo_cierre_tend6	0.000201833069201802	0.00102961691541387	0.00125518445754202
vm_status04_delta2	0.00020130596229606	0.000902705872269872	0.00038201266099105
ctrx_quarter_normalizado_lag1	0.000199429027338513	0.000465708633987148	0.000491159135559921
rf_012_025	0.00019929039415157	0.00193067655172078	0.0007640253219821
mcaja_ahorro_dolares_rank_delta1	0.000199141065459912	0.00131055321407248	0.000545732372844357
Master_msaldototal_rank_lag1	0.000198159982039937	0.000424824010816628	0.000818598559266536
matm_rank_lag2	0.000195289948038069	0.00074925066776366	0.00125518445754202
vmr_Visa_mlimitecompra_tend6	0.000194809466631032	0.00376113040666059	0.00130975769482646
mcomisiones_mantenimiento_rank_delta1	0.000194661679027677	0.000629800083579586	0.000654878847413229
ccomisiones_otras	0.000193068190321958	0.00193775127864244	0.000873171796550972
rf_012_015	0.000190842780006266	0.000755227656302786	0.00038201266099105
ccajas_transacciones	0.000190541069130133	0.00104100678725696	0.00103689150840428
Master_mpagominimo_rank_tend6	0.000190442567520824	0.00182214166396473	0.000818598559266536
rf_006_013	0.000188822464251165	0.000461369705972796	0.0007640253219821
rf_014_023	0.000188730456119364	0.000601617861692603	0.000873171796550972
Visa_mconsumosdolares_rank_lag1	0.00018724507439584	0.000434887975229498	0.00109146474568871
ccomisiones_otras_lag2	0.000185451610298704	0.000970232018839236	0.000982318271119843
vm_mlimitecompra_rank_delta2	0.000183572618720893	0.000548115564507069	0.00130975769482646
ccajas_extracciones_tend6	0.000181764858823019	0.00315161507167568	0.000927745033835407
mtarjeta_visa_consumo_rank_delta1	0.000180990903075021	0.000815609213115048	0.000600305610128793
vmr_msaldototal_delta2	0.000180852635384603	0.000222799271240548	0.000545732372844357
ctarjeta_debito_transacciones_lag2	0.000179743618311438	0.00166556195562632	0.00125518445754202
Master_mpagospesos_rank_tend6	0.000179611278037265	0.00104144677447596	0.00109146474568871
Master_fultimo_cierre_lag2	0.000176874803629339	0.00062315791166039	0.00136433093211089
Visa_mpagado_rank_tend6	0.000176666873217876	0.00109979413362202	0.000982318271119843
ccomisiones_otras_delta2	0.000176088803351425	0.00103730480019984	0.00130975769482646
ctransferencias_recibidas_tend6	0.000175901279977152	0.00226827309637153	0.00109146474568871
Visa_mconsumosdolares_rank_delta2	0.000175380193562112	0.000557379822420549	0.00141890416939533
vm_msaldopesos_rank_tend6	0.000174954354033481	0.000782031202022139	0.000927745033835407
vm_msaldototal_rank_lag2	0.000174265910721955	0.000480109296749409	0.000545732372844357
vmr_msaldototal_lag1	0.000169341066823799	0.000333812059990066	0.000654878847413229
Visa_mconsumosdolares_rank_tend6	0.000168993533558084	0.000472176148817721	0.00147347740667976
Master_mpagospesos_rank	0.000168302582817674	0.000154820502684075	0.00038201266099105
vm_mfinanciacion_limite_rank_delta1	0.000168137694944843	0.000802671953788939	0.00103689150840428
ctransferencias_recibidas_lag2	0.000168056624799272	0.00186661084517108	0.000982318271119843
mcuenta_debitos_automaticos_rank_delta2	0.000167652279186859	0.00182308035291336	0.000600305610128793
Master_msaldototal_rank_delta2	0.000165799866281287	0.0011137273099641	0.0007640253219821
mv_status07_rank_tend6	0.000165505399910011	0.000500932137821368	0.000218292949137743
ctarjeta_visa_debitos_automaticos_delta2	0.000164349096649942	0.0002602635883607	0.000163719711853307
rf_010_013	0.000164066682570948	0.000614550661688789	0.00130975769482646
Master_mconsumototal_rank_delta2	0.000163609162536851	0.000677647950423703	0.000654878847413229
Visa_msaldototal_rank_delta2	0.000162374731807019	0.000453273792498946	0.00125518445754202
cpagomiscuentas_delta2	0.000160721567883304	0.00213415651929482	0.000545732372844357
vm_status01_delta2	0.000160645588814537	0.000937096967851938	0.000491159135559921
mtransferencias_recibidas_rank_lag1	0.000160394750264255	0.00124722775628988	0.00120061122025759
vm_status05_delta2	0.000158776036975516	0.00102455408950881	0.000436585898275486
rf_004_017	0.000158180991776711	0.00145441268380766	0.000709452084697664
Visa_cconsumos_delta1	0.00015760117500838	0.000547222955300965	0.000873171796550972
vmr_mconsumospesos_lag2	0.000156047039425922	0.000579281821333693	0.00114603798297315
Master_fultimo_cierre_lag1	0.00015564794050726	0.000442633831304451	0.00109146474568871
mpagomiscuentas_rank_delta2	0.000153441505774628	0.00153252825249907	0.000600305610128793
Master_msaldopesos_rank_tend6	0.000153164229346631	0.000684469238761442	0.0007640253219821
rf_013_016	0.000151678720468167	0.000239270549530042	0.000709452084697664
vm_mlimitecompra_rank_lag2	0.000150841498631881	0.000324862928057759	0.000818598559266536
vm_fultimo_cierre_lag2	0.000150245464285926	0.000718623246635975	0.00109146474568871
vm_fultimo_cierre_lag1	0.000148609153270972	0.000637329662153309	0.00114603798297315
vm_cconsumos_lag2	0.000147813054155506	0.0010312653810418	0.0007640253219821
vmr_msaldopesos_delta1	0.000146163379378132	0.000280388544299826	0.000436585898275486
Master_msaldototal_rank	0.000145516770781163	0.000716829109563922	0.0007640253219821
ctarjeta_debito_transacciones_delta1	0.000144998825536708	0.00366387688038618	0.000982318271119843
mprestamos_prendarios_rank_lag2	0.000144659683499019	0.00357667542697818	0.000927745033835407
Master_mconsumototal_rank_tend6	0.00014446105831564	0.000760809250922139	0.000873171796550972
vm_mfinanciacion_limite_rank_delta2	0.000144249909997065	0.00036615855280278	0.000982318271119843
rf_001_020	0.000143197712182799	0.000826726322611224	0.000436585898275486
vm_mfinanciacion_limite_rank_lag1	0.000143182985275065	0.000397709055224371	0.000873171796550972
Master_mconsumototal_rank_lag2	0.000138859133286982	0.000798467548893909	0.000654878847413229
rf_011_024	0.000138850514843427	0.000649112698251208	0.0007640253219821
rf_008_013	0.000138557694906843	0.000317257540875357	0.0007640253219821
mttarjeta_visa_debitos_automaticos_rank_lag2	0.000137461549018559	0.000645701310860685	0.000927745033835407
cmobile_app_trx_lag1	0.0001368188618208	0.000912068978663295	0.000709452084697664
ccajas_consultas_delta2	0.000136601359229804	0.000863538091119419	0.000272866186422179
cmobile_app_trx_delta2	0.000136275118687186	0.000576306705053897	0.000818598559266536
rf_020_019	0.000134272582741217	0.000106690954833202	0.00038201266099105
rf_013_019	0.000133291238468796	0.00164261795995468	0.000654878847413229
Master_msaldopesos_rank_lag2	0.000133168835279263	0.000431903197068204	0.000927745033835407
vm_mlimitecompra_rank_lag1	0.000132865834963326	0.000396047211606678	0.000873171796550972
tcuentas_lag1	0.000132340806153726	0.00310450002138212	0.000818598559266536
tcallcenter_lag1	0.000132319384981961	0.00101141318744959	0.00109146474568871
rf_009_021	0.000131899104489884	0.000345427871215881	0.000491159135559921
Master_delinquency_delta2	0.000131168394728423	0.000126293425949771	0.000218292949137743
rf_015_019	0.000130465398238296	0.000101398473437142	0.000272866186422179
Visa_fultimo_cierre_delta2	0.000130089566677631	0.000127208331805486	0.00038201266099105
Visa_fechaalta_delta2	0.000129238856363586	0.00032367674629844	0.00038201266099105
vmr_msaldopesos_lag2	0.000128756378161945	0.000553579730105136	0.000873171796550972
ctarjeta_visa_transacciones_lag2	0.000126489354858123	0.000455103604210377	0.000927745033835407
rf_002_017	0.000126205316818333	0.000343753392830075	0.000818598559266536
ctarjeta_debito_transacciones_tend6	0.000125780426220405	0.00251092530442595	0.000927745033835407
Master_mpagominimo_rank_lag2	0.000125600916860157	0.000451513843622964	0.0007640253219821
mcomisiones_mantenimiento_rank_lag1	0.000125458761185666	0.000664113140888012	0.000600305610128793
vm_mlimitecompra_rank	0.000123916545048148	0.000278123204699322	0.000545732372844357
rf_008_018	0.000123744142170504	0.000930479322247315	0.000709452084697664
cinversion1_lag1	0.000123668914350865	0.00304203744393947	0.0007640253219821
tcallcenter_lag2	0.000123377364780845	0.00061870898684129	0.000654878847413229
ctarjeta_master_transacciones_tend6	0.000123040912070139	0.0017240230276854	0.000545732372844357
rf_002_026	0.00012289064745898	0.000641761492874375	0.00125518445754202
mtransferencias_emitidas_rank_delta1	0.000122885009763789	0.00166088263209457	0.0007640253219821
Master_msaldopesos_rank_lag1	0.000122796258277	0.000403582735953631	0.000600305610128793
thomebanking_delta2	0.000122104031810298	0.000563584980007364	0.000600305610128793
ctarjeta_debito_transacciones_delta2	0.000121945750228022	0.00174996889561638	0.000600305610128793
vmr_mconsumototal_lag1	0.000121786801525875	0.000278361035628508	0.0007640253219821
rf_018_024	0.000120939314145997	0.000945445576688048	0.000600305610128793
ccajas_otras_tend6	0.00012062089806783	0.0025238811442934	0.000654878847413229
vm_msaldopesos_rank_lag1	0.000120340966467259	0.000287924811868433	0.000545732372844357
mautoservicio_rank_lag2	0.000118907830749538	0.000438077139345563	0.000873171796550972
mplazo_fijo_dolares_rank_delta2	0.000118128928267771	0.00135513016241863	0.000436585898275486
vmr_msaldopesos2_lag1	0.000117605187123722	0.00111433080594691	0.000709452084697664
vmr_mpagospesos_delta2	0.000117579683095544	0.00028475199862875	0.000600305610128793
mpayroll_rank_lag1	0.00011710777296645	0.00111691498763685	0.000436585898275486
vm_mfinanciacion_limite_rank	0.000116208980749108	0.000399758117323646	0.000709452084697664
vmr_msaldopesos2_delta2	0.000116161003009363	0.000741879395402176	0.000654878847413229
vm_mpagominimo_rank_delta2	0.000115829533441616	0.00087355597578976	0.000818598559266536
Master_fechaalta_delta2	0.00011549034438617	0.000178970747099688	0.000436585898275486
Master_mconsumospesos_rank_lag1	0.00011411426623197	0.000495629251322156	0.0007640253219821
cplazo_fijo_tend6	0.00011250123573407	0.000867558920265984	0.000218292949137743
vm_msaldopesos_rank_lag2	0.000110693593417552	0.000814443841562032	0.0007640253219821
Visa_mconsumosdolares_rank_delta1	0.000108019849125057	0.000291475924929853	0.00109146474568871
Master_mconsumototal_rank_lag1	0.000107435905920175	0.00047745822511063	0.000600305610128793
vm_mpagominimo_rank_tend6	0.000107245846821348	0.000524141463623385	0.000982318271119843
mtransferencias_emitidas_rank_delta2	0.000106308807895059	0.00135414910983573	0.000545732372844357
cdescubierto_preacordado_delta1	0.000104417919309239	0.0014697609541784	0.00038201266099105
mextraccion_autoservicio_rank_delta2	0.000104068724047137	0.00179046109775374	0.0007640253219821
Visa_fultimo_cierre_lag1	0.000103455555720861	0.000714398031534641	0.000818598559266536
rf_019_024	0.000102911147463412	0.000308514281341127	0.000545732372844357
cmobile_app_trx_delta1	0.000100453580171662	0.00127900196842924	0.000600305610128793
Visa_cconsumos_delta2	0.000100437432085692	0.000303015184325336	0.000709452084697664
Visa_mpagado_rank_delta2	9.99143190279039e-05	0.00116448934891241	0.000600305610128793
vm_msaldototal_rank_tend6	9.97915855312354e-05	0.000136699272323347	0.000436585898275486
Master_fultimo_cierre_delta1	9.96858637391482e-05	0.0002359156469852	0.000709452084697664
tcuentas_lag2	9.92467958089662e-05	0.00122018563641969	0.00038201266099105
ccajas_depositos	9.85123612948886e-05	0.0023993848283023	0.000600305610128793
vmr_mconsumototal_lag2	9.83858206906015e-05	0.000351954843778751	0.000818598559266536
vmr_msaldopesos2	9.82406892393573e-05	0.00030528646969907	0.000709452084697664
mcuenta_debitos_automaticos_rank_lag1	9.81926464620786e-05	0.00031276327953538	0.000272866186422179
vm_mpagado_rank_delta2	9.81256727723055e-05	0.00148827014624236	0.000545732372844357
mpayroll_sobre_edad_rank_lag2	9.76582458898317e-05	0.000259220105158893	0.000218292949137743
ccajas_transacciones_lag2	9.70863145020401e-05	0.000630035684843811	0.000600305610128793
rf_001_017	9.67467359976266e-05	0.00110006020697405	0.000600305610128793
vmr_msaldopesos_lag1	9.65041953421662e-05	0.000295121427141295	0.000545732372844357
vmr_mconsumototal_tend6	9.51403759591708e-05	0.000243645895405425	0.000545732372844357
vm_Finiciomora_lag2	9.49074631504926e-05	0.000815802450745012	0.000218292949137743
ctransferencias_emitidas_tend6	9.44273840557724e-05	0.000418018330133617	0.00038201266099105
vm_msaldototal_rank	9.43411783291677e-05	0.000196993872202125	0.000272866186422179
vm_mconsumospesos_rank_lag2	9.3737825920702e-05	0.000415732180326809	0.000654878847413229
ccomisiones_mantenimiento	9.17011611452538e-05	0.00196313304133824	0.000491159135559921
Master_mpagosdolares_rank_lag2	9.16915093460294e-05	0.00033965824151814	0.000873171796550972
rf_005_022	9.12648447518695e-05	0.000259738130651528	0.000927745033835407
vmr_mpagospesos_lag2	9.07142770573742e-05	0.000182240179154353	0.000600305610128793
Master_msaldototal_rank_lag2	9.00205108330603e-05	0.000259542663356602	0.000600305610128793
vm_fechaalta_delta2	8.97125223471076e-05	0.000125244740196388	0.000272866186422179
vmr_mconsumospesos_tend6	8.82525779693451e-05	0.000685329146214783	0.000654878847413229
vm_mpagospesos_rank_delta2	8.79961558386479e-05	0.00032480495676877	0.000545732372844357
mplazo_fijo_dolares_rank_delta1	8.76303767631231e-05	0.00171473424345735	0.000491159135559921
vmr_mconsumototal	8.74267089992434e-05	0.000264297795497031	0.000491159135559921
vmr_msaldototal_lag2	8.74080750341941e-05	0.000343742987726923	0.000600305610128793
vm_cconsumos_lag1	8.64339343848376e-05	0.000826147352942984	0.000436585898275486
Master_cconsumos_lag2	8.55333359759275e-05	0.000443920347987021	0.00038201266099105
rf_011_017	8.51687023668092e-05	0.000415909067080391	0.000491159135559921
ccajeros_propios_descuentos_tend6	8.48553784004292e-05	0.00193729196766044	0.000491159135559921
rf_004_023	8.46385857332061e-05	0.000393699374402612	0.000218292949137743
Master_mpagosdolares_rank_tend6	8.37935272899105e-05	0.000187083011449919	0.000709452084697664
Master_msaldopesos_rank_delta1	8.34875857212656e-05	0.000233647334498081	0.000491159135559921
rf_003_023	8.34300294812053e-05	0.0004714202923959	0.000545732372844357
vm_mconsumototal_rank_lag1	8.30982764022985e-05	0.000229960955095686	0.00038201266099105
Master_msaldototal_rank_tend6	8.28398858096307e-05	0.000519098704702971	0.000545732372844357
rf_009_023	8.22916603904516e-05	0.000717029779410423	0.00038201266099105
Master_mconsumosdolares_rank_tend6	8.14128438075943e-05	0.000300102498664451	0.000491159135559921
Master_mconsumospesos_rank_delta2	8.11745224783255e-05	0.000423156221425706	0.000491159135559921
rf_019_017	8.04792272897845e-05	0.00040765856350257	0.00038201266099105
ccomisiones_otras_lag1	7.99060347024129e-05	0.000128875377974755	0.00038201266099105
Master_mpagado_rank_tend6	7.96994880619772e-05	0.000692044897077696	0.000436585898275486
Master_mpagominimo_rank_delta2	7.96213909763301e-05	0.000402684924195951	0.000491159135559921
mautoservicio_rank_lag1	7.94031153646184e-05	0.000884276204922855	0.0007640253219821
rf_018_023	7.8295959226179e-05	0.00203439016060923	0.000545732372844357
rf_005_015	7.7690418717762e-05	0.00062216794041765	0.000600305610128793
mtarjeta_master_consumo_rank_delta2	7.67283384187623e-05	0.000502831812368247	0.000272866186422179
Visa_mpagado_rank	7.66604619289146e-05	0.000364831902150909	0.000436585898275486
vm_msaldototal_rank_lag1	7.66065535570885e-05	9.07689173457989e-05	0.000218292949137743
rf_016_018	7.62164794602987e-05	0.000548259749507889	0.000327439423706614
cplazo_fijo	7.5710494172939e-05	0.00152688125437419	0.00038201266099105
ctarjeta_master_debitos_automaticos_tend6	7.56021691052357e-05	0.00103568309055145	0.000272866186422179
rf_007_021	7.46704788369135e-05	0.000385329212138544	0.000327439423706614
vm_msaldototal_rank_delta1	7.43618296442816e-05	0.000268401865468811	0.000545732372844357
ctransferencias_recibidas_delta2	7.40990537032089e-05	0.00143707629551325	0.000545732372844357
mforex_sell_rank_tend6	7.39124420002851e-05	0.00206549473003859	0.000600305610128793
rf_009_018	7.37985377878042e-05	0.000476434065671819	0.000272866186422179
rf_019_016	7.36126922673216e-05	0.000300158240288479	0.000436585898275486
vm_mconsumototal_rank_lag2	7.35355135064801e-05	0.000250390631912832	0.00038201266099105
rf_010_018	7.30678156065584e-05	0.000865166489762695	0.00038201266099105
Visa_mpagosdolares_rank	7.29753671638145e-05	0.000117741917602198	0.000436585898275486
rf_003_028	7.21308504781874e-05	0.000478782646097539	0.00038201266099105
Master_msaldototal_rank_delta1	7.17484447114114e-05	0.000220675143754248	0.00038201266099105
Master_msaldopesos_rank_delta2	7.16562071093007e-05	0.000506211984449315	0.000545732372844357
vm_mconsumospesos_rank_delta2	7.11364738593912e-05	0.000404869995857855	0.000491159135559921
vm_mpagominimo_rank_delta1	7.10260476302305e-05	0.000877604304137511	0.000600305610128793
vmr_msaldopesos_delta2	7.07337389747892e-05	0.000518611151298138	0.000654878847413229
Visa_fultimo_cierre	7.05832793434377e-05	0.000361480715714337	0.000436585898275486
mextraccion_autoservicio_rank_tend6	7.03672135293371e-05	0.000593356209789976	0.000436585898275486
thomebanking_delta1	7.02766759592043e-05	0.000376541359305091	0.000272866186422179
minversion2_rank_lag1	6.90154784491407e-05	0.00173992871429642	0.000436585898275486
Master_cconsumos_delta2	6.86548911024264e-05	0.000400182496887914	0.00038201266099105
Master_madelantopesos_rank_tend6	6.85037451670713e-05	0.000175132007258282	0.000545732372844357
ctarjeta_visa_debitos_automaticos_lag2	6.84574193696019e-05	0.00067952309865601	0.00038201266099105
Master_msaldodolares_rank	6.82703744527543e-05	1.07819165303532e-05	5.45732372844357e-05
minversion2_rank_lag2	6.81688583842374e-05	0.00166127059379781	0.000436585898275486
mpayroll_rank_lag2	6.80894089466608e-05	0.000788237846052261	0.00038201266099105
ctarjeta_debito_delta1	6.797681095548e-05	0.00218125893482027	0.000545732372844357
Master_mpagospesos_rank_delta2	6.77502438251753e-05	0.000630394660902553	0.000545732372844357
ctarjeta_visa	6.77355205583606e-05	0.000270037696328624	0.000163719711853307
active_quarter_lag1	6.65697297655072e-05	0.000235251950048438	0.00038201266099105
ctrx_quarter_lag1	6.61304514382556e-05	0.000160199197791965	0.000218292949137743
vm_status05_delta1	6.56936878217259e-05	0.000186142836057977	5.45732372844357e-05
cseguro_accidentes_personales	6.50222065356419e-05	0.000675107618811326	0.000491159135559921
rf_003_022	6.4965507556445e-05	0.000334252047209062	0.000327439423706614
vm_mconsumospesos_rank_tend6	6.49348815498554e-05	0.000283296770630788	0.000545732372844357
ccajas_transacciones_delta2	6.48941659466257e-05	0.000275379973575482	0.000272866186422179
vm_status03	6.47237286477883e-05	0.000147373421713913	0.000272866186422179
ccomisiones_otras_delta1	6.44909529003072e-05	0.000261474296434591	0.000327439423706614
rf_006_017	6.43870856482355e-05	0.000392221106533385	0.000327439423706614
vm_mconsumototal_rank_tend6	6.41746795307358e-05	0.000677910307667462	0.000654878847413229
Master_fultimo_cierre_delta2	6.36623925332588e-05	0.000177892332480156	0.000436585898275486
rf_019_020	6.29496800750194e-05	0.000273472123590412	0.00038201266099105
ctarjeta_visa_transacciones_delta1	6.22461986218656e-05	0.00112279164125273	0.000327439423706614
vmr_mconsumospesos	6.18435258361878e-05	0.000323964373078425	0.00038201266099105
Master_delinquency_delta1	6.13738057291553e-05	2.40803815801643e-05	0.000109146474568871
vm_mlimitecompra_rank_delta1	6.11809064362267e-05	0.000187763059263062	0.000545732372844357
rf_016_017	6.11168279609408e-05	0.000212226199994887	0.000218292949137743
vmr_mpagospesos_lag1	6.09598120138827e-05	0.000470810107418205	0.000436585898275486
matm_rank_lag1	6.05015825735045e-05	0.00033199711271171	0.00038201266099105
mpagomiscuentas_rank_lag2	6.03909175591947e-05	0.000199255495694361	0.000272866186422179
Visa_delinquency_lag2	6.02647467392159e-05	0.000580601039769026	0.000218292949137743
mautoservicio_rank_tend6	6.01759757356226e-05	0.00109293419775829	0.000436585898275486
mtarjeta_master_consumo_rank_tend6	5.99415596894145e-05	0.00049292689738927	0.000163719711853307
vmr_mpagado_delta2	5.96688865659575e-05	0.000792317389709468	0.000327439423706614
mtransferencias_recibidas_rank_delta1	5.96310124320747e-05	0.000447315384501163	0.000436585898275486
vmr_mconsumospesos_lag1	5.88922519886521e-05	0.000159361586988235	0.000327439423706614
Master_mconsumospesos_rank_lag2	5.79766071952214e-05	0.000291322078047536	0.000327439423706614
Master_status_tend6	5.74081057380109e-05	0.00045404599979715	0.000272866186422179
mtarjeta_visa_descuentos_rank_delta1	5.71350884090883e-05	0.000591542748954927	0.00038201266099105
vm_status02_delta2	5.65108312849108e-05	3.94739884717804e-05	0.000163719711853307
matm_other_rank_tend6	5.59029706424011e-05	0.00116981155917461	0.00038201266099105
ctarjeta_master	5.58120859097109e-05	0.000288265207385832	0.000163719711853307
vm_mconsumosdolares_rank_lag2	5.56701076607169e-05	0.000351200473800237	0.000327439423706614
rf_016_015	5.52995491858458e-05	0.000279226888855079	0.000272866186422179
Master_mconsumosdolares_rank	5.47410072132439e-05	9.7518856404782e-05	0.000272866186422179
vm_mconsumospesos_rank_lag1	5.39826226226398e-05	0.000150388671963009	0.00038201266099105
Visa_cadelantosefectivo_tend6	5.36074917448365e-05	5.39668107191015e-05	0.000272866186422179
vm_mpagospesos_rank_lag2	5.35351363331156e-05	0.000314404312946769	0.000600305610128793
vm_mconsumototal_rank_delta1	5.29504070408694e-05	0.000153559255537731	0.00038201266099105
Visa_Finiciomora_tend6	5.27108685911677e-05	0.000506613324142318	0.000163719711853307
Master_mpagosdolares_rank	5.26780020701778e-05	0.000179084460012705	0.000436585898275486
Visa_Finiciomora_lag1	5.23202432924981e-05	0.000209100952941041	5.45732372844357e-05
cextraccion_autoservicio_tend6	5.22538116376207e-05	0.000383851687490971	0.000272866186422179
mpayroll_sobre_edad_rank_lag1	5.20832310307302e-05	0.000336336040726061	0.000272866186422179
mpagomiscuentas_rank_lag1	5.19518889228368e-05	0.000434928852420452	0.000436585898275486
Master_mconsumosdolares_rank_lag2	5.14781369692219e-05	0.000122013955667716	0.00038201266099105
rf_009_019	5.14334162441254e-05	0.00080453372403148	0.000327439423706614
vm_mconsumototal_rank_delta2	5.13523528998646e-05	0.000425223864066323	0.00038201266099105
rf_014_017	5.12224703384723e-05	0.000262201910433572	0.000272866186422179
vm_mconsumosdolares_rank_tend6	5.09954839849836e-05	0.000355076374724328	0.000218292949137743
Master_mpagosdolares_rank_delta2	5.08832470916545e-05	0.000142726056713272	0.000545732372844357
Master_mpagospesos_rank_lag1	5.08513928940203e-05	0.00067828266171597	0.000327439423706614
ctarjeta_debito_lag2	5.03575609575491e-05	0.00168838703583337	0.000436585898275486
rf_014_028	5.01878768299497e-05	0.000653887897376287	0.000272866186422179
vm_status02_delta1	4.9823724598385e-05	7.11352309197742e-05	0.000109146474568871
Visa_madelantodolares_rank	4.97789506826028e-05	4.6773911554508e-05	0.000163719711853307
rf_005_013	4.9741357768134e-05	0.000125120622180218	0.000163719711853307
Master_status_delta2	4.94752360811824e-05	7.89033836443383e-05	0.000163719711853307
ccajas_extracciones_delta2	4.9306743957219e-05	0.000840214309182731	0.000327439423706614
vm_mconsumospesos_rank	4.88335637572706e-05	9.18718582799027e-05	0.000218292949137743
cforex_buy_tend6	4.80332363704105e-05	0.00173735716737459	0.000436585898275486
vm_mpagospesos_rank_delta1	4.77495359565576e-05	0.000211713377053828	0.000272866186422179
mttarjeta_master_debitos_automaticos_rank_tend6	4.77223904468161e-05	0.000746223525968104	0.000218292949137743
mpayroll_sobre_edad_rank_delta1	4.75834154200811e-05	0.000179534852334853	0.000218292949137743
vmr_msaldototal_delta1	4.75068749474678e-05	0.000189925091053701	0.00038201266099105
cmobile_app_trx	4.72530571273687e-05	0.00055600932169111	0.000218292949137743
cforex_sell_tend6	4.7246154979796e-05	0.00110105761043332	0.000327439423706614
ctarjeta_master_descuentos_tend6	4.70954269923792e-05	0.00149136417798675	0.00038201266099105
Visa_msaldodolares_rank_lag2	4.7041500286585e-05	0.00018105325417338	0.000272866186422179
active_quarter	4.67772628584198e-05	0.000201572117588972	0.000327439423706614
rf_012_028	4.6554631413774e-05	0.000124432398928884	0.000109146474568871
Visa_mpagosdolares_rank_delta2	4.64537027715093e-05	7.96049848854394e-05	0.000327439423706614
mtarjeta_visa_consumo_rank_lag1	4.64429889328261e-05	0.000278199756529654	0.000491159135559921
vm_fultimo_cierre_delta2	4.64329432489965e-05	0.000197743782850718	0.00038201266099105
Master_fechaalta_delta1	4.62285994939703e-05	0.000116292635377466	0.000272866186422179
Master_mconsumototal_rank	4.55645683784652e-05	0.000133718210270322	0.00038201266099105
ccallcenter_transacciones_lag2	4.52481404269289e-05	0.000147797801278181	0.000109146474568871
Visa_mpagosdolares_rank_tend6	4.50829073132895e-05	0.000237919372563599	0.000545732372844357
Master_delinquency_tend6	4.4775617884159e-05	0.000120470284292963	0.000218292949137743
ctarjeta_visa_transacciones_lag1	4.41446801540173e-05	0.000353491826158621	0.000327439423706614
rf_001_015	4.41396308646143e-05	0.000147134104341419	0.000218292949137743
rf_020_009	4.40633216365665e-05	0.000137031492402555	0.000272866186422179
Master_mpagospesos_rank_delta1	4.40599505521087e-05	0.000175579426693815	0.000327439423706614
rf_020_021	4.3815110166488e-05	0.00018760623949413	0.000163719711853307
Master_madelantopesos_rank_lag2	4.33477305974803e-05	8.50319894008209e-05	0.000218292949137743
catm_trx_tend6	4.31767231713767e-05	0.000635902676578188	0.000272866186422179
vmr_mconsumosdolares	4.3113370440304e-05	0.0004791156093984	0.000218292949137743
vmr_mpagado_tend6	4.26482249540224e-05	0.000340720305261289	0.000272866186422179
Master_cconsumos_delta1	4.23751112239127e-05	8.73523274036996e-05	0.000218292949137743
rf_020_023	4.21439470913697e-05	0.000358067841880506	0.000327439423706614
cplazo_fijo_delta1	4.21406132662664e-05	0.00109062946741014	0.000272866186422179
rf_006_018	4.19989585230967e-05	0.00019156612446509	0.000272866186422179
matm_rank_tend6	4.18744531371237e-05	0.000145227740799656	0.000218292949137743
cdescubierto_preacordado_lag2	4.14100772339388e-05	0.000118589190287426	0.000272866186422179
Master_Fvencimiento_delta1	4.12436079085046e-05	6.55462040838842e-05	0.000163719711853307
Visa_mpagosdolares_rank_lag2	4.10906653551663e-05	0.000110991235321561	0.000272866186422179
rf_013_021	4.08740853028313e-05	0.00018618148358397	0.000327439423706614
ccuenta_debitos_automaticos_tend6	4.05088753195907e-05	0.000354723344438816	0.000109146474568871
Visa_madelantodolares_rank_tend6	4.04811002450413e-05	8.47272685228003e-05	0.000327439423706614
rf_004_025	4.02817003036561e-05	8.41884328238614e-05	0.000109146474568871
Master_cconsumos	4.00933622506389e-05	0.000112982326131847	0.000218292949137743
rf_017_015	3.82360419775802e-05	0.000126969757654646	0.000272866186422179
vm_mpagado_rank_tend6	3.81423619061726e-05	0.000758372227119628	0.000327439423706614
vmr_msaldopesos2_delta1	3.75193169354381e-05	0.000177323767915069	0.00038201266099105
vmr_mpagado	3.72244253667288e-05	0.000293681806798061	0.000163719711853307
rf_002_020	3.70686788991074e-05	0.000214157833072876	0.000218292949137743
Master_Fvencimiento_delta2	3.68088297949205e-05	0.000116088249422696	0.000163719711853307
Visa_fechaalta_delta1	3.62236627607039e-05	0.000157711634917002	0.000218292949137743
vmr_mconsumospesos_delta2	3.62011391851795e-05	8.94251725958934e-05	0.000218292949137743
Visa_fultimo_cierre_delta1	3.59108630497062e-05	0.000113574673789853	0.000436585898275486
rf_008_019	3.56369506461109e-05	0.000200360666293426	0.000272866186422179
rf_003_017	3.54016539780155e-05	0.000368390447428867	0.000218292949137743
vmr_mconsumototal_delta1	3.53799935775378e-05	7.47658686981416e-05	0.000163719711853307
rf_006_014	3.52559119427953e-05	0.000137368171811685	0.000218292949137743
Master_cconsumos_lag1	3.47731078881384e-05	0.000171021991513272	0.000327439423706614
mtarjeta_master_consumo_rank_delta1	3.4617359646262e-05	0.000706759199377822	0.000218292949137743
rf_014_016	3.39722686287172e-05	0.000129140708105129	0.000163719711853307
rf_019_026	3.39576144654375e-05	0.000353943704924076	0.000218292949137743
mpagomiscuentas_rank_delta1	3.35413097830564e-05	0.000452796644197265	0.000163719711853307
vmr_mconsumosdolares_lag1	3.3057894053996e-05	0.000197000561197009	0.000163719711853307
Master_mconsumospesos_rank	3.30456385355916e-05	0.000391582679132849	0.000218292949137743
Visa_msaldodolares_rank_tend6	3.24940693850523e-05	0.000391869562691181	0.000163719711853307
vm_mpagado_rank_delta1	3.22575795304844e-05	0.000896771247365007	0.000272866186422179
Master_madelantodolares_rank_tend6	3.11239117348944e-05	0.000102766001279966	0.000272866186422179
Master_mpagado_rank_delta2	3.09930804276164e-05	0.000355508929726787	0.000218292949137743
mcuenta_debitos_automaticos_rank_tend6	3.07010960172723e-05	0.000420709535741696	0.000218292949137743
vmr_msaldodolares2_delta1	3.06480854184649e-05	0.000905993884865879	0.000272866186422179
rf_018_021	3.04910135823751e-05	0.000162558926542491	0.000218292949137743
cproductos_lag2	3.03239384967206e-05	7.57721908172632e-05	0.000109146474568871
ccajas_consultas_delta1	3.01215669739567e-05	0.000218125893482027	5.45732372844357e-05
matm_rank_delta2	2.99048050604866e-05	0.000247471257257064	0.000163719711853307
vm_status04_delta1	2.97090597886463e-05	0.000197446494189234	5.45732372844357e-05
Visa_madelantopesos_rank_lag1	2.93762796378893e-05	4.44141828039826e-05	0.000163719711853307
mextraccion_autoservicio_rank_lag1	2.90096150982397e-05	0.000234846151025513	0.00038201266099105
rf_017_014	2.89267570581053e-05	0.000751536074348814	0.000218292949137743
rf_004_016	2.88180839407172e-05	0.000155074684489643	0.000163719711853307
ctarjeta_master_transacciones_delta1	2.85086964547146e-05	0.000863793759368295	0.000218292949137743
Master_mpagosdolares_rank_lag1	2.81914815471683e-05	6.32303254109277e-05	0.000218292949137743
Master_cadelantosefectivo_tend6	2.79362642464918e-05	0.000127628995261486	0.00038201266099105
vmr_msaldodolares_tend6	2.79326479082471e-05	0.000390005562783679	0.000163719711853307
Master_madelantopesos_rank	2.75188224514882e-05	3.8637864111358e-05	0.000163719711853307
matm_rank	2.71161668169419e-05	0.00013005264107423	0.000218292949137743
Master_mconsumospesos_rank_delta1	2.70320804379082e-05	0.000117912115360897	0.000163719711853307
ctarjeta_debito_delta2	2.65867826549354e-05	0.000421076687238628	0.000109146474568871
ccuenta_debitos_automaticos_delta2	2.63867312662641e-05	0.000654377680446081	0.000163719711853307
rf_001_013	2.63020020155102e-05	0.00012216705932838	0.000218292949137743
Master_cadelantosefectivo	2.60109162653123e-05	3.47597335223057e-05	0.000109146474568871
rf_003_025	2.57997887942332e-05	0.00027908270385426	0.000163719711853307
vmr_mpagospesos_delta1	2.56428659955614e-05	0.000382509429184373	0.000327439423706614
rf_010_016	2.50529900886339e-05	0.000197144002976175	0.000109146474568871
vm_msaldodolares_rank_tend6	2.48497432667477e-05	0.000385926762348126	0.000163719711853307
Master_mconsumototal_rank_delta1	2.46802664312716e-05	4.92109353570191e-05	0.000163719711853307
rf_020_015	2.44567416492445e-05	6.76881688898729e-05	0.000163719711853307
mextraccion_autoservicio_rank	2.43499532526884e-05	8.86076287768138e-05	0.000218292949137743
cextraccion_autoservicio_lag2	2.4159082284354e-05	0.000334243871770871	0.000218292949137743
Visa_mpagado_rank_lag1	2.37540828589821e-05	0.000105676457275889	0.000163719711853307
Visa_mpagado_rank_delta1	2.37368669672236e-05	0.000172891937194004	0.000163719711853307
matm_other_rank_lag2	2.31608438517442e-05	0.000244917547654921	0.000163719711853307
rf_014_024	2.19457562714611e-05	0.000295040415981041	0.000163719711853307
mtarjeta_visa_descuentos_rank_delta2	2.18367904020017e-05	0.000101613264495064	0.000109146474568871
Master_madelantodolares_rank_lag2	2.18182166137669e-05	2.77377753380652e-05	0.000109146474568871
mforex_sell_rank	2.17507307557235e-05	0.000353314196183385	0.000109146474568871
vm_mpagospesos_rank_lag1	2.13325364917911e-05	0.000166659280406002	0.000163719711853307
Master_mpagado_rank_lag2	2.12578492285021e-05	0.000581811747842917	0.000163719711853307
vm_mpagado_rank_lag2	2.06620816122117e-05	0.00019335357254226	0.000109146474568871
vm_mconsumototal_rank	2.05897688935013e-05	0.000121492214066812	0.000163719711853307
vm_status02	2.01798870141397e-05	6.24254163599611e-05	0.000109146474568871
Visa_delinquency_delta2	2.00880013059329e-05	0.000274336490373675	0.000163719711853307
Visa_mpagosdolares_rank_lag1	1.97508783704086e-05	5.38932317753844e-05	0.000163719711853307
Visa_mpagosdolares_rank_delta1	1.96679081456105e-05	5.44432157991288e-05	0.000163719711853307
cpayroll_trx_tend6	1.96666583308332e-05	0.000552092543576065	0.000163719711853307
rf_001_019	1.95118823806846e-05	9.28818965072929e-05	0.000218292949137743
ctarjeta_master_delta2	1.9266263984256e-05	0.000405755916069076	0.000109146474568871
vmr_Master_mlimitecompra_delta2	1.91317441117702e-05	6.97431767623777e-05	0.000109146474568871
ccaja_ahorro_lag2	1.89716418481783e-05	0.000872503573928108	0.000218292949137743
rf_005_014	1.89558858725574e-05	8.18599193827918e-05	0.000109146474568871
rf_016_013	1.87621496487704e-05	8.13545286582698e-05	0.000109146474568871
Visa_cadelantosefectivo_lag2	1.85005160876396e-05	3.19072488153714e-05	0.000163719711853307
ccheques_depositados_tend6	1.84052570771564e-05	0.000848237386934517	0.000218292949137743
mprestamos_prendarios_rank_lag1	1.82297436348276e-05	0.000218125893482027	5.45732372844357e-05
Master_mpagado_rank_delta1	1.82042032344227e-05	5.91403766505683e-05	0.000109146474568871
rf_004_015	1.81093905969209e-05	0.000186674982762033	0.000109146474568871
Master_mpagominimo_rank_delta1	1.80116104440415e-05	5.7334348032056e-05	0.000163719711853307
vm_mconsumosdolares_rank_delta1	1.78592194622194e-05	0.000376229206210533	0.000163719711853307
mcheques_depositados_rank_lag2	1.76437196354568e-05	0.0003127372667775	0.000109146474568871
vmr_mconsumosdolares_delta2	1.76212415991435e-05	0.000489996374408697	0.000163719711853307
Visa_mpagado_rank_lag2	1.72916559944739e-05	7.54986852486984e-05	0.000109146474568871
vm_mpagado_rank	1.72185010960674e-05	0.000435503362758769	0.000163719711853307
mtarjeta_master_consumo_rank_lag2	1.69827593856817e-05	0.000111841480893404	0.000109146474568871
vmr_mconsumospesos_delta1	1.69804173691111e-05	0.000129872781434032	0.000109146474568871
rf_012_023	1.69742672099398e-05	6.30987751782212e-05	0.000109146474568871
mautoservicio_rank_delta1	1.66907040051385e-05	0.000193283709706811	5.45732372844357e-05
ctarjeta_master_transacciones_lag2	1.66814459426645e-05	0.000124711107049025	0.000109146474568871
vm_status04_lag2	1.66052374035867e-05	5.21830787502005e-05	0.000109146474568871
rf_009_022	1.63079158864149e-05	0.000539377507524415	0.000163719711853307
vmr_msaldodolares2_tend6	1.62948996561888e-05	0.00016211596643688	5.45732372844357e-05
rf_002_018	1.62729054000661e-05	0.000233525446146873	0.000109146474568871
cseguro_accidentes_personales_lag1	1.62367490407109e-05	0.000323071020650667	0.000109146474568871
active_quarter_lag2	1.61715719319573e-05	9.06566908760889e-05	0.000163719711853307
rf_007_016	1.57996861665083e-05	0.00014260937091364	0.000109146474568871
rf_013_022	1.55520953899628e-05	0.000146008866757704	0.000109146474568871
vm_Fvencimiento_delta1	1.55482848816889e-05	5.90980130163069e-05	0.000109146474568871
minversion1_pesos_rank_lag1	1.54772046787697e-05	0.000218125893482027	5.45732372844357e-05
Visa_msaldodolares_rank	1.54592149161318e-05	0.000200165198998501	0.000109146474568871
vmr_Visa_mlimitecompra_delta2	1.53221123198167e-05	8.39825604257841e-05	0.000109146474568871
ccheques_emitidos_lag2	1.50697210007197e-05	4.10741446922154e-05	5.45732372844357e-05
ccallcenter_transacciones_delta1	1.49611105736741e-05	0.000202721881487259	5.45732372844357e-05
Master_mpagospesos_rank_lag2	1.48048415879617e-05	7.14503569009467e-05	0.000163719711853307
rf_002_023	1.45832581365895e-05	0.000111501828597659	0.000109146474568871
Visa_Fvencimiento_delta2	1.45144962935079e-05	2.95371149616941e-05	0.000109146474568871
vm_mconsumospesos_rank_delta1	1.43740829374042e-05	0.000147375651378874	0.000109146474568871
Visa_madelantopesos_rank_delta1	1.43477639347732e-05	3.92718321819716e-05	0.000163719711853307
vm_fechaalta_delta1	1.42629589824735e-05	3.26898612167267e-05	5.45732372844357e-05
rf_004_020	1.38700774228905e-05	5.13796561425413e-05	0.000109146474568871
rf_005_020	1.37969650973626e-05	0.000171393602340127	0.000163719711853307
cforex_delta2	1.36036739251067e-05	0.000654377680446081	0.000163719711853307
rf_015_023	1.34429391396152e-05	0.000102770460609888	0.000109146474568871
rf_006_015	1.32166737250658e-05	0.000102841809888644	0.000109146474568871
rf_008_017	1.30061252525278e-05	0.000119979758001515	0.000109146474568871
Master_mpagosdolares_rank_delta1	1.29322116937818e-05	3.77229582556426e-05	0.000163719711853307
ccajas_depositos_tend6	1.29296862081574e-05	0.000395931269028699	0.000109146474568871
mcheques_depositados_rank_delta2	1.29108134579589e-05	0.000170664501897838	5.45732372844357e-05
Master_mpagado_rank_lag1	1.25409581794774e-05	0.000219046001889318	0.000109146474568871
ctarjeta_debito_lag1	1.23142696051158e-05	0.000436251786964054	0.000109146474568871
rf_013_017	1.23126541459585e-05	0.000127192724150758	5.45732372844357e-05
mcheques_emitidos_rank_lag2	1.21934691592455e-05	6.09575535938862e-05	5.45732372844357e-05
rf_012_019	1.17588701337886e-05	0.000148408729477529	0.000109146474568871
vm_mpagosdolares_rank_delta2	1.17244034565906e-05	0.000144072774349792	5.45732372844357e-05
rf_013_015	1.17066839721277e-05	0.000147807463159679	0.000109146474568871
rf_007_023	1.16754493960808e-05	7.00954638262356e-05	5.45732372844357e-05
mtarjeta_master_descuentos_rank_delta2	1.15072583040452e-05	1.12226469710025e-05	5.45732372844357e-05
Master_madelantopesos_rank_delta2	1.14213760463012e-05	2.35690450824127e-05	0.000109146474568871
ccajas_extracciones	1.13414024272696e-05	0.000427219414206531	0.000109146474568871
cpagomiscuentas	1.11486532806685e-05	0.000429626709142894	0.000109146474568871
ccajas_depositos_lag2	1.10757228255167e-05	0.000186356140672592	5.45732372844357e-05
rf_015_027	1.10527947198573e-05	7.22656710550653e-05	5.45732372844357e-05
Visa_msaldodolares_rank_delta1	1.09681918847705e-05	8.53590069284527e-05	0.000109146474568871
Master_madelantodolares_rank	1.08628965052963e-05	2.76619667293869e-05	0.000109146474568871
Master_msaldodolares_rank_tend6	1.07700660063139e-05	1.11750807851651e-05	5.45732372844357e-05
Master_madelantodolares_rank_lag1	1.06598770837565e-05	2.09477023097818e-05	0.000109146474568871
vm_cconsumos	1.05288211484056e-05	0.000184871927030135	0.000109146474568871
cseguro_vida_delta2	1.04445248158661e-05	0.000414419650886359	0.000109146474568871
ccajas_otras_delta2	1.04048379848143e-05	8.19959289454205e-05	5.45732372844357e-05
rf_012_026	1.01289780037081e-05	0.000150540289180366	5.45732372844357e-05
rf_015_024	9.98852088264838e-06	0.000402476078911259	0.000109146474568871
mttarjeta_master_debitos_automaticos_rank_delta2	9.9450551842031e-06	0.000195410066858072	5.45732372844357e-05
matm_rank_delta1	9.88276645166236e-06	5.52585299532474e-05	0.000109146474568871
ctarjeta_visa_descuentos_tend6	9.63047149678886e-06	0.000436251786964054	0.000109146474568871
cseguro_vida_lag2	9.62334697592565e-06	0.000421919500593934	0.000109146474568871
Visa_madelantopesos_rank_delta2	9.29538658881572e-06	5.45710499235668e-05	0.000109146474568871
rf_016_014	9.24856784417163e-06	4.901472484044e-05	5.45732372844357e-05
rf_007_028	9.17676581518563e-06	0.000328498025166049	0.000109146474568871
vm_Fvencimiento_delta2	8.90958282804819e-06	2.24527261585421e-05	5.45732372844357e-05
Master_mconsumosdolares_rank_delta2	8.82258741012386e-06	2.57340497596663e-05	0.000109146474568871
Master_delinquency_lag1	8.7817465740636e-06	2.88377433855542e-05	5.45732372844357e-05
vmr_mpagosdolares	8.74879451919823e-06	0.000195323853146242	5.45732372844357e-05
ctarjeta_master_transacciones_delta2	8.66009419009484e-06	0.00020526518598625	5.45732372844357e-05
vmr_mpagado_lag1	8.56176971057373e-06	1.94790963220533e-05	5.45732372844357e-05
rf_017_017	8.51627367301556e-06	0.000156217759393047	0.000109146474568871
mv_status07_rank_lag1	8.36381489986787e-06	3.82617939545814e-05	0.000109146474568871
mv_status07_rank	8.33671670359247e-06	1.07507012208974e-05	5.45732372844357e-05
mttarjeta_master_debitos_automaticos_rank_delta1	8.32407070123846e-06	0.000436251786964054	0.000109146474568871
Master_msaldodolares_rank_delta1	8.29740512746847e-06	1.69662639108639e-05	5.45732372844357e-05
mforex_buy_rank_tend6	8.23116923205689e-06	0.000436251786964054	0.000109146474568871
ctarjeta_debito_transacciones	8.19482812840211e-06	4.17504763970904e-05	0.000109146474568871
rf_017_019	8.00698087866813e-06	5.07835923762668e-05	5.45732372844357e-05
vmr_mpagado_lag2	7.97214929636298e-06	0.000122193815307913	5.45732372844357e-05
vm_mconsumosdolares_rank_delta2	7.96056991695976e-06	2.46927962228203e-05	5.45732372844357e-05
vmr_mconsumosdolares_lag2	7.68081248908574e-06	0.00015374134484289	5.45732372844357e-05
rf_011_019	7.609774868286e-06	8.04708381120101e-05	5.45732372844357e-05
ctarjeta_master_delta1	7.55110853602788e-06	0.000215149290758923	5.45732372844357e-05
Master_mconsumosdolares_rank_lag1	7.45910642930181e-06	6.27070973667167e-05	0.000218292949137743
rf_002_016	7.39740541872246e-06	4.42707410248168e-05	5.45732372844357e-05
rf_006_020	7.29724221962606e-06	6.03421660646154e-05	5.45732372844357e-05
vm_status05_tend6	7.20464148666322e-06	0.000190528587036513	5.45732372844357e-05
vmr_msaldodolares_delta2	6.61136788145325e-06	0.000123094599952208	5.45732372844357e-05
catm_trx_lag2	6.6020920764295e-06	1.82877120111581e-05	5.45732372844357e-05
ctarjeta_visa_descuentos_delta1	6.3909533684022e-06	5.478212487322e-05	5.45732372844357e-05
Master_cadelantosefectivo_lag2	6.18435586599049e-06	2.51268376685862e-05	0.000109146474568871
mextraccion_autoservicio_rank_delta1	6.17221375205016e-06	0.000144622015151883	5.45732372844357e-05
mprestamos_hipotecarios_rank_lag2	6.09565346692296e-06	0.00020376610791072	5.45732372844357e-05
rf_018_017	6.07640871459747e-06	7.9792276742174e-05	5.45732372844357e-05
rf_011_025	5.96722224610249e-06	1.12181876410802e-05	5.45732372844357e-05
cextraccion_autoservicio_delta2	5.86586615624271e-06	0.000123128044926625	5.45732372844357e-05
cliente_vip_delta2	5.72427765192546e-06	9.25035966855552e-05	5.45732372844357e-05
rf_007_025	5.52796639274734e-06	0.00010935986379167	5.45732372844357e-05
mplazo_fijo_dolares_rank_lag2	5.46582311215113e-06	0.000185239821748721	5.45732372844357e-05
mv_status07_rank_delta1	5.4568376935254e-06	0.000100898285264196	5.45732372844357e-05
vmr_msaldodolares_lag1	5.29193843589196e-06	0.00016398368245265	5.45732372844357e-05
vm_mpagado_rank_lag1	5.26293528118876e-06	0.000214438770857978	5.45732372844357e-05
mttarjeta_master_debitos_automaticos_rank	5.14084110773054e-06	0.000193587687363178	5.45732372844357e-05
vmr_mconsumosdolares_delta1	5.07083610332786e-06	0.000174408852589223	5.45732372844357e-05
matm_other_rank_delta2	5.04017461163878e-06	0.000174622900425491	5.45732372844357e-05
vm_msaldodolares_rank	4.97317815226006e-06	0.000210314633901548	5.45732372844357e-05
catm_trx_delta2	4.95229103124349e-06	8.04522575706674e-05	5.45732372844357e-05
vm_status03_delta2	4.94494058857978e-06	0.00018043415053584	5.45732372844357e-05
Visa_madelantodolares_rank_lag2	4.93888404908133e-06	2.11245890633645e-05	0.000109146474568871
mcuenta_debitos_automaticos_rank_delta1	4.92709158350346e-06	0.000173668603822129	5.45732372844357e-05
catm_trx_other_lag1	4.69612321042634e-06	0.000218125893482027	5.45732372844357e-05
ccajas_extracciones_lag2	4.65110296891138e-06	0.000111543449010267	5.45732372844357e-05
vmr_mconsumosdolares_tend6	4.4943002281598e-06	1.13772370749739e-05	5.45732372844357e-05
mtarjeta_visa_descuentos_rank	4.44641722623821e-06	0.000102379526020037	5.45732372844357e-05
vm_fultimo_cierre_delta1	4.44296896168892e-06	1.83560884032993e-05	5.45732372844357e-05
vm_msaldodolares_rank_delta1	4.41198307704808e-06	0.000218125893482027	5.45732372844357e-05
rf_003_016	4.24186810119833e-06	0.000171968112678444	5.45732372844357e-05
vm_mpagosdolares_rank_lag2	4.19292823472832e-06	1.02334189499161e-05	5.45732372844357e-05
vm_status06_lag2	4.04069272199867e-06	1.12523758371508e-05	5.45732372844357e-05
mplazo_fijo_dolares_rank_lag1	3.85344997572107e-06	0.000167065079428927	5.45732372844357e-05
Visa_status_lag1	3.65728952821606e-06	1.08659005772223e-05	5.45732372844357e-05
cforex_buy_delta2	3.64627791040573e-06	0.000218125893482027	5.45732372844357e-05
rf_007_024	3.33331263924038e-06	0.000218125893482027	5.45732372844357e-05
Visa_cadelantosefectivo_lag1	3.0873178050474e-06	1.11921748832004e-05	5.45732372844357e-05
vmr_Visa_mlimitecompra_delta1	3.04117505154984e-06	1.07165130248268e-05	5.45732372844357e-05
Master_cadelantosefectivo_delta2	2.96013299834881e-06	1.16165544474681e-05	5.45732372844357e-05
Visa_madelantodolares_rank_delta2	2.61452232272008e-06	1.30881333218115e-05	5.45732372844357e-05
Master_mpagado_rank	2.49154634453791e-06	1.11022450631017e-05	5.45732372844357e-05
rf_019_028	2.08095919882264e-06	1.07759707571235e-05	5.45732372844357e-05
Visa_madelantopesos_rank_lag2	1.88276575082228e-06	1.31639419304898e-05	5.45732372844357e-05
Master_madelantopesos_rank_lag1	1.29645757494585e-06	1.05039516318661e-05	5.45732372844357e-05
vm_mconsumosdolares_rank	5.4258209627225e-07	2.61443081125136e-05	0.000109146474568871
Master_madelantodolares_rank_delta2	3.52222510730663e-07	1.03946980487709e-05	5.45732372844357e-05
rf_001_021	1.57794161165875e-07	1.205579844481e-05	5.45732372844357e-05
Master_madelantopesos_rank_delta1	6.55344039702062e-08	1.03330106515131e-05	5.45732372844357e-05
