Feature	Gain	Cover	Frequency
rf_004_022	0.150414532828095	0.00827251908299071	0.0100679587213692
ctrx_quarter_normalizado	0.117129260661847	0.0016805033679692	0.000755096904102693
mcaja_ahorro_rank	0.0942194179957681	0.00628012810862085	0.00427888245658193
rf_007_015	0.0644122021997139	0.00372896177269599	0.00377548452051347
rf_008_022	0.0274667043516266	0.0018342126067192	0.00302038761641077
rf_013_026	0.0264989470686824	0.00305528290853524	0.00176189277623962
rf_018_027	0.0252763878985567	0.00302399706059341	0.00377548452051347
vm_status01	0.0240146586948644	0.000933886452338101	0.000755096904102693
rf_017_021	0.0205003456283515	0.00253936604564083	0.00151019380820539
mcaja_ahorro_rank_lag1	0.0192150356620251	0.00288839003137393	0.00251698968034231
mtarjeta_visa_consumo_rank	0.016629491380987	0.00197708075437892	0.00201359174427385
mcuentas_saldo_rank	0.0130660852490662	0.00629179998684243	0.00478228039265039
vm_status05_tend6	0.0113894479920344	0.00273542402607627	0.00125849484017116
Visa_status_delta1	0.0110267818739919	0.000196725334032704	0.000251698968034231
ccomisiones_mantenimiento_tend6	0.0106685313640244	0.00205768267121262	0.00100679587213692
mprestamos_personales_rank	0.0101920333779022	0.0147320544079496	0.0072992700729927
cpayroll_trx	0.00969803345042093	0.00342611554287405	0.00151019380820539
cdescubierto_preacordado	0.00881217373248444	0.0264464720436716	0.0133400453058142
mcomisiones_mantenimiento_rank_tend6	0.00845982130027956	0.00307098225598814	0.00251698968034231
foto_mes	0.0084166561619119	0.0143081156032394	0.0123332494336773
vm_status04_tend6	0.00711419394371306	0.00171305777143702	0.000755096904102693
rf_006_019	0.0062070266961092	0.00347455802061382	0.00478228039265039
rf_016_022	0.00601122842653214	0.00153642503390278	0.00100679587213692
mpasivos_margen_rank	0.00586654929810723	0.00277841093679932	0.00251698968034231
rf_003_018	0.00558603204452381	0.00370881469835286	0.0040271834885477
mprestamos_personales_rank_lag2	0.00519771724036476	0.00461744288713494	0.00352378555247924
rf_015_015	0.00518744628509722	0.000895364779241074	0.00100679587213692
mactivos_margen_rank	0.00518103942166661	0.0101105431931998	0.00830606594512963
ctrx_quarter_normalizado_delta1	0.00486172741363189	0.00319082767736081	0.00176189277623962
rf_010_015	0.00485188708435398	0.00121705256077127	0.00125849484017116
mprestamos_personales_rank_lag1	0.00478004342054997	0.00319991185796034	0.00201359174427385
vm_status01_tend6	0.00477459853087332	0.00167992356805087	0.000755096904102693
mv_status07_rank_tend6	0.00443861269880097	0.000519985190509227	0.000251698968034231
rf_009_026	0.00440242748191363	0.0017065321038999	0.00125849484017116
cproductos_tend6	0.00426678719201932	0.00318213456986056	0.00176189277623962
cproductos_delta2	0.00424273834879223	0.00114203851429135	0.000503397936068462
rf_001_022	0.00416030268771443	0.00140633972336855	0.00276868864837654
ctrx_quarter_delta2	0.00410019096083238	0.00304245143047701	0.00251698968034231
cproductos_delta1	0.00384146276031549	0.00114203851429135	0.000503397936068462
mcuentas_saldo_rank_delta1	0.00377565608373395	0.00273532285293616	0.003272086584445
mcuenta_corriente_rank_lag1	0.00369998128741406	0.00580302281878264	0.00528567832871885
mcuentas_saldo_rank_tend6	0.00358724320815803	0.00336953251863001	0.00352378555247924
mcuentas_saldo_rank_delta2	0.00340528117724476	0.00639810571817611	0.00553737729675308
mprestamos_personales_rank_tend6	0.00333967289734183	0.00465689846614068	0.00251698968034231
cliente_vip_delta1	0.00321805096682931	0.00542140940811014	0.00276868864837654
mcuenta_corriente_rank_tend6	0.00320340611456564	0.00594121559998687	0.0040271834885477
ctarjeta_visa_tend6	0.00293313751438146	0.00114203851429135	0.000503397936068462
rf_017_020	0.00261222861165159	0.000358466163597625	0.000503397936068462
ctarjeta_visa_transacciones_tend6	0.00255506827579269	0.00295481408913101	0.00201359174427385
mpayroll_sobre_edad_rank	0.00253714749884105	0.00602251989188942	0.00302038761641077
mpasivos_margen_rank_lag1	0.00252287472441072	0.00275839811143057	0.00352378555247924
thomebanking	0.0025212156395555	0.00419330368178182	0.0072992700729927
mcuenta_corriente_rank	0.00243144087813625	0.00871059099711941	0.00654417316889001
Visa_mpagominimo_rank	0.00230576729616198	0.00597518059050431	0.00755096904102693
tcallcenter	0.002196453470241	0.00259700944221872	0.00151019380820539
ctarjeta_visa_transacciones_delta2	0.00218496575169634	0.0022267293688759	0.00100679587213692
rf_012_028	0.00218166702848516	0.000854107540086447	0.000755096904102693
ctrx_quarter_normalizado_delta2	0.00216092206542919	0.00237422229642105	0.00276868864837654
ccaja_ahorro	0.00214191469480315	0.00742325034289377	0.003272086584445
Visa_Fvencimiento_tend6	0.0020994854704868	0.00129915845524546	0.00125849484017116
rf_018_025	0.00205723812500721	0.000486648640842857	0.000503397936068462
vm_fechaalta_tend6	0.00205672470918267	0.00201825822240384	0.00151019380820539
Visa_msaldopesos_rank	0.00204207404780197	0.00197573048208591	0.00251698968034231
Visa_mpagospesos_rank_tend6	0.00200272898664294	0.00291199839449122	0.00553737729675308
mextraccion_autoservicio_rank	0.00197891547094409	0.000300908375061368	0.000251698968034231
Visa_delinquency	0.00197520555078821	0.00635047262555721	0.00453058142461616
mrentabilidad_annual_rank_lag1	0.00187544546859207	0.00345964860190871	0.00553737729675308
Master_status_delta2	0.00183847582533787	0.000488020315146277	0.000503397936068462
mcuenta_corriente_rank_delta2	0.00180948939607107	0.00131874713168068	0.00151019380820539
mcomisiones_rank_lag2	0.00177522198911594	0.00359116006459103	0.00604077523282155
mprestamos_personales_rank_delta2	0.00168288049171017	0.00478368397579746	0.00226529071230808
Visa_cconsumos_tend6	0.00159857158697662	0.00425315343106904	0.00578907626478731
mttarjeta_visa_debitos_automaticos_rank_tend6	0.00159048207178055	0.00360711623616883	0.00276868864837654
mcomisiones_otras_rank_lag2	0.00156432152882811	0.00459173323572304	0.00780266800906116
mtarjeta_visa_consumo_rank_tend6	0.00154029268349829	0.000986835026087407	0.00125849484017116
mcuenta_debitos_automaticos_rank	0.00150573794025573	0.00507632144665481	0.00251698968034231
rf_014_030	0.00144961607014754	0.000981933965703983	0.000755096904102693
mrentabilidad_annual_rank_lag2	0.0014426245030616	0.00410110576658162	0.00654417316889001
ctrx_quarter_tend6	0.00141208025893879	0.00355285046596078	0.00352378555247924
mrentabilidad_annual_rank_delta1	0.0013862484265634	0.0041083571568353	0.00578907626478731
mpasivos_margen_rank_delta2	0.00134411003535002	0.00166259377653235	0.003272086584445
Visa_mconsumospesos_rank_tend6	0.00127294721402541	0.00154153233184104	0.00251698968034231
mtarjeta_visa_consumo_rank_delta2	0.0012692574686902	0.00242823707941613	0.00226529071230808
ctarjeta_visa_transacciones	0.00126829454050196	0.00025156312160984	0.000503397936068462
cproductos	0.00125808234442938	0.00907942935321566	0.00427888245658193
ctrx_quarter_normalizado_tend6	0.00118858711734058	0.00192803318343579	0.00176189277623962
mcuentas_saldo_rank_lag1	0.00118716182564448	0.00377793151814673	0.003272086584445
Visa_mpagospesos_rank	0.0011822523101278	0.00102278067538624	0.00201359174427385
rf_002_028	0.00117174112224494	0.00211765694128767	0.00176189277623962
rf_013_016	0.00116352427218736	0.00115442833268025	0.00125849484017116
Visa_mpagospesos_rank_lag1	0.00115388791495598	0.00117226788117394	0.00276868864837654
rf_004_021	0.00114294037685796	0.00366271282229679	0.00176189277623962
Visa_mconsumospesos_rank	0.00113163953285581	0.00306528153867038	0.00427888245658193
cdescubierto_preacordado_lag2	0.00106530288521991	0.00929881747063309	0.00604077523282155
internet	0.00105670088165871	0.00327343360062363	0.00201359174427385
vmr_mconsumototal_delta2	0.00105499931971783	0.000336731449209682	0.000503397936068462
vm_mpagominimo_rank	0.00103435885253786	0.00142830402295905	0.00176189277623962
mpasivos_margen_rank_lag2	0.00102649942542353	0.00324310111496361	0.00553737729675308
Visa_msaldopesos_rank_delta1	0.000979665223906856	0.00154646452242142	0.00151019380820539
mcomisiones_rank_delta2	0.000964217769397449	0.00313923715845376	0.00553737729675308
cliente_edad_lag2	0.00095515260813176	0.00499334196102851	0.00578907626478731
mrentabilidad_rank_lag2	0.000954221327016623	0.00226155433108428	0.0040271834885477
mpayroll_rank	0.000951273103331627	0.00171305777143702	0.000755096904102693
mactivos_margen_rank_lag1	0.000939334614125042	0.00316547602321392	0.003272086584445
Visa_msaldopesos_rank_lag1	0.000918091555382452	0.00120053020873632	0.00226529071230808
internet_tend6	0.00090870984883301	0.00574020208132333	0.00276868864837654
cprestamos_personales_tend6	0.000844404391058867	0.000571019257145675	0.000251698968034231
Master_Fvencimiento_tend6	0.000836431169276388	0.00163603193597876	0.00302038761641077
tcallcenter_delta1	0.000825686682905882	0.00161237687756603	0.000755096904102693
ctrx_quarter_delta1	0.000823959117192837	0.000850638468763047	0.000503397936068462
mcomisiones_rank_tend6	0.000795545830073871	0.0021098121316545	0.003272086584445
Master_mpagominimo_rank	0.000794772015540499	0.00195492189105744	0.00226529071230808
mcuenta_corriente_rank_lag2	0.000783059060820024	0.00514963111485133	0.00377548452051347
mrentabilidad_annual_rank_delta2	0.000782992327105513	0.00260137545234195	0.00478228039265039
mpagomiscuentas_rank	0.000780667111263579	0.00418860885895324	0.00251698968034231
rf_007_018	0.000767754267632285	0.00274733327204965	0.00176189277623962
ccallcenter_transacciones_tend6	0.000761206872282988	0.003653319285365	0.00201359174427385
vmr_mpagominimo_delta2	0.000752634641834986	0.00373848177605292	0.00226529071230808
mprestamos_personales_rank_delta1	0.000751940892674918	0.0057513369636474	0.00276868864837654
Visa_fechaalta_lag1	0.000751527298140532	0.00269776816158211	0.00352378555247924
Master_fultimo_cierre_tend6	0.000744166074215604	0.00146389751190481	0.00176189277623962
mpayroll_sobre_edad_rank_lag1	0.00073748558328385	0.0010261621930307	0.000503397936068462
mrentabilidad_annual_rank	0.000736861936647169	0.00357911267836866	0.00453058142461616
Visa_fechaalta	0.000731543723922952	0.00182739509358561	0.00276868864837654
mtransferencias_recibidas_rank	0.000722415111248584	0.00559869393414318	0.00352378555247924
Visa_mconsumospesos_rank_delta2	0.000721624858707052	0.00108597108393441	0.00226529071230808
Visa_msaldototal_rank_delta1	0.000719086814855582	0.00192172153600275	0.00226529071230808
vmr_msaldopesos_delta2	0.000704153240272318	0.000977050416056347	0.00125849484017116
mcomisiones_rank_lag1	0.000700594574346572	0.00289632823159797	0.00604077523282155
cliente_edad_lag1	0.000698264059455573	0.00603487274316943	0.00427888245658193
Visa_mconsumosdolares_rank	0.000696324716042099	0.00247702393495974	0.0040271834885477
vmr_mpagominimo	0.000684325019671339	0.00157030052510397	0.00226529071230808
Visa_mconsumospesos_rank_lag1	0.000669600951048478	0.00308656291956513	0.00453058142461616
rf_014_015	0.000662764926105697	0.0023472732740428	0.00125849484017116
Master_delinquency	0.000660076771084096	0.00421873121578379	0.00352378555247924
Master_fechaalta	0.000648838435981827	0.00350732449854842	0.00503397936068462
vm_fechaalta	0.0006426207409492	0.00246421191327461	0.003272086584445
Visa_fechaalta_lag2	0.000640299848747108	0.0025670330081864	0.00377548452051347
rf_017_016	0.000636115372443296	0.00248567423843918	0.00226529071230808
cmobile_app_trx_lag2	0.00063173694763633	0.00275621121509434	0.00302038761641077
Visa_msaldototal_rank_delta2	0.000630091648574693	0.000782498358898706	0.00100679587213692
mactivos_margen_rank_delta2	0.00062962113622715	0.00281416591364179	0.00503397936068462
internet_lag2	0.000625616052708709	0.000513665760526948	0.000251698968034231
chomebanking_transacciones_delta1	0.000609102171386994	0.00413036036917199	0.00302038761641077
mcomisiones_otras_rank_tend6	0.000605986645607555	0.00131485974833567	0.00151019380820539
mcaja_ahorro_dolares_rank	0.000604433376413391	0.00471935536942305	0.00302038761641077
ccajas_transacciones_delta1	0.000598842219485216	0.0033932187072397	0.00151019380820539
vm_mconsumospesos_rank_tend6	0.000585217613829466	0.000477504145486726	0.00100679587213692
mactivos_margen_rank_delta1	0.000583792043657525	0.00413238188633689	0.00478228039265039
Master_fechaalta_tend6	0.000580171691962053	0.0005624409422467	0.00100679587213692
Visa_mpagominimo_rank_lag1	0.000566355918594626	0.00188219007714193	0.00276868864837654
Visa_cconsumos_lag2	0.000565791554385993	0.00219321576621434	0.00276868864837654
rf_012_027	0.000557143838738493	0.00178745505088973	0.00276868864837654
vm_fechaalta_lag1	0.000554517434741996	0.00273410293834291	0.00377548452051347
vmr_mpagominimo_delta1	0.000550485901176012	0.00156511540167331	0.00125849484017116
Visa_mpagominimo_rank_lag2	0.000541109300016913	0.00212339268007701	0.00276868864837654
Visa_msaldototal_rank	0.000538740669439948	0.00212048784357345	0.00226529071230808
vm_status04	0.000538379493419927	0.00072503979786525	0.000503397936068462
mpayroll_rank_delta2	0.000536900394797165	0.00322471484238586	0.00176189277623962
rf_003_021	0.000518639588534782	0.00153628689365378	0.00100679587213692
Master_mfinanciacion_limite_rank	0.000506695763684552	0.0027477788229936	0.00453058142461616
rf_016_020	0.00050494427381782	0.00149158782209809	0.00251698968034231
rf_008_019	0.000501125427560661	0.000903343837848625	0.00100679587213692
ccomisiones_mantenimiento_delta1	0.000499593163061031	0.0045681540571654	0.00201359174427385
tcallcenter_delta2	0.00049754162760388	0.00193110923602261	0.00151019380820539
vm_mpagominimo_rank_lag2	0.000493527946639837	0.00193209567413869	0.00176189277623962
mrentabilidad_rank	0.000488521647679105	0.00254182533120044	0.00302038761641077
mcaja_ahorro_rank_delta1	0.00048699362616744	0.00323279896540814	0.00226529071230808
mcuentas_saldo_rank_lag2	0.00048625523663667	0.00509385553009086	0.00478228039265039
mcomisiones_otras_rank_delta2	0.000480858418692533	0.00226571215801535	0.0040271834885477
mactivos_margen_rank_lag2	0.000479066881436854	0.00312297941309294	0.0040271834885477
mttarjeta_visa_debitos_automaticos_rank_delta1	0.000476572312989073	0.00111166711588514	0.000503397936068462
internet_lag1	0.000475157884230742	0.00114203851429135	0.000755096904102693
chomebanking_transacciones	0.000468192316553387	0.00282453810614042	0.00276868864837654
mcomisiones_otras_rank_lag1	0.000467855569449301	0.00227104904115618	0.00427888245658193
Visa_delinquency_lag1	0.000466407465742548	0.00186486417689803	0.00125849484017116
mtransferencias_emitidas_rank	0.000462395800753153	0.00186247687991889	0.00201359174427385
rf_010_020	0.000461995270781746	0.00439107382304989	0.00276868864837654
mrentabilidad_rank_lag1	0.000454150990848836	0.00183278061765918	0.00276868864837654
vm_cconsumos_delta2	0.000447243231502365	0.00171305777143702	0.000755096904102693
Visa_mconsumototal_rank_delta2	0.000446381323795815	0.00234264071160813	0.00377548452051347
ccajas_consultas_tend6	0.000432489662589327	0.00272254001581068	0.00125849484017116
rf_017_018	0.00043110436510102	0.000709009692069684	0.000755096904102693
ctrx_quarter_lag2	0.000429536262109927	0.00270304472996633	0.00226529071230808
rf_010_019	0.000427360529603044	0.000729617882455244	0.00125849484017116
mcaja_ahorro_rank_delta2	0.000427019564105726	0.00421958340492549	0.00377548452051347
Visa_mpagospesos_rank_lag2	0.000421083441862763	0.00262408493102211	0.0040271834885477
Visa_fechaalta_tend6	0.000419795143220764	0.00207059392040056	0.00201359174427385
mpayroll_sobre_edad_rank_tend6	0.000415170412486421	0.0013934848976626	0.00125849484017116
mcaja_ahorro_rank_tend6	0.000414077477338046	0.00486225853855434	0.00302038761641077
vm_mpagado_rank_tend6	0.000413072757939819	0.000200091286578684	0.000251698968034231
Visa_madelantopesos_rank	0.000409243783413334	0.000343210421451366	0.000503397936068462
mrentabilidad_rank_delta2	0.000408875569928094	0.00299416265808471	0.00553737729675308
mcomisiones_mantenimiento_rank_delta2	0.000407311478456802	0.000350580495580945	0.000503397936068462
vm_status03	0.000403816874865937	0.00166564259019683	0.00176189277623962
ctarjeta_visa_debitos_automaticos_tend6	0.00040223921166449	0.0019617335672791	0.00100679587213692
rf_007_026	0.000401033078071871	0.0011734080246375	0.00176189277623962
thomebanking_lag2	0.000400683992147746	0.00279336899643718	0.00478228039265039
Visa_delinquency_tend6	0.000380693723402782	0.00096239782147613	0.000755096904102693
mcomisiones_rank_delta1	0.000380456949124135	0.00302037233828523	0.00201359174427385
Visa_msaldopesos_rank_tend6	0.000379139028507539	0.00183114239104432	0.00251698968034231
vmr_msaldopesos_tend6	0.000376357169937033	0.00133553603602707	0.00125849484017116
ccomisiones_mantenimiento_delta2	0.000375422672465649	0.000571019257145675	0.000251698968034231
Visa_Fvencimiento	0.00037172092331445	0.00256334407984699	0.00302038761641077
vm_fechaalta_lag2	0.00037116022372089	0.00154643533786178	0.00251698968034231
rf_012_016	0.00036756147730744	0.00174651689625391	0.00151019380820539
mrentabilidad_rank_delta1	0.000366868513195351	0.00396727121295137	0.00528567832871885
cliente_edad	0.000362830387051115	0.00219288306223436	0.00176189277623962
mcomisiones_mantenimiento_rank	0.000362500393977796	0.00292734363595373	0.00251698968034231
vmr_mpagominimo_lag2	0.000361708599108552	0.00141670802459255	0.00151019380820539
mcaja_ahorro_dolares_rank_delta2	0.000357196252812161	0.00247218708060754	0.00151019380820539
Visa_msaldopesos_rank_delta2	0.000352803227461531	0.00128937579085171	0.00176189277623962
Visa_mpagospesos_rank_delta2	0.000350100368162034	0.00129879851234314	0.00302038761641077
rf_011_016	0.000339566166552054	0.00124583826476998	0.00125849484017116
Visa_fultimo_cierre_tend6	0.000338736222873294	0.0012756571021802	0.00151019380820539
rf_009_015	0.000334715493535077	0.00171996283824956	0.00251698968034231
Visa_mconsumototal_rank	0.000334070020288578	0.00213364229742511	0.0040271834885477
cdescubierto_preacordado_lag1	0.000332953599923144	0.00296352470736705	0.00176189277623962
mcomisiones_otras_rank	0.000329268644213652	0.000999625645762131	0.00176189277623962
cliente_antiguedad_lag1	0.000328275156674179	0.00219072729609508	0.00302038761641077
Visa_cconsumos_delta1	0.000325145153721426	0.00109100833892952	0.00176189277623962
Visa_mconsumototal_rank_lag2	0.000320155470485627	0.00137343121391034	0.00302038761641077
mpasivos_margen_rank_delta1	0.00031846841665982	0.00284028998580068	0.00377548452051347
mtransferencias_recibidas_rank_delta2	0.000316146535908177	0.00184269753102731	0.00176189277623962
mtransferencias_recibidas_rank_lag2	0.000315393225447535	0.00100781677883645	0.00176189277623962
Master_msaldopesos_rank	0.000314104233789458	0.00166857855689734	0.00226529071230808
Master_mlimitecompra_rank	0.000313449562088386	0.00192717710301947	0.003272086584445
mpagomiscuentas_rank_tend6	0.000313200006086177	0.00196335039188355	0.00100679587213692
thomebanking_tend6	0.000313029123474778	0.00358364601330053	0.00201359174427385
mpayroll_rank_tend6	0.000310409389410933	0.00220728661523892	0.00125849484017116
vmr_msaldopesos2_tend6	0.000309581591027508	0.0032822298269013	0.00226529071230808
mactivos_margen_rank_tend6	0.000308383674963781	0.00178475839757833	0.00226529071230808
Visa_cconsumos_lag1	0.000305066708300203	0.00238784175758975	0.00352378555247924
Master_fechaalta_lag2	0.000304870908051742	0.0020759736075622	0.00352378555247924
Visa_mconsumototal_rank_lag1	0.000298573774613132	0.00149932951295385	0.00302038761641077
vm_mpagospesos_rank_delta2	0.000298500061622753	0.000555720710978599	0.000503397936068462
mcaja_ahorro_dolares_rank_delta1	0.000298463985911133	0.00296931103272644	0.00176189277623962
mrentabilidad_rank_tend6	0.000297167093790425	0.00229665557379065	0.00251698968034231
chomebanking_transacciones_delta2	0.000296487621078923	0.00173118916552719	0.00176189277623962
Visa_mconsumototal_rank_tend6	0.000293269207204922	0.00122678658423227	0.00302038761641077
numero_de_cliente	0.00028996500412877	0.00277471617154799	0.003272086584445
Visa_delinquency_delta2	0.000289610322704762	0.00178230884020527	0.00125849484017116
chomebanking_transacciones_lag2	0.000288691948666982	0.00216584454053986	0.003272086584445
mpasivos_margen_rank_tend6	0.000284215087213607	0.00241889218341709	0.00302038761641077
ccajas_transacciones_tend6	0.000282907648911473	0.00264786256458536	0.00151019380820539
Visa_mconsumospesos_rank_lag2	0.000281782420086561	0.00115548092246486	0.00251698968034231
Visa_mpagado_rank_tend6	0.000277832894084334	0.00110393320757862	0.00100679587213692
Visa_mconsumosdolares_rank_lag2	0.00027779637053537	0.00263015531942873	0.00453058142461616
Visa_mlimitecompra_rank_tend6	0.000277067599642164	0.00323184754876364	0.00276868864837654
cliente_antiguedad	0.000276988302562917	0.00173773428943741	0.00302038761641077
Visa_mlimitecompra_rank_lag1	0.000276318150554451	0.00162984091805893	0.00251698968034231
Visa_mlimitecompra_rank_lag2	0.000275805149071808	0.00103013323878003	0.00226529071230808
Master_mlimitecompra_rank_lag1	0.000274213672953156	0.0017465538633628	0.00276868864837654
Master_Fvencimiento	0.000271822201419626	0.00229488309820141	0.00377548452051347
chomebanking_transacciones_lag1	0.000270763475547664	0.00234476534755045	0.00226529071230808
Visa_msaldototal_rank_lag1	0.000270587581957958	0.00115876515824383	0.00176189277623962
mcomisiones_rank	0.000269360094584286	0.00119151607107994	0.00201359174427385
thomebanking_lag1	0.000267097446277849	0.00163938621470088	0.00302038761641077
Master_fechaalta_lag1	0.000264465711174839	0.00190231185820004	0.00251698968034231
ccomisiones_otras_delta2	0.000264202962479031	0.00303712038424812	0.00251698968034231
Visa_mconsumototal_rank_delta1	0.00026390048892741	0.00149055663432389	0.003272086584445
rf_004_019	0.000260289213878125	0.00151655618569495	0.00226529071230808
vm_mpagominimo_rank_lag1	0.000255118407895239	0.00224644645737357	0.00176189277623962
rf_013_024	0.000248606314515226	0.000908567874025479	0.00176189277623962
Visa_mlimitecompra_rank_delta2	0.000247341828929139	0.00221249314067998	0.00226529071230808
cprestamos_personales_delta2	0.000246393795627974	0.000571019257145675	0.000251698968034231
Master_mpagospesos_rank_tend6	0.000241509496058661	0.00239949417943823	0.00201359174427385
ctarjeta_debito_transacciones_delta2	0.000240922080239086	0.00104870045562759	0.000503397936068462
rf_015_029	0.000239569031998122	0.0009041318209591	0.00125849484017116
cpayroll_trx_tend6	0.000238283163871013	0.00066582043506641	0.000503397936068462
mrentabilidad_annual_rank_tend6	0.000236582942739717	0.00235605004394737	0.00226529071230808
Master_cconsumos_tend6	0.00023253288061335	0.000532322476690764	0.00100679587213692
Master_mfinanciacion_limite_rank_lag2	0.000232186687545407	0.00143538030585485	0.00276868864837654
ctrx_quarter_normalizado_lag2	0.000231969883395791	0.000831094541985955	0.00100679587213692
vm_status02_delta2	0.000231352889634124	0.00137842761052194	0.00151019380820539
mtransferencias_emitidas_rank_tend6	0.000229739818745714	0.00091234241040652	0.00100679587213692
vmr_Master_mlimitecompra_tend6	0.000229013357005288	0.00264101781252943	0.00201359174427385
cseguro_accidentes_personales	0.000228020582713044	0.00427981644476274	0.00226529071230808
cliente_antiguedad_lag2	0.000225389943662367	0.0014809451860134	0.00226529071230808
Visa_mlimitecompra_rank	0.00022378896148144	0.00135300202215728	0.00176189277623962
mautoservicio_rank_delta2	0.000223054665128794	0.00144653659018933	0.00100679587213692
Master_Fvencimiento_lag2	0.000222227094444985	0.00163879279532139	0.003272086584445
vm_Fvencimiento_lag1	0.000221832472762915	0.00097786369245185	0.00151019380820539
Master_mconsumosdolares_rank_delta2	0.000220887973169378	0.000489993191378429	0.000755096904102693
Visa_mfinanciacion_limite_rank_delta2	0.00022060393574955	0.00161690437558597	0.003272086584445
rf_015_025	0.000216798548364462	0.000878204258168506	0.00176189277623962
Master_msaldototal_rank	0.000212706627590934	0.00147300698578936	0.00151019380820539
mcomisiones_otras_rank_delta1	0.00020950307409204	0.00135117506872336	0.00251698968034231
Visa_cconsumos_delta2	0.000207884703435567	0.000572445409293769	0.00151019380820539
Visa_msaldototal_rank_tend6	0.000205640827653387	0.00301992678734128	0.00251698968034231
mcuenta_debitos_automaticos_rank_lag2	0.000205333668011935	0.000596987678319775	0.000503397936068462
mcaja_ahorro_rank_lag2	0.00020418871103842	0.00128220417172773	0.00151019380820539
Visa_msaldodolares_rank	0.000197626856366824	0.000736487927796201	0.000755096904102693
rf_014_025	0.000197186686232754	0.00112566208505464	0.00226529071230808
vm_status06	0.00019523483461294	0.000952389463154442	0.000755096904102693
Visa_mpagominimo_rank_delta2	0.000195005222954963	0.00125503723797078	0.00125849484017116
vmr_msaldototal_lag2	0.000193659426193056	0.00121344924047349	0.00125849484017116
Visa_Fvencimiento_delta1	0.000191633691403185	0.000709669263117711	0.000503397936068462
mtarjeta_visa_consumo_rank_lag2	0.00019120942592861	0.00110155563878603	0.00176189277623962
vm_Fvencimiento_tend6	0.000191186584562959	0.000905040433582784	0.00100679587213692
vmr_msaldototal_tend6	0.00019079254680743	0.000721016219908552	0.00100679587213692
vmr_mconsumospesos_delta2	0.00019040091933564	0.000952712438947871	0.000755096904102693
cpagomiscuentas_tend6	0.000187781812040772	0.00270554487390944	0.00125849484017116
Visa_mpagominimo_rank_delta1	0.000186874659944515	0.00119864099490849	0.00176189277623962
Master_Fvencimiento_lag1	0.00018547811711002	0.000743599232163575	0.00151019380820539
Master_status	0.000184227440077556	0.000275840783961712	0.000251698968034231
mcuenta_corriente_rank_delta1	0.000181512030919351	0.000562182172484495	0.000755096904102693
vm_mfinanciacion_limite_rank_tend6	0.000181296746734091	0.00207357463675919	0.00226529071230808
rf_020_016	0.000180719952020621	0.00240329595474161	0.00151019380820539
vm_msaldototal_rank_tend6	0.000180646243988857	0.000285868598656498	0.000503397936068462
mcomisiones_mantenimiento_rank_lag2	0.000178249178331461	0.000844359897164274	0.00125849484017116
Master_mfinanciacion_limite_rank_delta2	0.000178070094963686	0.00165408161330191	0.00226529071230808
Master_mfinanciacion_limite_rank_tend6	0.000177593419763891	0.00149061500344318	0.00201359174427385
mttarjeta_visa_debitos_automaticos_rank_delta2	0.000174082411424779	0.00055276334226768	0.000503397936068462
Master_mlimitecompra_rank_delta1	0.000173381118822384	0.00163671680031181	0.00276868864837654
Visa_msaldopesos_rank_lag2	0.000171668080662185	0.00129763307559456	0.00151019380820539
Master_mlimitecompra_rank_delta2	0.000170393309916182	0.000879447520409478	0.00176189277623962
Master_mpagospesos_rank	0.000168437974373238	0.000538009574547353	0.000755096904102693
ccajas_transacciones	0.000165959555292619	0.00121249198691706	0.000755096904102693
Master_mlimitecompra_rank_lag2	0.000165448687799669	0.00138078766857875	0.00302038761641077
mpagomiscuentas_rank_delta2	0.00016365948927491	0.00145135204253112	0.000755096904102693
vm_Fvencimiento_lag2	0.000161811234038272	0.0012423536283481	0.00176189277623962
matm_rank_lag2	0.000161419380453623	0.00124123294125765	0.00100679587213692
thomebanking_delta2	0.000160900052372854	0.000915042954992543	0.000755096904102693
mcaja_ahorro_dolares_rank_tend6	0.000158533469505675	0.000907748760718047	0.000503397936068462
vmr_Visa_mlimitecompra	0.000157261428378239	0.00114762833028245	0.00151019380820539
rf_008_018	0.000152730613818226	0.00258252806372177	0.00125849484017116
rf_011_024	0.000152348418029481	0.00126341904350147	0.00100679587213692
Master_mfinanciacion_limite_rank_lag1	0.000151406664715459	0.00102440333690262	0.00201359174427385
Visa_fultimo_cierre_lag2	0.000150887186289473	0.00145674145787931	0.00125849484017116
Visa_cconsumos	0.000150841756645896	0.00117368041386087	0.00151019380820539
Visa_mpagospesos_rank_delta1	0.000150447648676374	0.00152210319766523	0.00251698968034231
ctrx_quarter_lag1	0.000150246463371666	0.000417059031182704	0.000755096904102693
Visa_mfinanciacion_limite_rank	0.00014867552167247	0.000821430561468104	0.00151019380820539
vm_msaldopesos_rank	0.000148376168874992	0.000578338744705199	0.00100679587213692
Visa_mconsumosdolares_rank_lag1	0.000148143342447525	0.00125708988533264	0.00201359174427385
Visa_Fvencimiento_lag2	0.000147988426577484	0.000877186689855473	0.00176189277623962
cmobile_app_trx_delta2	0.000147301692469695	0.00103925827776306	0.00151019380820539
Master_mconsumospesos_rank_delta1	0.000147058919456567	0.000717010152687643	0.00100679587213692
vm_mlimitecompra_rank_lag2	0.000146910688593369	0.00118917157812162	0.00151019380820539
Visa_mfinanciacion_limite_rank_tend6	0.000146840637837928	0.00154356357719249	0.00302038761641077
mttarjeta_visa_debitos_automaticos_rank	0.000146101995556462	0.00120372299956172	0.00125849484017116
ccuenta_debitos_automaticos_tend6	0.000143341265447529	0.00155196678473358	0.000755096904102693
vm_cconsumos_lag1	0.000142452976717361	0.00102950285229165	0.000503397936068462
Master_msaldototal_rank_lag2	0.0001412825713366	0.000653897569631864	0.00125849484017116
rf_010_013	0.000141268434125952	0.000602941328487809	0.000755096904102693
rf_002_015	0.000141111968787794	0.0014895079358139	0.00176189277623962
Master_mlimitecompra_rank_tend6	0.000139487888979976	0.00100357139822644	0.00201359174427385
vmr_msaldopesos2_lag1	0.000139128459979308	0.000664707530525196	0.00151019380820539
mautoservicio_rank	0.000138680493910218	0.0015296094664065	0.000755096904102693
rf_006_013	0.000138586475390066	0.00074491059171039	0.000755096904102693
Master_msaldopesos_rank_tend6	0.00013807425756699	0.00135513249501153	0.00125849484017116
Visa_msaldototal_rank_lag2	0.000136209848351678	0.000580768845705158	0.00100679587213692
ctarjeta_master	0.000135140868472301	0.00140096003620691	0.00125849484017116
vmr_Master_mlimitecompra	0.00013470000393374	0.001569415260128	0.00151019380820539
vm_mpagospesos_rank	0.000134669055033682	0.000508060379437371	0.000503397936068462
Visa_mconsumosdolares_rank_delta1	0.000133533935159601	0.00167534742909819	0.00176189277623962
cplazo_fijo_lag2	0.00013255272118479	0.0022840770285827	0.00100679587213692
mpayroll_sobre_edad_rank_delta2	0.000131896514693102	0.000242138454481096	0.000251698968034231
vm_fultimo_cierre_tend6	0.000131235049689029	0.00131774901974074	0.00151019380820539
rf_011_021	0.000129205609821784	0.000481241714758881	0.00100679587213692
Visa_Fvencimiento_lag1	0.000128349737741813	0.000765913746469843	0.00151019380820539
vmr_msaldototal	0.000128154473817186	0.000992333397124944	0.000755096904102693
cmobile_app_trx	0.000127857048929348	0.0018133378640222	0.00100679587213692
vmr_mconsumospesos_lag1	0.000126795449056338	0.000481161943629179	0.000755096904102693
ccajas_extracciones_tend6	0.000126758906838188	0.00282472488732216	0.00125849484017116
ccajas_consultas	0.000125548008214582	0.00171305777143702	0.000755096904102693
Visa_mfinanciacion_limite_rank_lag1	0.000125406466325118	0.000770556037091062	0.00125849484017116
rf_019_024	0.00012522344184988	0.000864575068813252	0.00100679587213692
vm_fultimo_cierre_lag2	0.000125046796930779	0.000667345814717305	0.00151019380820539
rf_020_025	0.000123711105430223	0.000737731190037173	0.00151019380820539
rf_002_017	0.000122933581852585	0.00115968739032868	0.00151019380820539
ccomisiones_otras_delta1	0.000122902170412888	0.00103054765952702	0.000755096904102693
ctarjeta_master_transacciones_tend6	0.000122363571169504	0.00102200631173693	0.000503397936068462
vm_mpagominimo_rank_delta1	0.000120072262463155	0.000485415106788434	0.000503397936068462
mpayroll_rank_lag2	0.000119977871055131	0.00161406179947633	0.000755096904102693
cmobile_app_trx_tend6	0.000119951643550244	0.00146002180238365	0.00100679587213692
Master_Fvencimiento_delta1	0.000116491358337726	0.000466517131598201	0.000503397936068462
Visa_mfinanciacion_limite_rank_lag2	0.00011624602588571	0.000800464373817538	0.00151019380820539
rf_019_021	0.000116031749439844	0.00122836255045322	0.000755096904102693
mcomisiones_mantenimiento_rank_delta1	0.000116008395551712	0.000950471064766964	0.00100679587213692
Master_mconsumototal_rank_lag2	0.000115707379832998	0.000302924055314336	0.000251698968034231
Visa_status_tend6	0.000114599214198467	0.000736696110988351	0.000503397936068462
vmr_mconsumototal	0.000114357734392217	0.000648327210013864	0.00125849484017116
Master_cconsumos_lag2	0.000114175588186925	0.00122026480796977	0.00100679587213692
vmr_msaldopesos_lag1	0.000113937339811113	0.00067002884856754	0.00125849484017116
Master_msaldopesos_rank_lag2	0.000113465325647745	0.000398709725713839	0.000755096904102693
Master_mconsumospesos_rank_tend6	0.000112872440277118	0.000710027260382717	0.00100679587213692
ctarjeta_visa_transacciones_delta1	0.000112703391956701	0.00108574149873185	0.000503397936068462
vm_cconsumos_lag2	0.000112181333067298	0.00116031583117975	0.000755096904102693
Visa_fechaalta_delta1	0.000109245347244934	0.000291604337445833	0.000503397936068462
vmr_msaldototal_lag1	0.000108057878673791	0.000323261802113833	0.000251698968034231
cproductos_lag2	0.000106535739269974	0.00123882618790541	0.000755096904102693
Master_mpagominimo_rank_tend6	0.000106389245112208	0.00053394708384446	0.000503397936068462
vmr_Visa_mlimitecompra_lag1	0.000106385207609263	0.000629244399279198	0.00100679587213692
ccuenta_debitos_automaticos_delta2	0.000106134694395951	0.00114203851429135	0.000503397936068462
Master_delinquency_delta2	0.000105546383645482	0.00106980672916447	0.000755096904102693
vmr_msaldopesos2_lag2	0.000102503048958205	0.00158092759609018	0.00100679587213692
vmr_mconsumototal_delta1	0.00010219008734013	0.000481401257018286	0.000503397936068462
Visa_mfinanciacion_limite_rank_delta1	9.95757617371959e-05	0.000593647019058823	0.00151019380820539
chomebanking_transacciones_tend6	9.90039040690777e-05	0.0017920876133244	0.00100679587213692
Master_Fvencimiento_delta2	9.87809647238871e-05	0.000555125345961796	0.000755096904102693
cextraccion_autoservicio_tend6	9.86071593062682e-05	0.000805342086553244	0.000755096904102693
vm_mfinanciacion_limite_rank_lag1	9.84431870211914e-05	0.000689006594887476	0.00100679587213692
Master_mconsumototal_rank_delta1	9.81281824536001e-05	0.000237688781953549	0.000251698968034231
vmr_Visa_mlimitecompra_tend6	9.61696618928578e-05	0.00218771350390218	0.00125849484017116
vm_mconsumospesos_rank_lag2	9.59675677731318e-05	0.000305846402553679	0.000755096904102693
mtransferencias_emitidas_rank_lag2	9.26332210760501e-05	0.000608628426344398	0.000503397936068462
Visa_madelantodolares_rank	9.21279373806494e-05	9.49373725324229e-05	0.000251698968034231
Master_madelantodolares_rank_delta2	9.12320385643644e-05	0.000534036583160711	0.000503397936068462
mtransferencias_recibidas_rank_lag1	9.0204035888688e-05	0.000361406021572756	0.000755096904102693
Visa_mlimitecompra_rank_delta1	8.93560534863599e-05	0.0013281484511617	0.00201359174427385
rf_016_019	8.8980982707188e-05	0.000657872506655816	0.000755096904102693
rf_005_019	8.82380195874975e-05	0.000964849324486497	0.00176189277623962
vm_mlimitecompra_rank_delta2	8.79872833356681e-05	0.000593765702934722	0.00125849484017116
vm_fechaalta_delta1	8.76045440826831e-05	0.000375188916275485	0.000251698968034231
ctarjeta_debito_transacciones_lag2	8.68161432864594e-05	0.00200505318198213	0.00100679587213692
rf_020_015	8.66244360774353e-05	0.000475120739782203	0.000503397936068462
Master_mpagominimo_rank_lag1	8.63718116840609e-05	0.00117766313343406	0.00100679587213692
ccomisiones_otras_tend6	8.62977942347008e-05	0.000727787037746708	0.000755096904102693
Master_fechaalta_delta2	8.49042162554836e-05	0.000749428361543781	0.00100679587213692
Master_mconsumospesos_rank_lag2	8.48458045602868e-05	0.000963014588503342	0.000755096904102693
vm_msaldopesos_rank_tend6	8.4487641791629e-05	0.000411953678881749	0.000755096904102693
tcallcenter_tend6	8.40888175838952e-05	0.000891652503253947	0.000503397936068462
mcomisiones_mantenimiento_rank_lag1	8.3245803788506e-05	0.00168085358268497	0.00100679587213692
Master_mpagosdolares_rank_lag2	8.27733580272599e-05	0.000296674668275211	0.000503397936068462
mttarjeta_visa_debitos_automaticos_rank_lag1	8.22598136754104e-05	0.000290929201299327	0.000251698968034231
rf_009_019	8.17607215054541e-05	0.000971384720210166	0.000503397936068462
vm_msaldototal_rank_delta2	8.08582313009845e-05	0.000231396590893608	0.000503397936068462
mttarjeta_visa_debitos_automaticos_rank_lag2	8.0720684865408e-05	0.000411778571523866	0.000503397936068462
ccaja_ahorro_lag2	7.9870346600144e-05	0.0022840770285827	0.00100679587213692
Master_mconsumototal_rank_delta2	7.98528391178297e-05	0.00104426634819853	0.00100679587213692
Master_mfinanciacion_limite_rank_delta1	7.92600974292803e-05	0.000934522675738411	0.00201359174427385
ccomisiones_otras_lag2	7.92123907089674e-05	0.00109388009959881	0.00100679587213692
Master_mconsumospesos_rank_delta2	7.91673355400207e-05	0.000331349816410734	0.000755096904102693
Master_fultimo_cierre_lag2	7.83927910984723e-05	0.000331015166793445	0.000755096904102693
Master_fultimo_cierre_lag1	7.80175619659199e-05	0.000750029563472513	0.000755096904102693
vm_mconsumototal_rank	7.66483668866876e-05	0.000361861300703252	0.000503397936068462
Visa_mconsumosdolares_rank_tend6	7.53323120637777e-05	0.000507990336494218	0.00125849484017116
vm_status02_delta1	7.52573412059525e-05	9.31493318447029e-05	0.000251698968034231
vm_mfinanciacion_limite_rank_delta2	7.39048388093636e-05	0.000708348175384347	0.000503397936068462
vm_mpagospesos_rank_lag2	7.36460006759482e-05	0.000616309802443548	0.000503397936068462
vm_msaldototal_rank_lag2	7.33008889828363e-05	0.000255847414966053	0.000251698968034231
mtransferencias_recibidas_rank_tend6	7.32663897142019e-05	0.000231822685464457	0.000503397936068462
cproductos_lag1	7.23906617516967e-05	0.000571019257145675	0.000251698968034231
mforex_sell_rank_tend6	7.18720746864022e-05	0.00171305777143702	0.000755096904102693
mcaja_ahorro_dolares_rank_lag1	7.15356869827555e-05	0.000489629357201494	0.000755096904102693
vmr_Master_mlimitecompra_lag2	7.10190286204794e-05	0.00123571900512163	0.00100679587213692
Master_fechaalta_delta1	7.05587842264564e-05	0.000267914257561525	0.000503397936068462
rf_014_023	7.04492503972855e-05	0.000683239725901184	0.000503397936068462
ctarjeta_debito_transacciones_tend6	6.9520093156266e-05	0.00124702315789166	0.000755096904102693
Visa_mpagominimo_rank_tend6	6.94557803121385e-05	0.000582907101108644	0.000503397936068462
rf_008_013	6.91548010888329e-05	0.000166071818216569	0.000251698968034231
vm_mpagospesos_rank_tend6	6.77971306250035e-05	0.00117876825542604	0.00100679587213692
vmr_mconsumospesos_lag2	6.7604726829698e-05	0.000248887870308844	0.000503397936068462
Visa_mpagosdolares_rank_delta1	6.72994919243724e-05	0.000459220991686395	0.00100679587213692
vm_msaldototal_rank_lag1	6.69797889695846e-05	0.000923691312834671	0.00100679587213692
ctrx_quarter_normalizado_lag1	6.65218699678063e-05	0.000384504627714879	0.000503397936068462
mcuenta_debitos_automaticos_rank_tend6	6.52851072066448e-05	0.00016049173041202	0.000251698968034231
vmr_Master_mlimitecompra_delta2	6.48877071132335e-05	0.000312498536515936	0.000251698968034231
rf_001_017	6.43979117519852e-05	0.00157612770884686	0.000755096904102693
rf_018_019	6.40116903609715e-05	0.000276101499361227	0.000251698968034231
Master_madelantopesos_rank_tend6	6.35368517703123e-05	0.000696343593182788	0.00125849484017116
vm_mlimitecompra_rank	6.3333689763189e-05	0.000489574879356819	0.000755096904102693
rf_001_013	6.24110778944037e-05	0.000338103123513101	0.000503397936068462
Visa_mconsumospesos_rank_delta1	6.22017971543091e-05	0.000701812779660678	0.00176189277623962
Visa_cadelantosefectivo_lag1	6.2021624279574e-05	0.000123349514167651	0.000251698968034231
vmr_msaldodolares_tend6	6.09115442228371e-05	0.00110033572419277	0.000503397936068462
ctransferencias_emitidas_tend6	6.01179031619338e-05	0.00105761731141848	0.000755096904102693
mcuenta_debitos_automaticos_rank_delta2	5.97778024471287e-05	0.00114203851429135	0.000503397936068462
vm_msaldopesos_rank_lag1	5.87704831477125e-05	0.00109608450667083	0.000755096904102693
Visa_mpagosdolares_rank_lag2	5.86403976431046e-05	0.000338721836177623	0.000503397936068462
Master_mpagosdolares_rank_tend6	5.86397950721698e-05	0.000600910083136362	0.00100679587213692
vm_fultimo_cierre	5.81924910773985e-05	0.000263783669552788	0.000503397936068462
Master_madelantodolares_rank_tend6	5.80525034163232e-05	0.000485103804818864	0.00100679587213692
vmr_msaldopesos_lag2	5.79262872184288e-05	0.000726944576791558	0.000755096904102693
ctarjeta_debito_lag2	5.75401991149952e-05	0.000879085631869852	0.000503397936068462
rf_010_017	5.73426780286701e-05	0.000401713789720193	0.000503397936068462
vm_mpagado_rank_delta2	5.68688565491872e-05	0.00171305777143702	0.000755096904102693
mautoservicio_rank_lag2	5.64639439552079e-05	0.000433110538988678	0.00100679587213692
Visa_fultimo_cierre	5.62326328805851e-05	0.000870419763291936	0.00100679587213692
tcallcenter_lag1	5.56919748201168e-05	0.000237502000771807	0.000251698968034231
mextraccion_autoservicio_rank_lag2	5.55456758334508e-05	0.00011484513348645	0.000251698968034231
Visa_madelantopesos_rank_lag2	5.52487174521431e-05	9.49334812578032e-05	0.000251698968034231
rf_007_021	5.52078076856115e-05	0.000845056435321188	0.000503397936068462
Master_msaldototal_rank_tend6	5.51955785501425e-05	0.000975355765959498	0.000755096904102693
rf_003_023	5.50094805267785e-05	0.000654664150731931	0.000503397936068462
vm_mlimitecompra_rank_delta1	5.41378924130392e-05	0.000237461142388301	0.000503397936068462
rf_009_025	5.40542266883165e-05	0.00084945163000406	0.00100679587213692
Visa_mpagado_rank	5.31145357615814e-05	0.000690047510848227	0.000503397936068462
vmr_Visa_mlimitecompra_delta2	5.27558334955758e-05	0.000231511383494887	0.000251698968034231
Master_msaldototal_rank_delta2	5.23002311588792e-05	0.000746649991465365	0.000503397936068462
Master_fultimo_cierre_delta2	5.18029558255794e-05	0.000215535755543996	0.000503397936068462
rf_013_019	5.16529057455894e-05	0.0015736956622096	0.000755096904102693
vm_mconsumospesos_rank_lag1	5.15867157680429e-05	0.00026344707429819	0.000503397936068462
Master_mconsumospesos_rank_lag1	5.12313472782953e-05	0.000518309996785477	0.000503397936068462
mtarjeta_master_consumo_rank_delta1	5.02410840288538e-05	0.00114203851429135	0.000503397936068462
vm_mfinanciacion_limite_rank	5.01447349594981e-05	0.000366596981915342	0.00100679587213692
Visa_mpagosdolares_rank_delta2	4.96306729282082e-05	0.000279613374705443	0.000503397936068462
cforex_sell_tend6	4.88746419728521e-05	0.00114203851429135	0.000503397936068462
vmr_mpagado	4.8819125315629e-05	0.00168268637303081	0.000755096904102693
vm_status02_tend6	4.8015947845725e-05	0.000344041208582657	0.000503397936068462
ctarjeta_visa_transacciones_lag2	4.79744763672488e-05	0.000292440961489053	0.000755096904102693
vm_Fvencimiento	4.76376360411949e-05	0.000804801199381115	0.00100679587213692
Visa_msaldodolares_rank_tend6	4.76090890944014e-05	0.000109342871174293	0.000251698968034231
vmr_msaldopesos2_delta1	4.70609439214755e-05	0.000382101765637258	0.000503397936068462
Master_delinquency_lag1	4.70401685133148e-05	0.000276251313434083	0.000503397936068462
Visa_mconsumosdolares_rank_delta2	4.57746251554055e-05	0.000383107660126432	0.000503397936068462
Master_msaldopesos_rank_delta2	4.56588188761881e-05	0.000369315037237154	0.000251698968034231
rf_001_019	4.52305087582621e-05	0.000250697313006972	0.000251698968034231
rf_019_015	4.39539533074302e-05	0.000928561243021138	0.000503397936068462
vmr_Master_mlimitecompra_lag1	4.3655512895173e-05	0.000291415610626781	0.000755096904102693
Visa_mpagado_rank_lag1	4.28904231446447e-05	8.74213756046075e-05	0.000251698968034231
mplazo_fijo_dolares_rank_lag2	4.27779569887129e-05	0.000571019257145675	0.000251698968034231
mtransferencias_emitidas_rank_lag1	4.15608097164144e-05	0.000164194278212598	0.000251698968034231
Visa_fultimo_cierre_delta2	4.10779056404056e-05	0.000108696919587435	0.000251698968034231
ccajas_depositos_tend6	4.08580810990201e-05	0.00114203851429135	0.000503397936068462
vm_mlimitecompra_rank_tend6	4.06764878785102e-05	0.000829701465672128	0.000755096904102693
vmr_Visa_mlimitecompra_lag2	3.9996330084715e-05	0.000759919237918303	0.000755096904102693
matm_other_rank_tend6	3.98095473757464e-05	0.00111166711588514	0.000503397936068462
mtarjeta_visa_consumo_rank_lag1	3.7764638215432e-05	0.000417033737897676	0.000503397936068462
vmr_msaldopesos_delta1	3.75439028755829e-05	0.000364637725144358	0.000251698968034231
vm_mpagado_rank	3.73126044950153e-05	0.000521438581579659	0.000251698968034231
rf_019_023	3.7272576965323e-05	0.00019234959572293	0.000251698968034231
ctrx_quarter	3.71399558231804e-05	0.000974330415097226	0.000503397936068462
vm_cconsumos_tend6	3.66603426809932e-05	0.000325528469579767	0.000251698968034231
Master_mpagominimo_rank_lag2	3.60931310370936e-05	0.00029016456583657	0.000251698968034231
rf_018_024	3.53413541770006e-05	0.00114203851429135	0.000503397936068462
tcallcenter_lag2	3.50638906910311e-05	0.000100492167051945	0.000251698968034231
ctransferencias_recibidas_tend6	3.50058455366794e-05	0.000778585682268668	0.000503397936068462
Visa_mpagosdolares_rank_tend6	3.48548005601097e-05	0.000112658237150218	0.000251698968034231
thomebanking_delta1	3.43999535197e-05	0.000380877959769384	0.000251698968034231
Master_msaldopesos_rank_lag1	3.39082651574637e-05	0.000168935796336617	0.000503397936068462
vm_mlimitecompra_rank_lag1	3.38347094543629e-05	8.7952534590187e-05	0.000251698968034231
rf_016_015	3.35574332057083e-05	0.000363962588997853	0.000251698968034231
vmr_mconsumototal_lag1	3.34074021668011e-05	0.000362756293865767	0.000251698968034231
rf_019_020	3.2881136784842e-05	0.00078529423971291	0.000503397936068462
Master_mpagosdolares_rank_delta2	3.25956332016335e-05	8.29016601339073e-05	0.000251698968034231
mextraccion_autoservicio_rank_delta2	3.24958325393196e-05	0.00049334941573786	0.000251698968034231
vmr_mconsumospesos	3.24501006185528e-05	0.000266314943692857	0.000503397936068462
rf_015_023	3.24273734993986e-05	0.000482521944108739	0.000251698968034231
rf_019_016	3.24039339263939e-05	0.000354565160791446	0.000503397936068462
vmr_mpagominimo_tend6	3.22407708873387e-05	0.000208947827612962	0.000251698968034231
rf_018_021	3.20087981350865e-05	0.000609112890034542	0.000503397936068462
mtarjeta_master_consumo_rank_delta2	3.13212246328945e-05	0.000904812794017536	0.000503397936068462
ctarjeta_debito_lag1	3.12933500743396e-05	0.00114203851429135	0.000503397936068462
rf_002_026	3.12025463236785e-05	0.000441007880829217	0.000755096904102693
vm_mpagominimo_rank_delta2	3.10520158530354e-05	0.000654911246670278	0.000755096904102693
vm_status05	3.10042493132268e-05	0.00023536569100563	0.000251698968034231
vm_msaldopesos_rank_delta2	3.07705557231108e-05	0.000182685615205079	0.000503397936068462
vmr_mpagospesos_lag2	3.06960003631597e-05	0.000241832989423455	0.000503397936068462
vm_cconsumos_delta1	3.06915661709879e-05	0.000571019257145675	0.000251698968034231
ctransferencias_recibidas_delta2	3.03223659212971e-05	0.000540647858739462	0.000251698968034231
rf_013_021	2.94740634651426e-05	0.000275480841059396	0.000251698968034231
vm_mfinanciacion_limite_rank_delta1	2.80992725885115e-05	0.000371807398631027	0.000503397936068462
mextraccion_autoservicio_rank_tend6	2.80715639452255e-05	0.000164112561445585	0.000251698968034231
vmr_msaldopesos2	2.74150020199901e-05	0.000391777419978968	0.000251698968034231
vmr_mpagospesos_tend6	2.69227630531077e-05	0.000177510219960971	0.000503397936068462
vmr_mpagospesos_lag1	2.62318454607378e-05	0.000240467152031965	0.000503397936068462
mpagomiscuentas_rank_delta1	2.57957784816804e-05	0.000530462447422581	0.000251698968034231
vm_status05_delta2	2.57339187637284e-05	0.000542529290018054	0.000251698968034231
Master_mpagado_rank_tend6	2.51562535653369e-05	0.000266449192667235	0.000251698968034231
Master_fultimo_cierre	2.48227093300645e-05	0.000112594031118994	0.000251698968034231
cpagomiscuentas_delta2	2.48224379946337e-05	0.000571019257145675	0.000251698968034231
vmr_mconsumototal_lag2	2.43509966505086e-05	0.000236143945929556	0.000503397936068462
mautoservicio_rank_lag1	2.40629812311191e-05	0.000105578062979801	0.000251698968034231
rf_014_017	2.39483475652547e-05	0.000413163865288454	0.000251698968034231
Visa_fultimo_cierre_delta1	2.37710925381238e-05	0.000113706935660208	0.000251698968034231
vmr_mpagado_delta2	2.37425245668013e-05	0.000571019257145675	0.000251698968034231
Master_mconsumosdolares_rank_delta1	2.36992013430166e-05	0.000183154513796745	0.000503397936068462
vm_mconsumosdolares_rank	2.27806103162293e-05	0.00039648975354334	0.000251698968034231
mcaja_ahorro_dolares_rank_lag2	2.25915022150161e-05	0.00011011139791167	0.000251698968034231
vm_mconsumosdolares_rank_delta1	2.24893896478912e-05	0.000512654029125844	0.000251698968034231
Master_cadelantosefectivo_lag1	2.24406571698165e-05	0.00011263683513981	0.000251698968034231
rf_019_017	2.2342473412789e-05	0.000417424810996949	0.000251698968034231
rf_014_024	2.21953889814549e-05	0.000441243302943704	0.000251698968034231
catm_trx_tend6	2.2026626277281e-05	0.000495721147618524	0.000251698968034231
mpayroll_rank_lag1	2.18627428505908e-05	0.000571019257145675	0.000251698968034231
Master_madelantopesos_rank_lag2	2.18542045116836e-05	0.000199198239053479	0.000251698968034231
Master_fultimo_cierre_delta1	2.11738888355763e-05	0.000347883842269541	0.000251698968034231
cmobile_app_trx_lag1	2.09840873215954e-05	9.11822925244799e-05	0.000251698968034231
Master_msaldopesos_rank_delta1	2.09034975251336e-05	0.000243967353552322	0.000251698968034231
matm_rank_tend6	2.0673790661742e-05	0.000179926701499762	0.000251698968034231
mtransferencias_emitidas_rank_delta1	2.05977437503e-05	0.000571019257145675	0.000251698968034231
Master_mpagospesos_rank_delta2	2.04703351045913e-05	0.000395176448359215	0.000251698968034231
vmr_mconsumosdolares_delta1	2.01338775836407e-05	0.000571019257145675	0.000251698968034231
Master_delinquency_delta1	1.99737817456834e-05	0.000174494482130758	0.000251698968034231
cpagomiscuentas_delta1	1.99298698350869e-05	0.000571019257145675	0.000251698968034231
vm_msaldototal_rank_delta1	1.94859745908374e-05	0.000136669347190645	0.000251698968034231
cmobile_app_trx_delta1	1.83739356827009e-05	0.000527995379313736	0.000251698968034231
Visa_madelantodolares_rank_tend6	1.81038379222857e-05	0.00017836435473998	0.000251698968034231
rf_012_023	1.79899389248684e-05	0.000240930213711701	0.000251698968034231
vmr_Visa_mlimitecompra_delta1	1.77279923346756e-05	0.00043361251341461	0.000251698968034231
active_quarter_lag1	1.74346200239738e-05	0.000312817621034746	0.000251698968034231
rf_009_021	1.73515596470105e-05	0.000423685871859934	0.000251698968034231
Visa_cadelantosefectivo_tend6	1.73293260092539e-05	0.000112905333088564	0.000251698968034231
vm_msaldopesos_rank_delta1	1.73086902357008e-05	0.000216732322489532	0.000251698968034231
Master_mpagosdolares_rank	1.72208172250438e-05	0.00012388845570247	0.000251698968034231
Master_delinquency_tend6	1.71124163403033e-05	0.000211247570913164	0.000251698968034231
mpayroll_sobre_edad_rank_lag2	1.70565656707516e-05	0.000571019257145675	0.000251698968034231
ctransferencias_recibidas_lag2	1.70388765047716e-05	0.000571019257145675	0.000251698968034231
vm_status04_delta2	1.69469493302217e-05	0.000571019257145675	0.000251698968034231
vm_cconsumos	1.68045029893217e-05	0.000571019257145675	0.000251698968034231
mextraccion_autoservicio_rank_delta1	1.6745938965462e-05	0.000540647858739462	0.000251698968034231
vmr_mconsumospesos_tend6	1.66026770315127e-05	0.000571019257145675	0.000251698968034231
ctarjeta_debito	1.61296235423719e-05	0.000571019257145675	0.000251698968034231
vm_mpagado_rank_lag2	1.56728406585377e-05	0.000100091365766123	0.000251698968034231
Visa_delinquency_lag2	1.56168075119419e-05	0.000145683484847018	0.000251698968034231
Visa_madelantodolares_rank_lag2	1.55733129184115e-05	0.000120962217188508	0.000251698968034231
vm_mconsumototal_rank_tend6	1.54092263868374e-05	8.2378283697567e-05	0.000251698968034231
ccajas_transacciones_lag1	1.53695669847471e-05	0.00039206537430082	0.000251698968034231
rf_015_019	1.5272298786454e-05	0.00022243303980729	0.000251698968034231
Master_mconsumototal_rank_tend6	1.52675845316884e-05	0.000200692488507417	0.000251698968034231
mtarjeta_visa_descuentos_rank_delta1	1.52359112771023e-05	0.000493205438576934	0.000251698968034231
Visa_madelantopesos_rank_tend6	1.47168101025705e-05	8.66956528880465e-05	0.000251698968034231
rf_005_015	1.46563086485294e-05	0.00044896359178905	0.000251698968034231
vm_mfinanciacion_limite_rank_lag2	1.38241149484772e-05	7.90298418873754e-05	0.000251698968034231
mtarjeta_master_consumo_rank_tend6	1.36322807989007e-05	0.000571019257145675	0.000251698968034231
vm_mconsumototal_rank_lag2	1.35297493279528e-05	9.67818367021275e-05	0.000251698968034231
rf_003_028	1.33678096784716e-05	0.000474535102951949	0.000251698968034231
Visa_mpagado_rank_lag2	1.32192106876714e-05	0.000231209809711865	0.000251698968034231
rf_016_017	1.30167611343986e-05	0.00014250431348278	0.000251698968034231
vmr_msaldototal_delta2	1.27067992802522e-05	0.000207480817081362	0.000251698968034231
Visa_fechaalta_delta2	1.24752446384445e-05	0.000429653141489136	0.000251698968034231
vm_mpagominimo_rank_tend6	1.21346877310292e-05	0.000150092298991058	0.000251698968034231
Visa_fultimo_cierre_lag1	1.19306918831522e-05	0.000249014336733982	0.000251698968034231
ctarjeta_visa_transacciones_lag1	1.19091500714062e-05	0.000302754784868383	0.000251698968034231
rf_020_023	1.17840049344229e-05	0.000278325362806345	0.000251698968034231
vm_mconsumototal_rank_lag1	1.09504402764045e-05	0.0001457593647021	0.000251698968034231
Master_mpagominimo_rank_delta2	1.08668277080382e-05	9.444123501842e-05	0.000251698968034231
vmr_msaldopesos2_delta2	1.06704728880385e-05	0.000112121241252709	0.000251698968034231
Master_status_lag1	1.02764581404846e-05	0.000108276661928514	0.000251698968034231
Master_cadelantosefectivo_lag2	1.02752379244245e-05	0.0001122185231182	0.000251698968034231
vm_msaldopesos_rank_lag2	1.00159459785341e-05	0.000121205421852235	0.000251698968034231
Master_madelantodolares_rank_lag1	9.86039659579964e-06	0.000205801732082991	0.000503397936068462
vm_fultimo_cierre_delta2	9.40296274494509e-06	8.98475853299468e-05	0.000251698968034231
Master_mconsumospesos_rank	8.96638245002885e-06	0.000113605762520098	0.000251698968034231
rf_006_018	8.39373854386407e-06	0.000237651814844663	0.000251698968034231
vmr_msaldopesos	6.35589283191353e-06	0.000152150783264843	0.000251698968034231
Visa_madelantopesos_rank_delta1	5.91230462512515e-06	8.51371974028847e-05	0.000251698968034231
vmr_mconsumototal_tend6	5.73672918017847e-06	9.44762564899967e-05	0.000251698968034231
vm_mpagospesos_rank_lag1	5.72622008919486e-06	8.06680685022397e-05	0.000251698968034231
Master_cadelantosefectivo_tend6	5.10956946370852e-06	8.0506580605525e-05	0.000251698968034231
Master_msaldototal_rank_lag1	4.63063108989529e-06	8.68941078936477e-05	0.000251698968034231
Master_madelantopesos_rank	4.42325346636394e-06	8.18043206911716e-05	0.000251698968034231
Master_mconsumosdolares_rank_tend6	2.37975790810758e-06	8.35651224565542e-05	0.000251698968034231
