Feature	Gain	Cover	Frequency
rf_013_016	0.238369603020565	0.00536359950795141	0.00376190476190476
Visa_status	0.0506520346613724	0.00072019140288325	0.000476190476190476
ctrx_quarter_normalizado	0.0454977779921007	0.00187735474882542	0.000523809523809524
rf_006_013	0.0291431083659459	0.00245319913764312	0.00195238095238095
cdescubierto_preacordado_delta1	0.0173467462266095	0.000783014945480471	0.000142857142857143
mpasivos_margen_rank	0.0169160121746879	0.00452899271399683	0.00285714285714286
rf_017_021	0.014811450954663	0.00118980304355819	0.000285714285714286
vm_status06_delta2	0.0129935110302596	0.000578578427467575	9.52380952380952e-05
mcomisiones_mantenimiento_rank_tend6	0.009039597868081	0.00201913980216183	0.00128571428571429
mcuentas_saldo_rank	0.00823850410394033	0.00611635483587896	0.00266666666666667
vm_status02_delta2	0.00745869512308849	0.000755067848529849	0.000333333333333333
mpayroll_sobre_edad_rank	0.00682892994542602	0.00148853932189374	0.000333333333333333
rf_016_013	0.00629546961069134	0.000949042187925092	0.000380952380952381
rf_003_019	0.00605716882781497	0.00119339906144614	0.000476190476190476
rf_009_026	0.00602619426848892	0.00106230045764332	0.000666666666666667
rf_018_027	0.0057781096287668	0.00199015202457584	0.00376190476190476
ctrx_quarter_delta2	0.00575941029644692	0.00287621157399701	0.00257142857142857
mprestamos_personales_rank_lag2	0.00543812446143396	0.00138244156020304	0.000714285714285714
Visa_msaldototal_rank	0.00508072960478183	0.00172621403486361	0.00257142857142857
mprestamos_personales_rank	0.00507850692143107	0.00523394442462767	0.0010952380952381
cproductos_delta2	0.0050027565110962	0.00154163363978821	0.000238095238095238
rf_016_022	0.00468453680226767	0.00066609627768223	0.000142857142857143
mprestamos_personales_rank_delta1	0.00441183686778669	0.00588100708269026	0.00142857142857143
cdescubierto_preacordado	0.00433359629458601	0.00232884813433977	0.00138095238095238
rf_016_015	0.0042928584194171	0.00109949419279534	0.000761904761904762
mcuentas_saldo_rank_tend6	0.00417657932846642	0.0028596775219574	0.00242857142857143
rf_007_020	0.00413099417365565	0.00117022868331309	0.000428571428571429
rf_003_021	0.00411767183334333	0.00123286372176772	0.000952380952380952
rf_011_016	0.00399716635143288	0.000415319135872758	0.000714285714285714
thomebanking	0.00357660224877578	0.00181494398128673	0.00428571428571429
mrentabilidad_rank_delta2	0.00345063516432689	0.00250293945948274	0.00433333333333333
mrentabilidad_annual_rank_lag1	0.00329019722764478	0.00308220898049343	0.00376190476190476
Visa_cconsumos_tend6	0.00327486976338636	0.00221647171428927	0.0039047619047619
rf_014_023	0.00310447753683163	0.000822159426945679	0.001
Visa_mpagominimo_rank	0.0030826139013242	0.00208765317605366	0.00285714285714286
foto_mes	0.00298924393165087	0.00466667558336742	0.0020952380952381
mrentabilidad_annual_rank_delta1	0.00297865014656901	0.00361074280360873	0.00638095238095238
rf_013_015	0.00290106040817812	0.00188889006311353	0.000666666666666667
rf_019_021	0.00287887307766527	0.000715872498764744	0.000523809523809524
rf_011_021	0.00286044926069444	0.00149532971005171	0.00338095238095238
mprestamos_personales_rank_lag1	0.00276067235248757	0.00264709955904008	0.000904761904761905
Visa_Finiciomora	0.00267884796455675	0.00220723315672927	0.000476190476190476
mprestamos_personales_rank_tend6	0.0026546709323886	0.00197571708472413	0.000666666666666667
ccaja_ahorro	0.00259500348408693	0.00127849682579934	0.000238095238095238
rf_019_016	0.00247430650764514	0.000723439953191446	0.00119047619047619
mcuentas_saldo_rank_delta2	0.0024492524163664	0.00320061687075893	0.00404761904761905
mprestamos_personales_rank_delta2	0.00242173588854342	0.00314103962648788	0.001
cdescubierto_preacordado_delta2	0.00233986829399961	0.00215604957934963	0.000476190476190476
mcomisiones_otras_rank_lag2	0.00233536737622932	0.00222856538765046	0.00490476190476191
cdescubierto_preacordado_lag1	0.00231354662765196	0.00221165485720381	0.00128571428571429
vm_Finiciomora	0.00229430557360163	0.00293332263300982	0.000666666666666667
rf_017_020	0.00228423655745101	0.000665982221416058	0.00128571428571429
mcuenta_corriente_rank	0.00226697561077314	0.00262163070207501	0.00180952380952381
mrentabilidad_annual_rank_delta2	0.00222212964864977	0.00272795458925508	0.0060952380952381
mcuenta_debitos_automaticos_rank	0.00218790285489407	0.00153514250030071	0.000666666666666667
ctarjeta_visa_transacciones_tend6	0.00217588656683721	0.00247879993426104	0.002
Visa_msaldopesos_rank	0.00212786286273932	0.00129980494726589	0.00242857142857143
rf_012_027	0.00208565652425117	0.00135865095972594	0.00385714285714286
mcuentas_saldo_rank_lag2	0.00201448719928874	0.0032344168689968	0.00304761904761905
vm_mconsumototal_rank_tend6	0.00195477854801782	0.000592248355777882	0.00114285714285714
mcomisiones_rank_tend6	0.001951030246977	0.00187185183203902	0.0030952380952381
ccomisiones_mantenimiento_tend6	0.00193417806168054	0.00371305856018997	0.000666666666666667
mactivos_margen_rank	0.00192036636031451	0.00407998869590863	0.00252380952380952
mactivos_margen_rank_delta2	0.00190554588983249	0.00322806018608324	0.00576190476190476
Visa_delinquency_tend6	0.00188300392434498	0.00124616843158112	0.000523809523809524
rf_013_024	0.00186762251508135	0.00141986407023505	0.00395238095238095
ctrx_quarter_delta1	0.00183727958129647	0.00259676948284854	0.001
mcomisiones_rank_lag2	0.00183631116179884	0.00224974196687275	0.004
ccomisiones_mantenimiento_delta1	0.00179597432502963	0.000736621201401972	9.52380952380952e-05
mcomisiones_rank_delta2	0.00179314572999523	0.00318772758539469	0.00614285714285714
rf_006_014	0.00176009591353217	0.00101285209864998	0.00142857142857143
mttarjeta_visa_debitos_automaticos_rank_tend6	0.0017575705603376	0.00149260799106822	0.00114285714285714
mcomisiones_otras_rank_lag1	0.00173797658872856	0.0015579435533814	0.00319047619047619
rf_010_015	0.00169727805539192	0.000661062435505031	0.00114285714285714
tcallcenter	0.00168846827275585	0.00139905072246671	0.00123809523809524
thomebanking_lag1	0.00166999470840303	0.00201335366551821	0.0040952380952381
internet_lag1	0.0016571921747767	0.00110992192933493	0.000190476190476191
rf_010_020	0.00164575601455169	0.000727984717860271	0.00080952380952381
Visa_mconsumototal_rank_tend6	0.00162009244158193	0.00205937212341544	0.00423809523809524
mcomisiones_otras_rank_delta1	0.00161329364146497	0.0024799893781797	0.00328571428571429
vm_fechaalta_lag2	0.00161321418806665	0.00288979062820906	0.00371428571428571
Master_fechaalta_lag2	0.00159494592922901	0.00253201824363651	0.00528571428571429
mactivos_margen_rank_delta1	0.00157319790789379	0.0028163279277008	0.00490476190476191
Visa_delinquency	0.00157075424661428	0.00132437950242732	0.000857142857142857
tcallcenter_delta2	0.00154809886115001	0.00121281671023609	0.000666666666666667
mrentabilidad_rank_lag2	0.00154620763937587	0.00254038859589048	0.00419047619047619
Visa_fechaalta_tend6	0.00153575945430526	0.000761575546708719	0.000857142857142857
tcallcenter_tend6	0.00152543497829625	0.00163709118381162	0.000476190476190476
Visa_cadelantosefectivo	0.00150762860818622	9.73249670016179e-05	0.000380952380952381
Visa_mpagospesos_rank_tend6	0.00150275647550352	0.00239843477637159	0.00495238095238095
rf_003_015	0.00149450526016299	0.000768535760805413	0.000380952380952381
rf_009_016	0.00148186635862619	0.00074313671528317	0.000142857142857143
mrentabilidad_annual_rank_lag2	0.00147914338187572	0.00243128549795046	0.00342857142857143
cliente_vip_delta1	0.00146935566497022	0.00134007051837178	0.000666666666666667
ctarjeta_visa_transacciones_delta2	0.00146820443570391	0.00129546113887556	0.000761904761904762
Visa_fechaalta_lag1	0.00145822180828116	0.00129993622457109	0.00280952380952381
mcuenta_corriente_rank_tend6	0.00143669225901167	0.00467669001497037	0.00214285714285714
vm_status06	0.00143420354015461	0.00089232694787084	0.000761904761904762
ccaja_seguridad_lag2	0.00143144572944322	0.00125304677950767	0.000190476190476191
Visa_mpagospesos_rank_delta2	0.00140911921265518	0.00235649571768085	0.00519047619047619
Master_Fvencimiento_tend6	0.00140815048074463	0.0012067788814836	0.00161904761904762
chomebanking_transacciones	0.00140329369418485	0.00224924772305267	0.003
rf_015_019	0.00137687797806143	0.00061471028685926	0.000904761904761905
mactivos_margen_rank_lag1	0.00137012131271311	0.00226528170261282	0.00171428571428571
rf_001_022	0.00136379735698267	0.00142879702058708	0.00419047619047619
mrentabilidad_rank_delta1	0.00134626120793958	0.00192674508616419	0.00466666666666667
rf_013_017	0.00133921347144242	0.00097455966120803	0.000285714285714286
mcuenta_corriente_rank_lag2	0.00133456839729066	0.00204682381462393	0.00247619047619048
Visa_mconsumototal_rank	0.00133341676493953	0.00157992620969969	0.00352380952380952
chomebanking_transacciones_delta1	0.00131765469004777	0.00272349566484233	0.00285714285714286
rf_004_022	0.00131286814448726	0.001187131795466	0.00295238095238095
Master_Fvencimiento_lag1	0.00130557917690738	0.0021987357661951	0.00419047619047619
mcomisiones_mantenimiento_rank_delta2	0.00128484279035415	0.00190942244300667	0.00133333333333333
Visa_fechaalta	0.00128452515900932	0.00223572218653113	0.00347619047619048
Visa_mpagominimo_rank_lag1	0.00128265367000706	0.00187532173893348	0.00271428571428571
mcuentas_saldo_rank_delta1	0.0012817043507158	0.00139179483637687	0.002
Master_mlimitecompra_rank_delta2	0.00128012149328641	0.00232039962506253	0.00552380952380952
cliente_vip_lag1	0.00125792341456682	0.00130464313194584	0.000238095238095238
mrentabilidad_rank	0.00124531982636373	0.0021643262756452	0.00328571428571429
rf_014_015	0.00123185273270614	0.000721914566542224	0.000666666666666667
Master_fechaalta_lag1	0.00122282999814901	0.00262207738933347	0.00338095238095238
Master_fechaalta	0.00122252702554087	0.00231984643230116	0.00466666666666667
mcomisiones_otras_rank_tend6	0.00120345665059129	0.00215716854947781	0.00371428571428571
rf_010_010	0.0012017052137588	0.00102895681693968	0.000333333333333333
thomebanking_lag2	0.00119439573786581	0.00183808601094015	0.00504761904761905
cliente_edad_lag1	0.00118667743838444	0.00257472642042412	0.00219047619047619
ccajas_consultas_tend6	0.00118123955019644	0.00310126048349975	0.000619047619047619
vm_mpagominimo_rank_lag2	0.0011767145023209	0.00133305268002911	0.00138095238095238
rf_009_025	0.00116722042450903	0.00113798069810017	0.00180952380952381
rf_016_014	0.00116688306720578	0.00144955340645711	0.000714285714285714
Master_Fvencimiento	0.00116108395505209	0.00221695840734609	0.00404761904761905
Master_Fvencimiento_lag2	0.00115666657082778	0.00210716514314967	0.0040952380952381
chomebanking_transacciones_delta2	0.00114416360270527	0.00285466765676531	0.00404761904761905
Visa_mconsumospesos_rank_tend6	0.00114237079170051	0.00180013256302797	0.00438095238095238
Visa_mlimitecompra_rank_tend6	0.0011379363957881	0.00300837059639531	0.00338095238095238
mrentabilidad_rank_lag1	0.00113693665343899	0.00219819979447275	0.00323809523809524
mcomisiones_otras_rank_delta2	0.00113412463544454	0.00200832671175662	0.00466666666666667
Master_fultimo_cierre_tend6	0.00112623196752109	0.00290917502714674	0.00304761904761905
internet	0.00110269147901296	0.00162063555373435	0.000238095238095238
mcomisiones_otras_rank	0.001092753562342	0.00130064957299542	0.00295238095238095
ctrx_quarter_normalizado_delta2	0.00108516174823674	0.00166561545050872	0.00214285714285714
ctrx_quarter_tend6	0.00107483317512358	0.00166174137907524	0.0020952380952381
mcuenta_corriente_rank_lag1	0.00107482000909007	0.00273971205494665	0.00185714285714286
Master_mfinanciacion_limite_rank_lag1	0.00106335268835586	0.00145315207373568	0.00347619047619048
vm_Finiciomora_tend6	0.00106153309861966	0.00179605210406523	0.000428571428571429
Visa_mfinanciacion_limite_rank_tend6	0.00105816950990724	0.00267713874729345	0.00357142857142857
mplazo_fijo_dolares_rank	0.00104926907388281	0.00321415419706873	0.000476190476190476
Master_status	0.00103689883039136	0.00199425632805416	0.000619047619047619
Master_mlimitecompra_rank_tend6	0.00103146169456918	0.00202111770472888	0.00380952380952381
cliente_edad_lag2	0.00102920823882447	0.00260430686669171	0.00242857142857143
rf_019_017	0.0010274023406864	0.00083122338966385	0.000619047619047619
mrentabilidad_annual_rank	0.00102053174651228	0.00234386262838952	0.00276190476190476
vm_Fvencimiento	0.00101972605052332	0.00207285036831442	0.003
Visa_mconsumospesos_rank_lag1	0.00101282715901831	0.00136197726964882	0.004
mactivos_margen_rank_tend6	0.00101004314240658	0.00253618123111706	0.00266666666666667
mpasivos_margen_rank_delta1	0.0010058011937792	0.0022071379111365	0.00404761904761905
rf_014_030	0.00100213104336167	0.000693524359010477	0.000476190476190476
chomebanking_transacciones_lag2	0.00100118102079289	0.00151671360408999	0.00347619047619048
Visa_mpagominimo_rank_lag2	0.00100042958047985	0.0010384947556397	0.00252380952380952
mcomisiones_rank_delta1	0.000992518393503874	0.00184995302893383	0.00333333333333333
vm_fultimo_cierre_tend6	0.000988013025049784	0.00221591057335604	0.00219047619047619
Visa_msaldototal_rank_tend6	0.00097376563421085	0.000887630638058575	0.00233333333333333
Master_mlimitecompra_rank_lag2	0.000969079177630539	0.00216272511642426	0.00342857142857143
Master_mfinanciacion_limite_rank_tend6	0.000967881901311518	0.00276483635866164	0.00385714285714286
Visa_mconsumospesos_rank_lag2	0.000964146391241994	0.00173232511926673	0.00304761904761905
rf_015_025	0.000964022683709845	0.00151624956332297	0.00371428571428571
rf_009_021	0.000949184654201561	0.00124384186920854	0.000952380952380952
mpasivos_margen_rank_lag2	0.000941787722734427	0.00228773674527859	0.00280952380952381
vm_Finiciomora_lag1	0.000940182220267925	0.00211067187657374	0.000571428571428571
vmr_mpagominimo	0.000938769042962634	0.00077375612008223	0.002
vm_fechaalta_lag1	0.000936477207379607	0.00184832431605045	0.00285714285714286
Visa_msaldototal_rank_lag2	0.000924197272635285	0.00185671546602078	0.00280952380952381
mcomisiones_rank_lag1	0.000921798043665411	0.00151465608733482	0.00319047619047619
Visa_cconsumos_lag1	0.000916257811151206	0.00139006385701557	0.002
mpasivos_margen_rank_lag1	0.000915494860073589	0.00125547481354098	0.0019047619047619
rf_012_016	0.000914163501239864	0.000381257775250273	0.000857142857142857
Visa_Fvencimiento_lag2	0.000911878146046756	0.00131839837063409	0.00276190476190476
Master_mfinanciacion_limite_rank_lag2	0.000910435046684172	0.00152072544383568	0.00328571428571429
Visa_Fvencimiento	0.000907811722519742	0.00181878771719761	0.0029047619047619
vm_fechaalta	0.000905838160537084	0.00176020545157374	0.00252380952380952
Visa_mfinanciacion_limite_rank_delta2	0.000905092795912804	0.00289470644003416	0.00357142857142857
mrentabilidad_rank_tend6	0.000903485595469151	0.00182088576962926	0.00219047619047619
Visa_Fvencimiento_lag1	0.000895068661088585	0.00186656881467405	0.00328571428571429
Master_mfinanciacion_limite_rank_delta2	0.000894624774746443	0.00234547981642371	0.00357142857142857
rf_013_021	0.000892166325284059	0.000600017031422141	0.000904761904761905
Visa_msaldopesos_rank_delta2	0.000887587687055896	0.00070067519676225	0.00195238095238095
Master_mlimitecompra_rank_lag1	0.000885728543498793	0.00162304928105832	0.00338095238095238
Visa_mconsumototal_rank_lag2	0.000883961165008892	0.00149724588181732	0.00357142857142857
vm_Fvencimiento_lag1	0.000882781012753977	0.00219188576674818	0.003
Visa_mfinanciacion_limite_rank_lag1	0.000877831911426986	0.00133538493859152	0.00266666666666667
Visa_mconsumototal_rank_delta1	0.000875803394218665	0.0017173025445756	0.00338095238095238
Visa_mfinanciacion_limite_rank	0.000873977068846462	0.001067270052098	0.00257142857142857
Visa_mconsumototal_rank_lag1	0.000868874034453767	0.00121145677803106	0.00352380952380952
Master_mfinanciacion_limite_rank	0.00086706059772593	0.00211965185360927	0.00338095238095238
Visa_mconsumospesos_rank	0.000864340424188848	0.00119421547116556	0.00266666666666667
mtransferencias_recibidas_rank	0.000857408644409938	0.00452180875886231	0.00176190476190476
Visa_fechaalta_lag2	0.000856939698798772	0.00120129755723076	0.00261904761904762
Visa_delinquency_lag2	0.000853907955208845	0.000176220110505794	0.000428571428571429
rf_006_019	0.000851867146252946	0.00138716595355587	0.00328571428571429
mpasivos_margen_rank_delta2	0.00084766990309673	0.00129041020812887	0.00347619047619048
Visa_mconsumototal_rank_delta2	0.000846314828910982	0.00121537575663554	0.00323809523809524
rf_003_018	0.000845263390649184	0.00110124239319566	0.00247619047619048
numero_de_cliente	0.000842880931259622	0.00316849711605201	0.00242857142857143
rf_002_026	0.000840133328745928	0.00161949870021949	0.0010952380952381
cliente_antiguedad_lag2	0.000831266969985445	0.00234581787866677	0.00228571428571429
mcaja_ahorro_rank_tend6	0.000830627489798927	0.00252405258579969	0.00242857142857143
mrentabilidad_annual_rank_tend6	0.000829750777901197	0.00323885287618069	0.00271428571428571
Visa_mconsumosdolares_rank	0.000826020343399008	0.00113892441103887	0.00233333333333333
Visa_mlimitecompra_rank_lag2	0.000822083763696931	0.00225119952912211	0.00266666666666667
Visa_mlimitecompra_rank_delta2	0.000821242090964645	0.00134640640356897	0.00333333333333333
Visa_mpagominimo_rank_tend6	0.000819530409639372	0.00146241169395111	0.00214285714285714
rf_017_018	0.000802397688688738	0.000918117043448533	0.00180952380952381
rf_004_025	0.000797675399897008	0.000120658547596837	0.000238095238095238
vm_Fvencimiento_tend6	0.000795267234379672	0.00100697018653546	0.00142857142857143
vmr_mpagominimo_delta2	0.000795113728886086	0.00126511925774391	0.00128571428571429
rf_014_025	0.000794797618407799	0.000963379895141064	0.00261904761904762
Visa_mlimitecompra_rank_delta1	0.000793774115852094	0.00140599225835953	0.00304761904761905
Visa_msaldopesos_rank_tend6	0.000793054449916821	0.00198273611529258	0.00219047619047619
Visa_mfinanciacion_limite_rank_delta1	0.000791607433453104	0.00122343586524796	0.00338095238095238
vm_Fvencimiento_lag2	0.000790204978475867	0.00104763594809443	0.00252380952380952
Master_mpagominimo_rank_tend6	0.000788566194206267	0.00206700872693731	0.00128571428571429
rf_009_015	0.0007863620168845	0.000925490165073288	0.0019047619047619
vmr_Visa_mlimitecompra_lag2	0.000775094710658122	0.00184407668053961	0.00238095238095238
cliente_edad	0.000768751976959363	0.00179711133043494	0.00176190476190476
Visa_mlimitecompra_rank	0.000764664171772963	0.0012282834552646	0.00276190476190476
Visa_status_delta2	0.000763950908239658	0.00088794922728058	0.000333333333333333
rf_008_019	0.000761767942600901	0.000403390519547168	0.00119047619047619
Master_mfinanciacion_limite_rank_delta1	0.000760994410401874	0.00134485041645809	0.00361904761904762
Visa_mlimitecompra_rank_lag1	0.000757836298428926	0.0011796614412055	0.00233333333333333
Master_mlimitecompra_rank	0.000756499798399965	0.00127362154965072	0.00323809523809524
mcomisiones_mantenimiento_rank	0.000752455255611906	0.00143649601725805	0.0019047619047619
ctrx_quarter_normalizado_lag1	0.000749723028044995	0.000622346360503009	0.000904761904761905
Visa_mfinanciacion_limite_rank_lag2	0.000744747031914187	0.00128711502854577	0.0029047619047619
mactivos_margen_rank_lag2	0.000744577462548331	0.00156499768837555	0.00285714285714286
mcomisiones_rank	0.00073780359384354	0.0016557777332601	0.00271428571428571
Master_mlimitecompra_rank_delta1	0.000735997225384801	0.00113386897632812	0.00371428571428571
chomebanking_transacciones_lag1	0.000731817265761139	0.00189427031311424	0.00276190476190476
Visa_mpagominimo_rank_delta2	0.000726465297933562	0.00108294477429014	0.00247619047619048
rf_013_026	0.000723669526423574	0.00130245500023313	0.0010952380952381
Visa_cconsumos_lag2	0.000722228842497846	0.0010148692121982	0.00238095238095238
ctrx_quarter_normalizado_lag2	0.000721308047692947	0.00144916129664541	0.00171428571428571
internet_tend6	0.000715654959062165	0.00101481542956862	0.000333333333333333
Visa_mpagospesos_rank_delta1	0.000710623030189944	0.00138992131980023	0.00333333333333333
mcaja_ahorro_dolares_rank	0.000709440635249536	0.00330526263392057	0.000904761904761905
vmr_Master_mlimitecompra_lag1	0.000707986743740599	0.00146968996739168	0.00252380952380952
Master_delinquency_delta2	0.000705672094659992	0.00113707420909968	0.000333333333333333
rf_019_024	0.000703591781000572	0.000590828282405788	0.00147619047619048
rf_020_025	0.000700441298008699	0.000795103849938545	0.00247619047619048
Visa_mpagospesos_rank_lag2	0.000695634165058588	0.00148606267154255	0.00280952380952381
mtransferencias_recibidas_rank_tend6	0.000694249138041301	0.00162167080311895	0.00185714285714286
ctrx_quarter_normalizado_tend6	0.000689686020871605	0.00231714007978326	0.00147619047619048
chomebanking_transacciones_tend6	0.000689417832107443	0.00221168929928187	0.00171428571428571
thomebanking_delta2	0.0006850685349099	0.00137974991180308	0.000857142857142857
mplazo_fijo_dolares_rank_tend6	0.000683869551312561	0.00118009620620618	0.000238095238095238
ctarjeta_visa_transacciones_lag2	0.000682042339644252	0.0010185582236969	0.001
rf_017_022	0.000681985518181284	0.000957665556983227	0.000333333333333333
vmr_Master_mlimitecompra	0.000673788409749175	0.00127010011210871	0.0019047619047619
Visa_mconsumospesos_rank_delta2	0.000671722622540632	0.00117813287528754	0.0029047619047619
Visa_mpagospesos_rank	0.000669077022408065	0.000972207664685499	0.00271428571428571
rf_002_015	0.000655298488036903	0.0011292339999087	0.00271428571428571
Master_mpagospesos_rank_tend6	0.00064823245264848	0.00226074409129867	0.0020952380952381
Visa_mpagospesos_rank_lag1	0.000646265880643789	0.000749269259750309	0.00242857142857143
ccaja_seguridad_lag1	0.000643660996393194	0.000368310600700986	4.76190476190476e-05
vmr_msaldopesos2_lag2	0.000643513870005349	0.00111139419570223	0.00104761904761905
Visa_delinquency_lag1	0.000642383750466544	0.000924062540937928	0.000619047619047619
vm_msaldototal_rank	0.000642316785188568	0.00122371140187239	0.00104761904761905
cprestamos_personales_delta2	0.000641453250282184	0.00157917378276373	0.000238095238095238
mcaja_ahorro_rank	0.000636732895674861	0.00293208351301705	0.00119047619047619
mcaja_ahorro_dolares_rank_delta2	0.000635972440298277	0.00273212287551687	0.00119047619047619
rf_016_020	0.000635665975282927	0.000717026705788164	0.00223809523809524
Visa_msaldototal_rank_delta1	0.000635047425701344	0.0012788348880424	0.0020952380952381
ccajas_transacciones	0.000634045653420095	0.00100516528917587	0.000666666666666667
rf_010_019	0.00063329721541007	0.000880668171979855	0.00204761904761905
Visa_msaldototal_rank_delta2	0.000631869538637029	0.00169316288688437	0.00214285714285714
Visa_cconsumos	0.00063146386997458	0.00143076472300025	0.0019047619047619
vmr_msaldototal	0.000618326470368864	0.000722312372543754	0.0010952380952381
mcuentas_saldo_rank_lag1	0.000609072283946958	0.00223771452827705	0.00128571428571429
internet_lag2	0.000597886646507255	0.000920430093928956	0.000238095238095238
Visa_mconsumosdolares_rank_lag1	0.000597391032016407	0.00150769494595141	0.00214285714285714
rf_005_019	0.000592267672096045	0.000883942686316123	0.00266666666666667
mcomisiones_mantenimiento_rank_lag2	0.000588371484305169	0.0015709553730618	0.00138095238095238
mtarjeta_visa_consumo_rank	0.000586767336279032	0.000739972945474801	0.000761904761904762
Visa_mpagominimo_rank_delta1	0.00058581804553012	0.00130749202167907	0.00195238095238095
vmr_mpagominimo_tend6	0.000584331300872994	0.00114429393100757	0.00128571428571429
Visa_fultimo_cierre	0.000580332927168083	0.000418167628197398	0.000952380952380952
Master_msaldopesos_rank	0.000579085079769758	0.00114449104566966	0.00133333333333333
rf_006_020	0.000568515962344259	0.00063186509112103	0.000190476190476191
Visa_msaldopesos_rank_lag2	0.000567222875459663	0.00116841742741601	0.00152380952380952
rf_004_019	0.000567093159301082	0.000939633936895907	0.00223809523809524
ctrx_quarter	0.000563579352916549	0.00242826863685195	0.000714285714285714
cliente_antiguedad	0.000560630751444005	0.00107748941406537	0.00133333333333333
mtransferencias_emitidas_rank	0.000558887925607339	0.00298202161186642	0.00133333333333333
vmr_mpagominimo_lag2	0.000556055064554911	0.00103811443561625	0.00114285714285714
Visa_fultimo_cierre_tend6	0.000554890450618135	0.00135919567443733	0.00204761904761905
mcuenta_corriente_rank_delta2	0.000554618207758249	0.00231099945467474	0.00114285714285714
Visa_msaldototal_rank_lag1	0.000547596128490067	0.00105055464927048	0.00161904761904762
vm_mfinanciacion_limite_rank	0.000546135279319032	0.000774923574058748	0.00138095238095238
mautoservicio_rank_delta2	0.000536861726851341	0.00162575139455123	0.00147619047619048
mcaja_ahorro_rank_delta2	0.000534246866293352	0.00228145888173597	0.00166666666666667
ctrx_quarter_lag2	0.000533970453912326	0.00200329419427473	0.00171428571428571
Visa_msaldopesos_rank_delta1	0.000533512119556615	0.000871331189558337	0.00176190476190476
Visa_mconsumosdolares_rank_tend6	0.000526060719550856	0.000997199631339044	0.00219047619047619
mcaja_ahorro_rank_lag1	0.000523728387924713	0.00232187970713216	0.00123809523809524
Visa_fultimo_cierre_lag2	0.000523508536682281	0.000585218860116486	0.00142857142857143
vmr_Master_mlimitecompra_lag2	0.000518879596117882	0.00105801135916929	0.0019047619047619
Visa_mconsumosdolares_rank_lag2	0.000517069254832222	0.00115503376576215	0.00171428571428571
vmr_Visa_mlimitecompra	0.000516766633399947	0.00089173957797048	0.00171428571428571
mtarjeta_visa_consumo_rank_lag2	0.00051657060189185	0.00151658418135822	0.00157142857142857
rf_010_017	0.000514625167550643	0.00101557474492019	0.00142857142857143
mtarjeta_visa_consumo_rank_delta2	0.000513011371605665	0.000916168549117364	0.00123809523809524
vm_mlimitecompra_rank_delta2	0.000512839456429741	0.00134177023492377	0.00195238095238095
vmr_msaldototal_tend6	0.000511888193411314	0.00186737343460522	0.00119047619047619
vm_msaldototal_rank_tend6	0.000510895171914072	0.00110761046848888	0.00104761904761905
rf_017_013	0.000510610664519151	0.000729387570193338	0.000285714285714286
Master_mconsumototal_rank_tend6	0.000508431677310753	0.00209058022281017	0.00166666666666667
cliente_antiguedad_lag1	0.000507356785259745	0.000794423353957906	0.00123809523809524
mcaja_ahorro_rank_delta1	0.000507035561917422	0.0021931297881136	0.00133333333333333
Master_mconsumototal_rank_lag2	0.00050333975785494	0.00136240554364248	0.00142857142857143
Visa_mconsumosdolares_rank_delta2	0.00050097769770939	0.00106955078001286	0.00161904761904762
ccaja_ahorro_delta2	0.000499549459054958	0.00107846597944774	0.000142857142857143
vm_mlimitecompra_rank_tend6	0.000499346977886523	0.00225437376402343	0.00161904761904762
vm_status03	0.000498984932191486	0.000298717202723088	0.000619047619047619
vmr_msaldopesos2_tend6	0.000496065574971347	0.00167966066500029	0.00152380952380952
mpagomiscuentas_rank_delta2	0.000493241100214154	0.00103257787156899	0.000761904761904762
rf_010_013	0.000493168455572651	0.00120135822827595	0.00147619047619048
rf_011_024	0.000491045487414857	0.000542224946550561	0.00142857142857143
vmr_Visa_mlimitecompra_lag1	0.000486521320887067	0.000738655006111092	0.00152380952380952
mtransferencias_recibidas_rank_lag2	0.000482217023316152	0.00166115533387019	0.00161904761904762
ccomisiones_otras_tend6	0.000481080494526732	0.00116141932703346	0.00133333333333333
Master_fultimo_cierre	0.000481068753314937	0.000841020571235988	0.00161904761904762
cdescubierto_preacordado_tend6	0.00048016228448539	0.000827208503118941	0.000142857142857143
ctarjeta_visa_descuentos_delta2	0.000478606167291541	0.000144195203983048	9.52380952380952e-05
rf_008_022	0.000477461590340551	0.000642504911379726	0.0019047619047619
Visa_mconsumospesos_rank_delta1	0.00047695200985749	0.000737184859256288	0.00233333333333333
mttarjeta_visa_debitos_automaticos_rank_delta1	0.000473009616237844	0.000592843143971977	0.000714285714285714
vm_mfinanciacion_limite_rank_tend6	0.00047291931207092	0.001891654437286	0.00142857142857143
vm_mpagospesos_rank_tend6	0.00046996189746732	0.000705652739388783	0.00128571428571429
Master_msaldototal_rank_lag1	0.000469269316132711	0.0011130523168215	0.00128571428571429
Visa_cconsumos_delta2	0.000467500644683262	0.000659826097372405	0.00133333333333333
Master_mconsumospesos_rank_tend6	0.000466373905203402	0.00181516560281205	0.00142857142857143
vm_fultimo_cierre_lag1	0.000466079871757656	0.00140698286551219	0.00138095238095238
vm_fultimo_cierre	0.000463123357818785	0.000729735965059812	0.00147619047619048
rf_020_016	0.000462150195015126	0.000947172645434387	0.000857142857142857
mpayroll_sobre_edad_rank_tend6	0.000460708133550076	0.000694539737965431	0.000380952380952381
tcallcenter_lag2	0.000459220097341028	0.00123579990892187	0.00114285714285714
vm_msaldopesos_rank_tend6	0.000458156789064149	0.00101321996653751	0.00133333333333333
cprestamos_personales_tend6	0.0004580430751505	0.00282838543688003	0.000476190476190476
rf_004_021	0.00045773545745443	0.00105864721291799	0.000666666666666667
vm_mlimitecompra_rank_delta1	0.000454430278203144	0.0019016900640139	0.00161904761904762
vm_fultimo_cierre_lag2	0.000452456044159798	0.000948436139820864	0.00138095238095238
Master_msaldototal_rank	0.000449457200061473	0.00143401817468109	0.00119047619047619
Master_mpagominimo_rank	0.000446708688870404	0.000908079959555791	0.00138095238095238
vm_status01_tend6	0.000444530549356646	0.000393045973873025	0.000333333333333333
mcaja_ahorro_dolares_rank_tend6	0.000441242583001558	0.00195109311842765	0.000857142857142857
rf_015_015	0.000439561151488277	0.000906428196974015	0.00176190476190476
vmr_msaldototal_lag2	0.000437087270146012	0.00100103025276636	0.00142857142857143
mttarjeta_visa_debitos_automaticos_rank_delta2	0.000430482202588533	0.00104447641731105	0.000857142857142857
vm_mfinanciacion_limite_rank_delta2	0.000429860612605019	0.00147927691981816	0.00185714285714286
rf_007_025	0.000429254552948654	9.09013869749193e-05	0.000190476190476191
Visa_madelantopesos_rank	0.000427186661900782	0.000288817622203502	0.000714285714285714
vm_fultimo_cierre_delta1	0.00042703388646753	0.000431175473791872	0.000857142857142857
rf_007_015	0.000423037420465368	0.0011667432774835	0.00157142857142857
Master_cconsumos_tend6	0.000422912076347555	0.000713294111813771	0.00104761904761905
Master_msaldopesos_rank_lag1	0.000419764827995928	0.00176272038561938	0.00123809523809524
vm_mfinanciacion_limite_rank_delta1	0.00041750233584887	0.00117327574746466	0.00133333333333333
rf_018_025	0.000414018278648792	0.00105688099666144	0.000904761904761905
vm_mpagominimo_rank_delta2	0.000413422448239567	0.000839999363621672	0.0010952380952381
vm_mpagominimo_rank	0.000413373486337807	0.00163883209838774	0.000857142857142857
mcaja_ahorro_dolares_rank_delta1	0.000412225179435108	0.000733175801370742	0.000428571428571429
mtransferencias_emitidas_rank_lag1	0.000411037013689557	0.00110264868973654	0.00119047619047619
cproductos_tend6	0.000408819232107507	0.00119035438174612	0.000238095238095238
rf_003_023	0.000406391147758432	0.000582827255204192	0.000761904761904762
Master_mpagospesos_rank_lag1	0.000405970387688591	0.00101789746567638	0.00123809523809524
mpasivos_margen_rank_tend6	0.000405804144773091	0.000674079686436206	0.00138095238095238
rf_019_026	0.000401803525188458	0.000556884024848688	0.000238095238095238
mtransferencias_emitidas_rank_lag2	0.000399919947695216	0.00201591191710047	0.00128571428571429
mpayroll_rank_delta2	0.000394778321248183	0.00194959038406822	0.000523809523809524
vm_fechaalta_tend6	0.000393133253115051	0.000748406485695043	0.000619047619047619
ctransferencias_recibidas_tend6	0.00039267946015388	0.00203753650827653	0.00104761904761905
ctarjeta_visa_transacciones	0.0003876583906801	0.00155661475151615	0.000523809523809524
mtransferencias_recibidas_rank_delta2	0.000387516420105157	0.000915616813520837	0.00114285714285714
vm_status01_delta2	0.000387156951147158	0.000351820528545669	0.000190476190476191
vm_mconsumototal_rank	0.00038639915337037	8.08325103947427e-05	0.000333333333333333
Master_fultimo_cierre_delta2	0.000385237785551414	0.000769101935580817	0.00142857142857143
rf_006_018	0.000383551836291727	0.000991951585930252	0.000904761904761905
Master_fultimo_cierre_lag2	0.000383391118247275	0.00083361870372301	0.00142857142857143
Visa_msaldopesos_rank_lag1	0.000382413898489326	0.000848172998622133	0.00128571428571429
Master_mconsumospesos_rank_lag1	0.000380700532813392	0.000772964084756508	0.00147619047619048
mpagomiscuentas_rank	0.000379761092508364	0.00131063274178905	0.000619047619047619
vmr_mpagominimo_delta1	0.000378684721019713	0.000961965120550209	0.001
vm_mfinanciacion_limite_rank_lag1	0.000378557754102859	0.000665871741827221	0.00114285714285714
vm_msaldototal_rank_delta2	0.000375483033971154	0.0011338453967516	0.00114285714285714
Visa_Finiciomora_lag1	0.000374387187594666	0.00175855329158337	0.000333333333333333
mtransferencias_recibidas_rank_lag1	0.000374364227877124	0.0015369303090908	0.00119047619047619
Master_fechaalta_tend6	0.000373199410094301	0.000715343680397077	0.00128571428571429
Visa_mconsumosdolares_rank_delta1	0.00037304294797763	0.000900244916676512	0.00128571428571429
rf_005_022	0.000372697369255584	0.000787628329366343	0.00166666666666667
Master_msaldopesos_rank_tend6	0.000370996618310628	0.000597359825100235	0.0010952380952381
vmr_msaldototal_delta2	0.00037070582630505	0.0018555272143279	0.0010952380952381
ccajas_transacciones_delta1	0.000370673877589699	0.00108472238292635	0.000476190476190476
Master_delinquency	0.000368879420773902	0.000110566886257333	0.000285714285714286
mcomisiones_mantenimiento_rank_lag1	0.000368556754418991	0.00138435163837022	0.001
Master_fultimo_cierre_lag1	0.000368399190195339	0.000627789798469995	0.00133333333333333
Master_mpagospesos_rank_lag2	0.000366488929897736	0.00115234768108249	0.00123809523809524
rf_018_019	0.000366472279532603	0.000691196207003523	0.000714285714285714
rf_017_016	0.000365740567466454	0.000656824602739485	0.00133333333333333
mttarjeta_visa_debitos_automaticos_rank_lag2	0.000365500293418502	0.000732399132510612	0.00114285714285714
vmr_msaldopesos2_lag1	0.000364621445089463	0.00133821276566933	0.00123809523809524
cmobile_app_trx_lag2	0.000364378338982589	0.00230199523571504	0.000904761904761905
vmr_mconsumototal_tend6	0.000364214464865133	0.00103517665882773	0.00119047619047619
mextraccion_autoservicio_rank_lag2	0.000363730631237851	0.000890850442478549	0.000952380952380952
rf_002_024	0.00036257488751682	0.000615944240540329	0.00152380952380952
mautoservicio_rank_lag2	0.00036163762180062	0.00142036334789731	0.00119047619047619
mcuenta_debitos_automaticos_rank_delta2	0.00035818113745829	0.0024914989933788	0.000904761904761905
Master_mpagominimo_rank_lag1	0.000357631690481324	0.000656469186987868	0.0010952380952381
mtransferencias_emitidas_rank_tend6	0.000355301740516771	0.00128371466815507	0.00104761904761905
thomebanking_tend6	0.000354472204696897	0.0023742914095335	0.000619047619047619
rf_007_026	0.000353938345573006	0.000795860515899497	0.00142857142857143
Visa_mpagosdolares_rank_lag2	0.000353613564347842	0.000521022403300199	0.00080952380952381
mtransferencias_emitidas_rank_delta1	0.000350485194483316	0.0012545118925203	0.000761904761904762
Visa_madelantopesos_rank_tend6	0.000348268707571623	0.000197649044184599	0.000666666666666667
vmr_msaldopesos_tend6	0.000348033506827973	0.00143414931951676	0.00128571428571429
mpayroll_rank_tend6	0.000347225452565691	0.00176058709629249	0.000571428571428571
mplazo_fijo_dolares_rank_delta1	0.000346618354210527	0.0014119543145403	0.000285714285714286
rf_011_017	0.000345702329455979	0.000921190204097713	0.001
Master_msaldopesos_rank_lag2	0.000345210788702666	0.000632976510485943	0.00119047619047619
vmr_msaldopesos2_delta2	0.000344076874547935	0.00109658900351144	0.000904761904761905
vm_mlimitecompra_rank	0.000343210532010372	0.00062588250216296	0.00114285714285714
mv_status07_rank_tend6	0.000339673305836236	0.000177750266058131	9.52380952380952e-05
cplazo_fijo_tend6	0.000337491651326244	0.000736621201401972	9.52380952380952e-05
mpagomiscuentas_rank_tend6	0.000335948965925885	0.00251099095757564	0.000761904761904762
vmr_mconsumospesos_tend6	0.000335791988401172	0.00124237993546466	0.001
vm_mfinanciacion_limite_rank_lag2	0.000332624832555632	0.000824012278275481	0.00114285714285714
tcallcenter_lag1	0.000331963347920385	0.00123694577036484	0.000857142857142857
ccaja_seguridad	0.000330638958529514	0.00184155300350493	0.000238095238095238
Visa_fultimo_cierre_lag1	0.000329339823266556	0.000453555803642168	0.00104761904761905
cmobile_app_trx_tend6	0.000328320498266293	0.00242828877222066	0.00080952380952381
rf_017_015	0.000324779571549026	0.000560721402222085	0.000714285714285714
vm_status01	0.000324695909475881	0.000684713413096476	0.000761904761904762
vmr_mconsumospesos_lag2	0.00032299798196001	0.000446945971454913	0.000952380952380952
mtarjeta_visa_consumo_rank_delta1	0.000321488938758576	0.00129902006529484	0.000666666666666667
Master_cadelantosefectivo	0.000320936013513612	0.0002102559045088	0.000666666666666667
vm_mlimitecompra_rank_lag1	0.000320851174750909	0.000414721035940388	0.001
Visa_mpagosdolares_rank_tend6	0.000320762176515358	0.000503216246354606	0.00123809523809524
vmr_mconsumospesos_lag1	0.000320304066037309	0.00038813585823776	0.000952380952380952
rf_007_018	0.000319992433572448	0.000715755395699359	0.000857142857142857
rf_014_017	0.000319075416809006	0.00050995444151738	0.000428571428571429
rf_002_017	0.000319011114284906	0.000353643176822407	0.00123809523809524
mtarjeta_visa_consumo_rank_tend6	0.000314963724105618	0.000706127642657342	0.000714285714285714
mttarjeta_visa_debitos_automaticos_rank	0.000314897639092607	0.00103688644306408	0.000904761904761905
vmr_mpagominimo_lag1	0.000314847740750736	0.000386008927448363	0.00104761904761905
Master_fechaalta_delta2	0.000314358511884025	0.000277531085694568	0.000619047619047619
Master_mpagominimo_rank_lag2	0.000311163828147991	0.000473095059461558	0.00123809523809524
mcuenta_debitos_automaticos_rank_tend6	0.000310725523068601	0.00151106841502732	0.000571428571428571
Master_msaldototal_rank_delta2	0.000310265663018457	0.000711913911770501	0.000761904761904762
Master_mconsumosdolares_rank_tend6	0.000310241554828865	0.000808152231209499	0.00133333333333333
Visa_delinquency_delta2	0.000309528727226817	0.000438368171915435	0.000333333333333333
rf_008_018	0.000305049504756872	0.000575508048678545	0.000714285714285714
cpagomiscuentas_tend6	0.000305034790420273	0.000954769905505558	0.000238095238095238
cprestamos_personales_delta1	0.000304904192432095	0.000736621201401972	9.52380952380952e-05
mcuenta_corriente_rank_delta1	0.000301653575055932	0.00118308326166022	0.00080952380952381
rf_003_009	0.000300087487704937	0.00179356353145626	0.000476190476190476
cdescubierto_preacordado_lag2	0.000300053481861817	0.00103989244166105	0.000857142857142857
ctarjeta_debito_transacciones_tend6	0.000298664497030493	0.00184160731601263	0.000666666666666667
active_quarter_lag2	0.000297507596716486	0.000497444019011731	0.000714285714285714
mcaja_ahorro_dolares_rank_lag2	0.000295818008069648	0.000794529197113159	0.000904761904761905
ccomisiones_otras_lag2	0.000295181865253079	0.00112464154620872	0.000904761904761905
vm_msaldototal_rank_delta1	0.000294914010340146	0.000793789089843579	0.000857142857142857
vm_mpagominimo_rank_delta1	0.000294816799878682	0.00125383431086934	0.000904761904761905
rf_003_028	0.000292779444981628	0.000285946610058596	0.000523809523809524
vm_mpagominimo_rank_lag1	0.000290753290551039	0.000620042582889755	0.000714285714285714
Master_mconsumospesos_rank	0.000290707155142659	0.000387738847053416	0.000857142857142857
ctarjeta_visa_descuentos_lag1	0.00029018502780217	5.0908570633322e-05	4.76190476190476e-05
tcuentas_lag1	0.000290021656445771	0.000889139598485956	0.000190476190476191
Master_madelantopesos_rank_tend6	0.000288099202205628	0.000458330535416772	0.00147619047619048
ccheques_depositados_delta2	0.000287579756735672	1.07563934459571e-05	4.76190476190476e-05
vmr_mconsumototal_lag1	0.000286717456383144	0.000340243221416235	0.000619047619047619
vmr_mpagospesos	0.000284770427048944	0.000624714915716912	0.00080952380952381
Visa_Fvencimiento_tend6	0.000282401296717758	0.000628114083881831	0.000904761904761905
rf_015_029	0.000281679823513924	0.000461536960414116	0.00104761904761905
Visa_madelantopesos_rank_delta2	0.000281347320878022	0.000143080207940798	0.000523809523809524
matm_rank_lag2	0.000280625769974478	0.00130744274301355	0.000904761904761905
ccallcenter_transacciones_delta2	0.000280533424357285	0.000964120002410644	0.000238095238095238
Master_msaldopesos_rank_delta2	0.000280098405069141	0.00154869015923393	0.000857142857142857
ccajas_transacciones_lag1	0.00027906573767053	0.000570058782052196	0.000714285714285714
vm_mpagospesos_rank_delta2	0.000278391216320397	0.000424871248812586	0.000857142857142857
vmr_msaldopesos_delta2	0.000278170113416028	0.000374107732315686	0.000857142857142857
vmr_mpagospesos_tend6	0.000277288742749322	0.00183980215371398	0.001
vmr_msaldopesos2_delta1	0.000276893267991747	0.000671141777178155	0.000761904761904762
rf_007_016	0.000275606793575794	0.000619999795231249	0.000285714285714286
vm_mconsumototal_rank_delta2	0.000274869051841896	0.000589340384633833	0.000761904761904762
rf_001_013	0.00027475788828852	0.00050251852933494	0.000904761904761905
rf_018_017	0.000272074001470053	0.000185436943062714	0.000190476190476191
mprestamos_prendarios_rank_lag1	0.000271289278430565	0.00107353347646174	0.000142857142857143
rf_018_021	0.000271137872510115	0.000441004580520977	0.000857142857142857
Visa_mpagado_rank_lag1	0.0002705428407668	0.000459145487971354	0.000476190476190476
active_quarter	0.000269743303774032	0.000485341072783373	0.000571428571428571
rf_020_015	0.000268330461354035	0.000470682391893839	0.000904761904761905
Master_mpagospesos_rank_delta2	0.000265953633338747	0.000712778010521077	0.000857142857142857
Master_msaldototal_rank_tend6	0.000265861985299489	0.000878603766809079	0.000857142857142857
mextraccion_autoservicio_rank_tend6	0.000264438923767266	0.00129497616792265	0.000714285714285714
Visa_cconsumos_delta1	0.000264202757737981	0.00076873287546751	0.000761904761904762
vmr_mconsumototal_lag2	0.000263551187724596	0.000519989140958564	0.000952380952380952
vm_mconsumospesos_rank_lag2	0.000263126793984735	0.000366047491233742	0.000666666666666667
Master_cadelantosefectivo_tend6	0.000262377897954537	0.000469792329115192	0.00147619047619048
mcaja_ahorro_rank_lag2	0.000261919288396918	0.00170261617755409	0.00080952380952381
rf_012_025	0.000261605414426805	0.000554394789892063	0.000285714285714286
vm_mconsumospesos_rank_delta2	0.000259520207227879	0.000386909720259019	0.00080952380952381
Master_mpagominimo_rank_delta1	0.000259116507597404	0.000702051687658652	0.000904761904761905
Visa_mpagado_rank_delta2	0.000259018341855283	0.00169921727432823	0.000619047619047619
vm_msaldopesos_rank_delta1	0.00025897018801805	0.000482958475799186	0.000857142857142857
Master_madelantodolares_rank_tend6	0.000258291757752677	0.000424709371045729	0.00138095238095238
Master_mpagosdolares_rank_lag2	0.000258002786783335	0.000329810980912583	0.000952380952380952
vm_mpagominimo_rank_tend6	0.000256723601796339	0.000428295188779798	0.000761904761904762
vm_Finiciomora_delta1	0.000256509343813972	0.00124758214641573	0.000238095238095238
vmr_mpagospesos_lag2	0.000255131107709122	0.000497535158049044	0.00080952380952381
vm_fultimo_cierre_delta2	0.000254908016932233	0.000231054548159207	0.000571428571428571
rf_020_023	0.000253667112903179	0.000568573533670861	0.00080952380952381
ccajas_transacciones_lag2	0.000251793311011375	0.000517594356777527	0.00080952380952381
mcaja_ahorro_dolares_rank_lag1	0.000250502293381796	0.00127186129452308	0.000857142857142857
Visa_status_lag2	0.000249475283517665	0.000996933102642714	0.000285714285714286
mttarjeta_visa_debitos_automaticos_rank_lag1	0.000248385798489162	0.00126174327174691	0.000857142857142857
Master_msaldototal_rank_lag2	0.000246742378708915	0.000373471878566987	0.000952380952380952
vmr_Master_mlimitecompra_tend6	0.000245877736758027	0.000956224288486176	0.000666666666666667
ctarjeta_visa_debitos_automaticos_tend6	0.000245709630230988	0.00155413770375637	0.000476190476190476
vmr_mconsumototal	0.000245536692901297	0.000645161057945384	0.00080952380952381
vmr_msaldototal_lag1	0.000244121517891753	0.000349345997706982	0.00080952380952381
ctrx_quarter_normalizado_delta1	0.000243128603265885	0.000470244315154892	0.000380952380952381
Master_madelantodolares_rank_lag1	0.000243109138686209	8.49439672277354e-05	0.000380952380952381
Visa_fechaalta_delta1	0.000242684647581871	0.000228409131625558	0.000333333333333333
vm_msaldopesos_rank	0.000242405286243914	0.000776137657310169	0.000476190476190476
Visa_madelantopesos_rank_lag2	0.000242321510651064	0.000157160261919016	0.000523809523809524
Visa_fultimo_cierre_delta1	0.000241736643620605	0.000203583944111516	0.000714285714285714
mautoservicio_rank_delta1	0.000241481174477289	0.00131174164423287	0.000761904761904762
ccomisiones_otras	0.000241384079224682	0.00105230735363487	0.000428571428571429
rf_014_028	0.000237962722669167	0.000826675843134874	0.000380952380952381
vmr_msaldopesos	0.000237091515026163	0.000394834180071709	0.000571428571428571
mpayroll_sobre_edad_rank_delta2	0.000235848691773475	0.00112709064289746	0.000333333333333333
vmr_mconsumospesos	0.000235741498161384	0.000442834912030513	0.000904761904761905
Master_delinquency_lag1	0.000235637130544591	7.4980403924687e-05	0.000285714285714286
Visa_madelantodolares_rank_lag2	0.000235256907014213	0.000111467281659396	0.000333333333333333
ccajas_transacciones_tend6	0.000234969254926411	0.00112243950519526	0.000476190476190476
Master_msaldopesos_rank_delta1	0.000234698245191098	0.000386758175115579	0.000761904761904762
Visa_cadelantosefectivo_tend6	0.000234309670428932	0.000289745438798479	0.000857142857142857
vm_msaldopesos_rank_lag1	0.000233932991625496	0.000876326748041083	0.000714285714285714
Visa_mpagosdolares_rank_delta2	0.000231079046745903	0.000543278874139029	0.000857142857142857
rf_013_019	0.000230408689632895	0.000660496128260097	0.000285714285714286
rf_001_020	0.000230181984589583	0.000417135160672948	0.000428571428571429
Master_madelantopesos_rank	0.000228871954553435	0.000179380568575889	0.000619047619047619
ctransferencias_emitidas_tend6	0.000227958909160561	0.00161173095186195	0.000666666666666667
rf_019_023	0.00022699595797622	0.00059980719968507	0.000714285714285714
ctarjeta_debito_delta2	0.000225138378877432	0.00171777016201996	0.000238095238095238
Master_mconsumospesos_rank_lag2	0.000222721258426862	0.000458866507139113	0.00080952380952381
rf_008_013	0.000222441263829997	0.0002597797711348	0.000714285714285714
mcomisiones_mantenimiento_rank_delta1	0.000222114315127227	0.00187685242436395	0.000666666666666667
ccajas_transacciones_delta2	0.000218338852282818	0.000622863521551951	0.000571428571428571
Master_mpagosdolares_rank	0.000217844775375437	0.000256539831346117	0.000619047619047619
vm_status04_tend6	0.000216982663168501	7.39113748096872e-06	4.76190476190476e-05
Master_cconsumos_lag2	0.000216513881794923	0.000514868531238574	0.000666666666666667
vmr_mpagospesos_delta2	0.00021632586146029	0.000702644356340252	0.000666666666666667
vmr_msaldopesos_lag2	0.000215546126011448	0.000298867555640749	0.001
ccomisiones_otras_delta2	0.000214840617290245	0.000710828323964129	0.000761904761904762
mpayroll_rank_lag1	0.000214394727136914	0.00124512629378091	0.000428571428571429
mcuenta_debitos_automaticos_rank_lag2	0.000212614905429972	0.000615367335732916	0.000476190476190476
ccajas_consultas_delta2	0.000212249514401067	0.000849861190324929	0.000238095238095238
rf_001_019	0.000209676267845221	0.00037027061988135	0.000619047619047619
vmr_msaldopesos_delta1	0.000209645318934852	0.000420130826646505	0.000904761904761905
Visa_madelantodolares_rank	0.000208871320367341	6.79475965250163e-05	0.000285714285714286
Master_mconsumototal_rank_lag1	0.000208738411358794	0.000446011266444325	0.000571428571428571
Visa_mpagosdolares_rank	0.00020788702267098	0.000302941391126944	0.000714285714285714
minversion2_rank	0.000207383774445609	0.00110493180210296	0.000142857142857143
Master_mpagospesos_rank	0.000207176245526714	0.000746219811147174	0.000761904761904762
rf_002_016	0.00020705942530509	0.000488467221244945	9.52380952380952e-05
Master_madelantodolares_rank	0.000206309290563123	9.57812995571206e-05	0.000333333333333333
ctarjeta_debito_transacciones_delta2	0.000205867907588167	0.000955637978342063	0.000333333333333333
mtarjeta_master_consumo_rank_tend6	0.00020583317757509	0.000932752277231083	0.000380952380952381
cmobile_app_trx_delta2	0.000205591464196036	0.000873321676730826	0.000571428571428571
Master_mpagominimo_rank_delta2	0.000203781017820192	0.000350771634799377	0.000571428571428571
Visa_mpagado_rank_tend6	0.000203710880920348	0.000752018532396245	0.000619047619047619
vm_mconsumototal_rank_lag2	0.000202221970623652	0.000339996033271428	0.000714285714285714
Master_mconsumototal_rank	0.000200719648229415	0.000329303490139403	0.000571428571428571
vm_status05	0.00020028808555347	0.000143182474418714	0.000285714285714286
Visa_msaldodolares_rank_tend6	0.000199776554071161	0.00116461767138941	0.000476190476190476
rf_003_025	0.000197746759733681	0.000373398755385886	0.000285714285714286
vm_mpagospesos_rank_delta1	0.000197225120363337	0.000943957742387059	0.000571428571428571
rf_005_013	0.000197151500171349	0.000275773215018477	0.000666666666666667
mtransferencias_recibidas_rank_delta1	0.000196792765826817	0.000408747057501832	0.000666666666666667
vmr_Visa_mlimitecompra_delta2	0.000196776843914075	0.000430308328242084	0.000142857142857143
rf_012_023	0.000196697236153212	0.000361528293184397	0.000714285714285714
Master_mconsumospesos_rank_delta2	0.000196038744253111	0.000369960508709329	0.000523809523809524
rf_003_022	0.000195859888133366	0.000587035679733862	0.000238095238095238
rf_016_019	0.000195441114593386	0.00034095431785853	0.000952380952380952
ctarjeta_debito_transacciones_delta1	0.000193919685053869	0.00218935135968149	0.000428571428571429
vm_mconsumototal_rank_lag1	0.000191872842231026	0.000221128738672488	0.000523809523809524
mautoservicio_rank_tend6	0.000190521150593286	0.000726880451850031	0.000666666666666667
Master_cadelantosefectivo_lag2	0.000188883951268388	0.000358258415281713	0.000666666666666667
ctarjeta_debito_transacciones_lag2	0.000188835924090516	0.000636814417737464	0.000904761904761905
ctrx_quarter_lag1	0.000188694684815703	0.00139423916416249	0.000476190476190476
rf_016_017	0.000188368250827991	0.000654858092552103	0.000428571428571429
rf_001_015	0.000188135396576912	0.000155475514424026	0.000428571428571429
vm_status05_delta2	0.000187454452289699	0.000235366563862102	0.000190476190476191
mautoservicio_rank	0.000187286208551511	0.000801358531313246	0.000571428571428571
Master_Fvencimiento_delta2	0.00018705780985138	0.000715446609222647	0.000619047619047619
vm_cconsumos_tend6	0.000186085254103111	0.000307713341041397	0.000428571428571429
ccajas_extracciones_tend6	0.000184850275100979	0.00192436580091828	0.000428571428571429
vm_mconsumospesos_rank_tend6	0.000184210895310751	0.00040873063127999	0.000761904761904762
mextraccion_autoservicio_rank_delta2	0.00018328100677281	0.000354187891533793	0.000428571428571429
matm_rank_delta2	0.000182039613495918	0.000273118658087191	0.000523809523809524
vm_mpagospesos_rank_lag1	0.000181622519060059	0.000323356535485167	0.000571428571428571
vmr_Visa_mlimitecompra_tend6	0.00017947121246867	0.00080705485361487	0.000666666666666667
tcallcenter_delta1	0.000179057548484802	0.000776504862850043	0.000333333333333333
ctarjeta_visa_transacciones_lag1	0.000178207077396552	9.16452033913659e-05	0.000285714285714286
rf_005_020	0.000177501339816853	0.000587351222156653	0.000476190476190476
vm_mlimitecompra_rank_lag2	0.000176857572041773	0.000254284670050732	0.000761904761904762
vm_status04_delta2	0.000176855566281562	0.00167159380044179	0.000285714285714286
vm_status02	0.000176108315399191	0.000507870033447427	0.000333333333333333
thomebanking_delta1	0.000175684667311841	0.000546534710271429	0.000380952380952381
Visa_mpagosdolares_rank_lag1	0.000175500293294215	0.000145981555608298	0.000619047619047619
vmr_msaldopesos_lag1	0.000175417874783738	0.000421361468589299	0.000619047619047619
ccomisiones_otras_lag1	0.000173530948784053	0.000339962121071498	0.000428571428571429
vm_mpagospesos_rank_lag2	0.000173352893755668	0.000674763361685588	0.000571428571428571
cliente_vip	0.000172765496634764	0.000499894837804372	0.000142857142857143
rf_011_019	0.000172737993768562	0.000562656782069688	0.000476190476190476
vm_mconsumototal_rank_delta1	0.000172247649974636	0.000330108507479162	0.000476190476190476
vm_status04	0.000171707648218221	0.000299210254317391	0.000333333333333333
mpayroll_rank_delta1	0.000171106791237909	0.0011673564789424	0.000333333333333333
cproductos_lag2	0.000170966090559087	0.000122985242438951	4.76190476190476e-05
Master_Fvencimiento_delta1	0.000170957360521337	0.000178328230621792	0.000714285714285714
vmr_mpagospesos_lag1	0.000170089690721438	0.000221354201814214	0.000571428571428571
Master_msaldototal_rank_delta1	0.000168385167888317	0.000932154177298714	0.000523809523809524
rf_008_010	0.00016825970457698	0.000477803688940204	9.52380952380952e-05
mpagomiscuentas_rank_lag2	0.000168145528344482	0.000554489505606713	0.000523809523809524
Master_mpagosdolares_rank_tend6	0.000167184737326207	0.000240057839832189	0.001
rf_011_026	0.000166421372806881	0.000728361726145437	0.000523809523809524
Master_fechaalta_delta1	0.000166326796113004	0.000282947234938172	0.00080952380952381
ccajas_depositos_tend6	0.000165743475923866	0.00222197343884989	0.000333333333333333
rf_001_006	0.000165196708895481	0.00118167696511935	0.000285714285714286
mpagomiscuentas_rank_lag1	0.000165040533155112	0.00107617094482353	0.000523809523809524
active_quarter_lag1	0.000164980896546403	0.000619409643470737	0.000476190476190476
Master_mconsumospesos_rank_delta1	0.000164973923898491	0.000419939938052365	0.000571428571428571
mcuenta_debitos_automaticos_rank_lag1	0.000164855666944461	0.00117468336870085	0.000523809523809524
mpagomiscuentas_rank_delta1	0.000163476954931747	0.000883481427409254	0.000238095238095238
catm_trx_tend6	0.000161776622744999	0.00132576407396512	0.000428571428571429
mtarjeta_master_consumo_rank_delta2	0.000161299243683093	0.000750052817026049	0.000380952380952381
cextraccion_autoservicio_tend6	0.000160596338508809	0.000675538705850407	0.000476190476190476
cprestamos_personales_lag2	0.000157259175546398	0.00197577258945761	0.000380952380952381
rf_007_021	0.000156530835894696	0.000373527648239529	0.000333333333333333
Visa_madelantodolares_rank_tend6	0.000156162178640559	0.000162034743250448	0.000428571428571429
rf_012_022	0.000156038705237387	0.000488548425067435	0.000333333333333333
Master_madelantodolares_rank_delta2	0.000155763634303246	0.000215110912819178	0.000380952380952381
vm_cconsumos_lag2	0.000154713497084024	0.000463225152116912	0.000285714285714286
mtarjeta_visa_descuentos_rank_delta1	0.000153830914775299	0.000300026134158691	0.000428571428571429
rf_003_017	0.000153814161848296	0.000605195132918576	0.000476190476190476
cmobile_app_trx_lag1	0.000153388782839909	0.00164101294427625	0.000333333333333333
mpayroll_rank	0.000152874404069237	0.000542552013822548	0.000142857142857143
vmr_mconsumosdolares	0.000152744230881235	0.000564150508501006	0.000238095238095238
vm_msaldopesos_rank_delta2	0.000152712953495689	0.000539015077345411	0.000619047619047619
rf_014_024	0.000152225461164282	0.000428507404968426	0.000523809523809524
Master_mconsumosdolares_rank_delta1	0.000152008527910987	0.000150624612669109	0.000571428571428571
vmr_mconsumospesos_delta1	0.000151857940060044	0.000454343335003837	0.000380952380952381
rf_002_021	0.000151119844210501	0.000490238736282726	0.000380952380952381
cprestamos_personales_lag1	0.000150563543086162	0.00232777685324275	0.000333333333333333
tcuentas_lag2	0.000150541820066399	0.000788752200867168	0.000190476190476191
Visa_delinquency_delta1	0.000150121072470299	0.000321498385374125	0.000333333333333333
Master_mpagado_rank_lag2	0.000149694537404919	0.000566580529577283	0.000380952380952381
Master_mconsumosdolares_rank	0.000147911924189541	0.000206694328698901	0.000571428571428571
Visa_msaldodolares_rank	0.000147767000369819	0.000570199862102689	0.000380952380952381
rf_010_016	0.000146128358985188	0.000814406117767014	0.000428571428571429
vm_status01_delta1	0.000146088383764066	0.000377228979404611	0.000238095238095238
Visa_mpagosdolares_rank_delta1	0.000145342189511495	0.000126562317183975	0.000571428571428571
vm_mconsumospesos_rank_lag1	0.000145270829145565	0.000217975036548473	0.000476190476190476
rf_019_020	0.000145268072795321	0.000416807563522837	0.000571428571428571
vm_msaldototal_rank_lag1	0.000145144878075227	0.000310803855199135	0.000666666666666667
vmr_msaldopesos2	0.000144931231660101	0.000410586661878536	0.000666666666666667
rf_006_015	0.00014307722375232	0.000279138868392059	0.000238095238095238
rf_009_018	0.000142007381487417	0.000634400557943967	0.000285714285714286
ccomisiones_mantenimiento	0.00014194268365834	0.000736621201401972	9.52380952380952e-05
mextraccion_autoservicio_rank_lag1	0.000141921206648468	0.000339924102316107	0.000380952380952381
Visa_msaldodolares_rank_lag2	0.000141716807772305	0.000385922159905571	0.000333333333333333
Master_mconsumosdolares_rank_delta2	0.000141424973516377	0.000154803893901963	0.000428571428571429
vm_msaldototal_rank_lag2	0.000140817791309955	0.00056237157516949	0.000428571428571429
Master_fultimo_cierre_delta1	0.00014032864922751	0.000290794729953363	0.000571428571428571
Master_mpagospesos_rank_delta1	0.000139845803809882	0.00028659266396118	0.000571428571428571
mpayroll_sobre_edad_rank_delta1	0.000138675867743659	0.000716613798260103	0.000238095238095238
ccuenta_debitos_automaticos_tend6	0.000138054798798696	0.000580563218450232	9.52380952380952e-05
vmr_mpagospesos_delta1	0.000137875051499463	0.00102254449682312	0.000619047619047619
Master_mpagosdolares_rank_lag1	0.000135993117421584	0.000155965784158179	0.000523809523809524
mpayroll_sobre_edad_rank_lag1	0.000135805802719544	0.00141288888708136	0.000333333333333333
Master_mconsumototal_rank_delta1	0.000135615006977562	0.000233041193715298	0.000523809523809524
vm_mconsumosdolares_rank_lag1	0.00013540866652898	0.00117786435954824	0.000333333333333333
mpayroll_rank_lag2	0.000134055134667966	0.000797367886692506	0.000380952380952381
ccaja_ahorro_tend6	0.000133697634828564	0.00169694581928054	0.000285714285714286
Master_mpagado_rank_delta1	0.000132930375372817	0.000854445033505392	0.000380952380952381
rf_007_028	0.000132425613666884	0.000888172041031687	0.000380952380952381
vm_mpagado_rank_tend6	0.000131061538722874	0.000838626316933076	0.000380952380952381
Master_madelantodolares_rank_delta1	0.000130517581058132	8.60560489403034e-05	0.000333333333333333
vm_fechaalta_delta2	0.000129950624760375	8.12360125861045e-05	0.000190476190476191
matm_rank_tend6	0.000129920682065104	0.000293817684650302	0.000333333333333333
rf_013_022	0.000128688567518971	0.000518248226382439	0.000285714285714286
mforex_sell_rank_tend6	0.000128209355499313	0.00168029903567007	0.000333333333333333
rf_006_017	0.000128176909913283	0.000505743500066622	0.000333333333333333
Master_madelantopesos_rank_lag2	0.000127905435574432	0.000192407754721887	0.000428571428571429
vmr_mconsumototal_delta2	0.000127513006293689	0.000239944180974609	0.000523809523809524
Visa_Finiciomora_delta1	0.000127219085999499	0.0010726635490518	0.000142857142857143
Master_cconsumos_delta2	0.000127020478057545	0.000798025465444285	0.000523809523809524
rf_020_021	0.000126187493075069	0.000378000879361625	0.000428571428571429
mextraccion_autoservicio_rank	0.000126158099857829	0.000947352406587925	0.000428571428571429
active_quarter_delta2	0.000126077595952886	0.00031095195613477	0.000190476190476191
Master_mconsumototal_rank_delta2	0.000126048129858465	0.000297966630360561	0.000571428571428571
ctransferencias_recibidas_delta2	0.000125057598756586	0.000663011459714324	0.000190476190476191
mplazo_fijo_dolares_rank_delta2	0.000124884108424381	0.000448623433125699	0.000142857142857143
ccaja_ahorro_lag2	0.000124603849800001	0.000325062478105113	9.52380952380952e-05
rf_002_020	0.000124586723353757	0.000395263778760674	0.000428571428571429
rf_019_028	0.000124555480097751	0.000563486968620332	0.000238095238095238
vm_msaldopesos_rank_lag2	0.000124422015228125	0.000123673686591449	0.000476190476190476
rf_008_017	0.000123067438344818	0.00137157428975965	0.000380952380952381
Visa_status_lag1	0.000122899056702494	9.22067417331855e-06	4.76190476190476e-05
vm_status02_delta1	0.000122715586511344	0.000130056333533075	0.000285714285714286
vm_mconsumospesos_rank_delta1	0.000122305897276349	0.000236780941044364	0.000476190476190476
cextraccion_autoservicio_lag2	0.000121996180310324	0.000400536728441289	0.000428571428571429
vmr_mconsumospesos_delta2	0.000121283409966212	0.000807557707954466	0.000476190476190476
Visa_Fvencimiento_delta1	0.000120373956447664	0.000102348211616339	0.000238095238095238
rf_018_023	0.00012024851704433	0.000811136637272923	0.000238095238095238
matm_rank	0.000119846019050894	0.000284929244060678	0.000380952380952381
Master_cconsumos	0.000119760569854496	0.000146207416158617	0.000428571428571429
mtarjeta_master_descuentos_rank_delta2	0.000117873079331412	0.000206813153868189	0.000380952380952381
Master_mpagosdolares_rank_delta2	0.00011603660303027	0.000193407767211247	0.000428571428571429
ccallcenter_transacciones_tend6	0.000115966175769458	0.00110397033824711	0.000380952380952381
vmr_msaldototal_delta1	0.000115870500790848	0.000260046829709253	0.000380952380952381
cseguro_vida_delta2	0.000115090355614267	0.00119516845697143	0.000190476190476191
rf_012_015	0.000114622114942708	0.00049596751361944	0.000285714285714286
Master_cconsumos_lag1	0.00011354509425648	0.000183018976713756	0.000476190476190476
vmr_mconsumosdolares_lag1	0.000112595776524441	0.00076694533161648	0.000428571428571429
rf_005_015	0.000112555055304315	0.000434397397724342	0.000333333333333333
cseguro_accidentes_personales_lag2	0.000112057958019175	0.000511640778646742	0.000142857142857143
ccajas_otras_tend6	0.000111253726741917	0.00142150470537623	0.000285714285714286
mplazo_fijo_dolares_rank_lag2	0.000111154828687258	0.000736064829371861	0.000238095238095238
vm_status01_lag2	0.000111095832050755	0.00181967115649971	0.000238095238095238
rf_015_023	0.00011057296609589	0.000603161725618049	0.000333333333333333
mpayroll_sobre_edad_rank_lag2	0.000110474300191408	0.000234754289689917	0.000333333333333333
vmr_mconsumototal_delta1	0.000110425494601213	0.00032295912689223	0.000428571428571429
vm_mconsumospesos_rank	0.000109138340886122	0.00015811073080379	0.000333333333333333
mcajeros_propios_descuentos_rank_delta2	0.00010864273074809	0.000128085849259763	0.000238095238095238
Master_cconsumos_delta1	0.00010846558204751	0.000366623336284908	0.000380952380952381
mcheques_emitidos_rank_lag2	0.000108138366989141	0.000684558556214762	0.000190476190476191
Master_cadelantosefectivo_lag1	0.000107599471410998	0.000120001366253651	0.000428571428571429
Visa_madelantopesos_rank_lag1	0.000107024343773478	7.57107084489738e-05	0.000285714285714286
vmr_mconsumosdolares_tend6	0.000105150669044534	0.000488157375011985	0.000285714285714286
rf_018_015	0.000104036582420688	0.000692032487152593	0.000333333333333333
Visa_status_tend6	0.000103516611759681	0.000618052228186796	0.000238095238095238
rf_020_019	0.000102953863097271	0.000334927881485706	0.000190476190476191
ctarjeta_master_transacciones_tend6	0.00010246653413722	0.00131066228249446	0.000333333333333333
rf_017_017	0.000102225027267876	0.000367576719499363	0.000285714285714286
cliente_vip_delta2	0.000102218392623693	0.00044984016576774	0.000190476190476191
rf_004_020	0.000101947554445628	0.000301273467262388	0.000142857142857143
Master_madelantopesos_rank_lag1	0.000101640400010436	0.000168722335052387	0.000571428571428571
rf_019_015	0.000101530318900575	0.0002134873662475	0.000285714285714286
mtransferencias_emitidas_rank_delta2	0.000101483193800472	0.0012331163411633	0.000285714285714286
mautoservicio_rank_lag1	0.000100722928908307	0.000179364937171233	0.000476190476190476
Master_madelantodolares_rank_lag2	0.000100599417564173	0.000110916738288648	0.000571428571428571
vmr_mconsumosdolares_lag2	0.000100172489142838	0.000336549176075357	0.000333333333333333
rf_014_016	9.91252052918445e-05	0.000191668707208555	0.000285714285714286
vm_mconsumosdolares_rank_lag2	9.87781432016264e-05	0.000714352013488169	0.000380952380952381
Master_Finiciomora_lag1	9.8655049554566e-05	4.85128591655683e-05	4.76190476190476e-05
mv_status07_rank_delta2	9.84588410752697e-05	0.000219450879593109	0.000142857142857143
cproductos_delta1	9.83063156365757e-05	0.0010219342096939	0.000142857142857143
rf_014_019	9.75156578683652e-05	0.000405424324256288	0.000190476190476191
rf_010_018	9.74258510918596e-05	0.000310891417559112	0.000285714285714286
vm_mconsumosdolares_rank_delta2	9.69898252421244e-05	0.000565140718245073	0.000333333333333333
ctarjeta_visa_transacciones_delta1	9.69131044592924e-05	0.0019597995458817	0.000333333333333333
ctarjeta_debito_tend6	9.67220285778802e-05	0.00104734345537002	0.000142857142857143
vm_mconsumosdolares_rank_tend6	9.66291407873743e-05	0.000345982198906835	0.000285714285714286
vm_status02_lag1	9.6606184426481e-05	5.00190377327986e-05	0.000142857142857143
mtarjeta_visa_descuentos_rank_delta2	9.65453283363527e-05	0.000243518473859483	0.000238095238095238
Master_mconsumosdolares_rank_lag2	9.57135671664549e-05	0.000142271746393234	0.000428571428571429
ctarjeta_visa_lag2	9.57055919416187e-05	0.000715155706132618	0.000142857142857143
Visa_mpagado_rank_lag2	9.4728151944182e-05	0.00015579675303665	0.000380952380952381
mttarjeta_master_debitos_automaticos_rank_delta2	9.44307624557741e-05	0.00108055701099424	0.000238095238095238
Master_cadelantosefectivo_delta1	9.42256612170447e-05	0.000101099023939207	0.000380952380952381
matm_rank_lag1	9.42188528933443e-05	0.00036340432668212	0.000285714285714286
cinversion1	9.40234289820319e-05	0.00147324240280394	0.000190476190476191
rf_012_019	9.27496556062495e-05	0.000781169115035811	0.000285714285714286
rf_005_014	9.17139470403106e-05	0.000199358960890474	0.000285714285714286
ctransferencias_recibidas	9.15019814543258e-05	0.000419658572768565	0.000142857142857143
cforex_buy_tend6	9.13581398182491e-05	0.00213839443766936	0.000285714285714286
Visa_cadelantosefectivo_lag2	9.13328666332315e-05	9.70069076577376e-05	0.000285714285714286
vmr_mpagado_lag1	9.10681773164405e-05	0.000650253054246683	0.000285714285714286
Visa_madelantodolares_rank_delta1	9.08110900517373e-05	0.000109558925596114	0.000333333333333333
cseguro_vida_lag2	9.05952957202844e-05	0.00113339923937127	0.000190476190476191
Visa_Fvencimiento_delta2	9.05536777767853e-05	0.000419418537978431	0.000238095238095238
mcheques_depositados_rank_delta1	9.05129288372349e-05	0.000355600679081683	4.76190476190476e-05
mtarjeta_master_consumo_rank_lag2	9.03909860227066e-05	0.000307716122901548	0.000380952380952381
Visa_fultimo_cierre_delta2	8.99532289649951e-05	0.000204939769761085	0.000428571428571429
minversion1_pesos_rank	8.983657488667e-05	0.000368310600700986	4.76190476190476e-05
rf_004_017	8.8855833245941e-05	0.000537432596328337	0.000285714285714286
vm_msaldodolares_rank_tend6	8.85994133263755e-05	0.00108385139576016	0.000285714285714286
Visa_fechaalta_delta2	8.8490559840514e-05	0.000167016127493379	0.000238095238095238
mtarjeta_master_consumo_rank_delta1	8.77214920388301e-05	0.00085980898975379	0.000285714285714286
Visa_status_delta1	8.76896930083694e-05	0.000238819912065191	0.000142857142857143
matm_other_rank_tend6	8.72388192490597e-05	0.00139634993366911	0.000333333333333333
ccomisiones_mantenimiento_delta2	8.71975720528593e-05	0.00117883430145407	0.000190476190476191
matm_other_rank_lag2	8.67690598995473e-05	0.000104036403319134	0.000333333333333333
rf_012_028	8.5960166215139e-05	0.000208222762147336	0.000190476190476191
Master_mpagosdolares_rank_delta1	8.56909991718607e-05	9.6237789560874e-05	0.000380952380952381
Master_mpagado_rank_tend6	8.4875074801996e-05	0.000267715225918561	0.000238095238095238
rf_009_023	8.47572551218831e-05	0.000233196977883729	0.000190476190476191
rf_020_027	8.46334081994699e-05	0.000226447125402229	0.000238095238095238
rf_009_017	8.40941732316267e-05	0.000309435180005061	0.000190476190476191
Master_status_delta1	8.40617914002722e-05	0.000137929792576338	0.000142857142857143
cforex_sell_tend6	8.39995758456331e-05	0.0017987301081035	0.000238095238095238
mtarjeta_visa_consumo_rank_lag1	8.34719765392153e-05	0.000669700111272512	0.000523809523809524
vm_fechaalta_delta1	8.33209499417619e-05	0.000153536690368619	0.000190476190476191
Master_status_tend6	8.21631958694903e-05	0.000775827943546741	0.000238095238095238
vm_status02_tend6	8.18081242516485e-05	0.000164637637064652	0.000285714285714286
mforex_buy_rank_tend6	8.16524103861855e-05	0.00206227916727277	0.000285714285714286
rf_007_024	8.14001016037222e-05	0.000438899904612784	0.000142857142857143
vmr_mconsumosdolares_delta2	8.0119891084654e-05	0.000275324938125645	0.000190476190476191
Master_mconsumosdolares_rank_lag1	8.00941378338586e-05	8.92623414681171e-05	0.000476190476190476
rf_016_010	7.97229974390525e-05	0.000660164821963118	0.000142857142857143
mextraccion_autoservicio_rank_delta1	7.95581236898614e-05	0.000390785911204993	0.000190476190476191
ctarjeta_debito_lag2	7.94984971294429e-05	0.00109894735857145	0.000190476190476191
Visa_mpagado_rank_delta1	7.86183472001915e-05	0.0003937206411943	0.000238095238095238
vm_mpagado_rank_delta2	7.85393267446291e-05	0.000581060244130465	0.000190476190476191
vm_Fvencimiento_delta2	7.80642133883318e-05	0.000131138079723049	0.000238095238095238
Master_msaldodolares_rank_tend6	7.7102875691038e-05	0.000131771151611597	0.000238095238095238
vmr_mpagado_tend6	7.65118740055092e-05	0.000272731449648139	0.000238095238095238
mprestamos_prendarios_rank	7.64648341426359e-05	0.000736621201401972	9.52380952380952e-05
rf_004_016	7.63056352525648e-05	0.000285654249803726	0.000238095238095238
Master_msaldodolares_rank	7.44570996159231e-05	3.7694602448644e-05	0.000142857142857143
rf_016_018	7.39229698730326e-05	0.000200124369840471	0.000190476190476191
rf_017_019	7.24918783701113e-05	0.000151604754728822	0.000190476190476191
ccajas_depositos	7.24815916917894e-05	0.000736621201401972	9.52380952380952e-05
Visa_Finiciomora_tend6	7.22596450341345e-05	0.000565011957860962	0.000142857142857143
Visa_msaldodolares_rank_delta1	7.18399244427015e-05	0.000297779185974226	0.000142857142857143
rf_002_022	7.13819189952833e-05	0.000127622205901337	0.000190476190476191
vm_Finiciomora_lag2	7.11162603648772e-05	0.000881093929052421	0.000190476190476191
Visa_cadelantosefectivo_delta1	7.00700994970568e-05	8.00439192768252e-05	0.000238095238095238
ctarjeta_debito_transacciones_lag1	6.98723336625478e-05	0.000340610029547516	0.000190476190476191
ccomisiones_otras_delta1	6.97731724899171e-05	0.000218370987976569	0.000190476190476191
Visa_cadelantosefectivo_lag1	6.90259804246985e-05	9.25315570231458e-05	0.000476190476190476
Master_madelantopesos_rank_delta1	6.87437880456428e-05	0.000186482525070731	0.000333333333333333
Visa_msaldodolares_rank_lag1	6.84533100275115e-05	0.000132499071684326	0.000190476190476191
ctarjeta_visa_debitos_automaticos_lag2	6.74422107663804e-05	0.000820378241632137	0.000190476190476191
mprestamos_prendarios_rank_lag2	6.69683070164568e-05	0.000541804223320172	9.52380952380952e-05
vmr_msaldodolares2_delta1	6.66597905180577e-05	0.000318367468009439	0.000142857142857143
vmr_mpagado_delta2	6.62546967737912e-05	0.00126431649238617	0.000238095238095238
ctransferencias_recibidas_lag2	6.61506401342881e-05	0.000533360615415576	9.52380952380952e-05
minversion2_rank_lag2	6.59244621065286e-05	0.000736621201401972	9.52380952380952e-05
vmr_mpagado	6.57173231652832e-05	0.000514844289314405	0.000190476190476191
ctarjeta_master_transacciones_lag2	6.53649871081176e-05	0.000642478020064937	0.000190476190476191
ctarjeta_visa_delta1	6.51271863257896e-05	0.000351521412344718	4.76190476190476e-05
rf_017_014	6.39369343470746e-05	0.000426753110969672	0.000142857142857143
cmobile_app_trx	6.31088809966568e-05	0.000781108708929684	0.000190476190476191
rf_016_016	6.27353340360907e-05	0.000690551212857186	0.000142857142857143
rf_005_006	6.20770725537034e-05	0.00160367150559719	0.000238095238095238
Visa_mpagado_rank	6.17108941090761e-05	0.000514064441185532	0.000238095238095238
vm_Fvencimiento_delta1	6.15111763506756e-05	3.61580883588195e-05	0.000142857142857143
ccajeros_propios_descuentos_tend6	6.04429944792824e-05	0.000669957102162611	9.52380952380952e-05
vm_cconsumos_lag1	5.93346443902758e-05	5.25572864158856e-05	9.52380952380952e-05
mttarjeta_master_debitos_automaticos_rank	5.90932303810029e-05	0.00134550203408097	0.000190476190476191
vm_mpagospesos_rank	5.8893783579974e-05	7.83439377857727e-05	0.000190476190476191
vmr_msaldodolares2	5.84866947301504e-05	0.00086161004549698	0.000142857142857143
Master_mpagado_rank_lag1	5.76139292555068e-05	0.00116928404308768	0.000238095238095238
ccallcenter_transacciones_delta1	5.7610359686655e-05	0.00102445510486843	0.000190476190476191
rf_015_027	5.70870342823334e-05	0.000651126425864427	0.000190476190476191
vmr_msaldodolares_tend6	5.70305282360946e-05	0.000192909549305235	0.000142857142857143
mcajeros_propios_descuentos_rank_delta1	5.65016582539467e-05	0.000131926803310497	0.000142857142857143
cextraccion_autoservicio_delta2	5.53182869293046e-05	0.000482948805523425	0.000190476190476191
mv_status07_rank_lag1	5.47387747718618e-05	0.000426475322363209	0.000285714285714286
rf_001_017	5.44848490117075e-05	0.000557275869721324	0.000333333333333333
ccheques_emitidos_rechazados_tend6	5.4390721538982e-05	9.60311370925469e-06	4.76190476190476e-05
matm_other_rank_delta2	5.43316320640632e-05	8.18200707481905e-05	0.000238095238095238
mcuenta_debitos_automaticos_rank_delta1	5.42874167888605e-05	0.000288805435006652	0.000190476190476191
mcheques_emitidos_rank	5.40408324139879e-05	0.000746881363984883	0.000142857142857143
mcheques_depositados_rank_lag2	5.38209335287961e-05	0.000402074302287362	9.52380952380952e-05
ccheques_emitidos_delta2	5.36142588879062e-05	0.000157418842443487	9.52380952380952e-05
rf_009_019	5.29531215152577e-05	0.000114983950298294	0.000142857142857143
cmobile_app_trx_delta1	5.28693631171133e-05	0.000627576390055588	0.000142857142857143
ctarjeta_master_delta2	5.27764919582619e-05	0.000211497144014073	4.76190476190476e-05
ccajeros_propios_descuentos_lag2	5.27541085232176e-05	7.43653478923519e-05	9.52380952380952e-05
rf_018_024	5.25243595406351e-05	0.000301911705462644	0.000190476190476191
mv_status07_rank	5.04416737698329e-05	7.17035051368615e-05	9.52380952380952e-05
ctarjeta_master_transacciones_delta2	4.95561864654512e-05	0.000297587105154307	9.52380952380952e-05
mcheques_emitidos_rank_delta1	4.92946938912564e-05	0.000736621201401972	9.52380952380952e-05
rf_011_025	4.90849708066897e-05	0.000157044748488003	0.000142857142857143
vmr_Master_mlimitecompra_delta2	4.90815647824407e-05	3.78930418060504e-05	0.000142857142857143
rf_004_015	4.73764515255846e-05	0.000242130590583416	0.000142857142857143
ctarjeta_debito_delta1	4.72328399607288e-05	0.000736621201401972	9.52380952380952e-05
ccaja_seguridad_delta2	4.7152465411294e-05	0.00177760903361469	0.000238095238095238
mv_status07_rank_lag2	4.71310653228233e-05	0.000209736359008301	0.000142857142857143
mtarjeta_visa_descuentos_rank_lag1	4.70192507094713e-05	0.000168686038400899	9.52380952380952e-05
rf_003_026	4.66279182733506e-05	0.000726556431377256	9.52380952380952e-05
ccajeros_propios_descuentos_delta2	4.62858618780277e-05	0.000201195121059373	0.000190476190476191
vmr_mpagado_lag2	4.57882962212415e-05	4.14505110604892e-05	0.000142857142857143
mforex_sell_rank_delta2	4.55210698841503e-05	0.00029650363686043	9.52380952380952e-05
cseguro_auto	4.47735535882917e-05	0.00110493180210296	0.000142857142857143
rf_005_017	4.43132604221448e-05	0.000392581933106005	0.000190476190476191
cplazo_fijo_lag2	4.42628124560657e-05	0.000778512438592029	0.000142857142857143
mcajeros_propios_descuentos_rank_lag2	4.42052496067791e-05	0.000139324961676608	9.52380952380952e-05
vm_status05_lag2	4.36888166372857e-05	3.95650722260663e-05	0.000190476190476191
ccheques_emitidos_lag2	4.36462978125e-05	0.000492364474846344	0.000142857142857143
mttarjeta_master_debitos_automaticos_rank_tend6	4.3535709783669e-05	0.000783012825967975	0.000190476190476191
vm_status04_lag1	4.27394664648584e-05	3.8938756283598e-05	0.000142857142857143
Visa_madelantodolares_rank_lag1	4.238201435484e-05	5.57113859484937e-05	0.000238095238095238
rf_009_022	4.21224557302226e-05	0.000648984261078967	0.000142857142857143
ctarjeta_visa_descuentos_tend6	4.20272332712132e-05	0.000894368303343225	0.000142857142857143
cpagomiscuentas_delta2	4.18658965205505e-05	0.000462027495087331	9.52380952380952e-05
vmr_Master_mlimitecompra_delta1	4.15970718121611e-05	0.00108747509978009	0.000238095238095238
cpagomiscuentas_lag2	4.15234341222862e-05	2.59283937680346e-05	4.76190476190476e-05
cseguro_accidentes_personales	4.13376446815623e-05	0.000104285048628781	0.000142857142857143
ccajas_depositos_delta2	4.10169919262613e-05	0.000423547480789513	9.52380952380952e-05
ctarjeta_visa_delta2	3.95156455426962e-05	0.000409266338063269	9.52380952380952e-05
vm_cconsumos_delta2	3.89380766901364e-05	0.000131969326029941	9.52380952380952e-05
ctarjeta_master_descuentos_delta1	3.87191306601516e-05	0.000158928332748992	0.000142857142857143
vmr_msaldodolares_lag2	3.84197899841494e-05	0.000539071641835139	0.000190476190476191
ccajas_consultas	3.83619755810882e-05	0.000357590106497924	4.76190476190476e-05
ctarjeta_master_descuentos_lag1	3.80710934873817e-05	4.30125917697926e-05	4.76190476190476e-05
Master_cadelantosefectivo_delta2	3.80184667745602e-05	0.000123053464247405	9.52380952380952e-05
rf_011_022	3.79478861906821e-05	0.000285001439955062	9.52380952380952e-05
rf_001_021	3.78526058024072e-05	0.000583096565760673	0.000333333333333333
internet_delta2	3.74788215592388e-05	0.000388537373386157	9.52380952380952e-05
catm_trx_delta2	3.73460604164946e-05	0.000630458794580158	0.000142857142857143
Master_Finiciomora_tend6	3.72272916925955e-05	0.00127086260672903	0.000190476190476191
ccajas_extracciones_delta2	3.7150498146275e-05	0.000409088961361288	9.52380952380952e-05
ccuenta_debitos_automaticos_lag2	3.62279652174165e-05	0.000130959378325758	4.76190476190476e-05
vmr_msaldodolares2_delta2	3.52679930482576e-05	0.000333769965315419	9.52380952380952e-05
Master_mpagado_rank	3.50641740277998e-05	0.000333672865149212	0.000142857142857143
vm_mpagosdolares_rank_lag1	3.44310757189651e-05	4.22549985221242e-05	4.76190476190476e-05
cpayroll_trx_delta2	3.43686903828528e-05	0.000689234465719256	9.52380952380952e-05
vm_Finiciomora_delta2	3.37155417482598e-05	0.000702462078265625	9.52380952380952e-05
mcheques_depositados_rank	3.36296323227971e-05	0.000367535786414291	4.76190476190476e-05
vm_mpagosdolares_rank_delta1	3.33914767318393e-05	0.000561175772713343	9.52380952380952e-05
Master_mpagado_rank_delta2	3.33748876959319e-05	4.42567456047466e-05	0.000142857142857143
cprestamos_hipotecarios_lag1	3.33411368715146e-05	0.000368310600700986	4.76190476190476e-05
vm_cconsumos	3.31215810141972e-05	0.000146950172818816	0.000142857142857143
Master_msaldodolares_rank_lag2	3.27272735908739e-05	6.09207502542396e-05	9.52380952380952e-05
vmr_mpagosdolares_delta2	3.27030634457746e-05	0.000703957526800846	9.52380952380952e-05
catm_trx_other_tend6	3.25509628072565e-05	4.85504805123663e-05	9.52380952380952e-05
matm_other_rank_delta1	3.24528720808276e-05	0.000691212765694895	9.52380952380952e-05
rf_013_018	3.23372959416112e-05	2.77705150658274e-05	0.000142857142857143
rf_005_016	3.22769854044005e-05	5.04608236186133e-05	4.76190476190476e-05
Master_madelantopesos_rank_delta2	3.2272860754079e-05	4.71618024191143e-05	0.000190476190476191
ctarjeta_master_descuentos_lag2	3.21806077383874e-05	0.000209667474852192	4.76190476190476e-05
ccaja_ahorro_lag1	3.18937165487806e-05	0.000496612772704838	9.52380952380952e-05
Master_status_lag1	3.1811035743252e-05	1.82174748392827e-05	4.76190476190476e-05
vm_mconsumosdolares_rank	3.16877944902577e-05	0.000562408004290509	0.000142857142857143
rf_018_026	3.16056791609829e-05	0.00036830437463303	9.52380952380952e-05
vm_mpagosdolares_rank_lag2	3.14940752152549e-05	0.000125080645479976	4.76190476190476e-05
matm_other_rank	3.08078787901409e-05	4.96181849320564e-05	9.52380952380952e-05
mcaja_ahorro_adicional_rank_delta1	3.04124937742016e-05	0.00100642997578812	0.000142857142857143
mplazo_fijo_dolares_rank_lag1	3.02449412891541e-05	3.68192437879353e-05	9.52380952380952e-05
ctarjeta_debito_lag1	2.95036819603239e-05	0.000286957749988558	4.76190476190476e-05
rf_020_018	2.89787308117727e-05	0.000978176079403755	0.000142857142857143
vm_mpagado_rank_lag1	2.85720279549312e-05	0.000167536865219657	9.52380952380952e-05
ctarjeta_master	2.85042581206673e-05	5.4346022492694e-05	9.52380952380952e-05
cforex_tend6	2.84328168486677e-05	0.000235041351163549	9.52380952380952e-05
matm_rank_delta1	2.78782960043475e-05	0.000754600893433148	0.000142857142857143
mcajeros_propios_descuentos_rank_lag1	2.78198495984144e-05	0.000111834884607863	9.52380952380952e-05
vmr_msaldodolares2_lag2	2.77434798127914e-05	0.000242838905165561	9.52380952380952e-05
cpayroll_trx_tend6	2.76132893001493e-05	6.63252421791175e-05	4.76190476190476e-05
mtarjeta_master_descuentos_rank_delta1	2.72512181812034e-05	0.000207272558201624	9.52380952380952e-05
rf_015_022	2.72105111456264e-05	0.000425145858150305	0.000190476190476191
catm_trx_other_delta2	2.71157748376748e-05	5.74199779590597e-05	9.52380952380952e-05
vm_status03_lag1	2.69705188179781e-05	2.4643836726132e-05	9.52380952380952e-05
vm_status03_lag2	2.60382111539134e-05	4.65941704788696e-05	0.000142857142857143
mcheques_depositados_rank_tend6	2.55176135141798e-05	0.000693972900842372	9.52380952380952e-05
vm_msaldodolares_rank_delta1	2.53265587688285e-05	0.000360101861274816	9.52380952380952e-05
ctarjeta_visa_descuentos_lag2	2.50632464144348e-05	2.5146691065728e-05	4.76190476190476e-05
vmr_mpagosdolares_lag1	2.4788551078492e-05	6.08967732691324e-05	9.52380952380952e-05
rf_007_023	2.47092291741913e-05	0.000194861487844209	9.52380952380952e-05
ccheques_depositados_tend6	2.42833541775994e-05	0.000672194645010376	9.52380952380952e-05
mcheques_depositados_rank_lag1	2.3751958262921e-05	0.000652030662882889	9.52380952380952e-05
mforex_sell_rank_lag2	2.36342518859545e-05	9.59316524747817e-05	4.76190476190476e-05
ccaja_seguridad_tend6	2.35882812998698e-05	0.000736621201401972	9.52380952380952e-05
ccajas_extracciones_lag2	2.34030029360298e-05	0.000487647632256778	0.000142857142857143
matm_other_rank_lag1	2.30136818906278e-05	0.00010860713201603	4.76190476190476e-05
mcheques_emitidos_rank_lag1	2.29018208472403e-05	0.000674196259623467	9.52380952380952e-05
mtarjeta_visa_descuentos_rank_tend6	2.28703946430352e-05	8.68214578902996e-05	4.76190476190476e-05
rf_011_015	2.23529644672561e-05	0.00022544313882694	4.76190476190476e-05
Visa_msaldodolares_rank_delta2	2.2182047190603e-05	2.65890193190264e-05	9.52380952380952e-05
Master_delinquency_tend6	2.19034439355866e-05	0.000391775723540468	0.000190476190476191
vm_mpagado_rank_lag2	2.17027991356929e-05	0.000340952728224158	9.52380952380952e-05
mcaja_ahorro_adicional_rank_lag2	2.14772177685394e-05	0.000223757066636641	4.76190476190476e-05
vmr_msaldodolares2_tend6	2.14496071430759e-05	0.000508158949494492	9.52380952380952e-05
Visa_cadelantosefectivo_delta2	2.11111761885692e-05	2.83427834396563e-05	0.000142857142857143
Visa_madelantodolares_rank_delta2	2.10677034690981e-05	2.3707277142111e-05	9.52380952380952e-05
mv_status07_rank_delta1	2.07571502860056e-05	0.000378857294879404	9.52380952380952e-05
rf_008_021	2.07086773289009e-05	0.000356563202693776	4.76190476190476e-05
ctarjeta_visa_descuentos	2.05994433939423e-05	0.000368310600700986	4.76190476190476e-05
ctarjeta_master_descuentos_delta2	2.00416322539691e-05	0.000729653039133419	9.52380952380952e-05
mtarjeta_visa_descuentos_rank_lag2	1.98515858026732e-05	1.63255449978418e-05	4.76190476190476e-05
cpagomiscuentas_lag1	1.96969821001495e-05	1.99732260028773e-05	4.76190476190476e-05
Master_delinquency_lag2	1.89348399966028e-05	4.00944204718581e-05	9.52380952380952e-05
Master_delinquency_delta1	1.89196539100529e-05	2.5498132731415e-05	9.52380952380952e-05
ccajas_consultas_lag2	1.8901216335044e-05	0.000675595667748728	9.52380952380952e-05
mprestamos_prendarios_rank_tend6	1.8029701006432e-05	0.000730476999616108	9.52380952380952e-05
rf_008_006	1.79370065589099e-05	0.000714794329252107	9.52380952380952e-05
mforex_sell_rank_lag1	1.79258439467832e-05	1.59593992142161e-05	4.76190476190476e-05
vmr_msaldodolares2_lag1	1.78804021087152e-05	3.00372012104076e-05	4.76190476190476e-05
rf_015_017	1.78354744659662e-05	6.92916323863284e-05	4.76190476190476e-05
ccuenta_debitos_automaticos_delta2	1.77484590354778e-05	0.000234059486999933	4.76190476190476e-05
ctarjeta_visa_debitos_automaticos	1.74822347555715e-05	0.000368310600700986	4.76190476190476e-05
rf_004_023	1.74251271978275e-05	3.45059283684505e-05	4.76190476190476e-05
cseguro_accidentes_personales_lag1	1.73234093847416e-05	0.000291592991347042	4.76190476190476e-05
cpagodeservicios_tend6	1.72204109342575e-05	9.60311370925469e-06	4.76190476190476e-05
rf_002_008	1.72129862864846e-05	7.42049272903364e-05	4.76190476190476e-05
rf_018_022	1.70578143357648e-05	0.000411379889430038	9.52380952380952e-05
rf_008_014	1.67769846912457e-05	0.000191939209990814	4.76190476190476e-05
rf_002_018	1.66972830308334e-05	0.000194102967309824	4.76190476190476e-05
rf_013_020	1.66439141304288e-05	0.000479832724746208	9.52380952380952e-05
ctarjeta_master_transacciones_delta1	1.66418365595848e-05	0.000731250091798901	9.52380952380952e-05
vm_mpagado_rank_delta1	1.65370980222463e-05	0.000243909523914932	4.76190476190476e-05
active_quarter_tend6	1.65262500255843e-05	0.000320258338094632	4.76190476190476e-05
rf_020_009	1.64389253502696e-05	0.000237626758999664	9.52380952380952e-05
mprestamos_hipotecarios_rank_tend6	1.63988196746072e-05	0.000736621201401972	9.52380952380952e-05
mttarjeta_master_debitos_automaticos_rank_lag1	1.62865379889574e-05	0.000368310600700986	4.76190476190476e-05
ctransferencias_emitidas_delta1	1.61542969319098e-05	0.000359747505279447	4.76190476190476e-05
Visa_madelantopesos_rank_delta1	1.60436894994819e-05	3.57867762634856e-05	9.52380952380952e-05
mprestamos_hipotecarios_rank_lag1	1.56636049127174e-05	0.000368310600700986	4.76190476190476e-05
vm_status05_delta1	1.53627590719809e-05	0.000309555594808721	4.76190476190476e-05
ctransferencias_emitidas_delta2	1.53348809540739e-05	0.000650205232745999	9.52380952380952e-05
rf_012_020	1.50566188212216e-05	3.61779587884664e-05	9.52380952380952e-05
ccajeros_propios_descuentos_delta1	1.49189600027135e-05	2.79000702671248e-05	4.76190476190476e-05
minversion1_pesos_rank_tend6	1.48351212182389e-05	0.000313721364149415	4.76190476190476e-05
mttarjeta_master_debitos_automaticos_rank_delta1	1.48166212745255e-05	0.000177672638912978	4.76190476190476e-05
minversion2_rank_lag1	1.47059778068461e-05	0.000368310600700986	4.76190476190476e-05
catm_trx_lag2	1.46657458345571e-05	0.000120904808454927	4.76190476190476e-05
Master_msaldodolares_rank_lag1	1.46327971409777e-05	1.92011935763322e-05	4.76190476190476e-05
cproductos	1.42880146269075e-05	7.59739254070289e-06	4.76190476190476e-05
ctarjeta_visa_lag1	1.41385986146235e-05	0.000368310600700986	4.76190476190476e-05
ctarjeta_master_descuentos	1.3569987293995e-05	9.76721696423137e-05	4.76190476190476e-05
cextraccion_autoservicio_delta1	1.3561295868536e-05	0.000368310600700986	4.76190476190476e-05
ctarjeta_debito_transacciones	1.32267796763356e-05	0.000172076596046304	9.52380952380952e-05
rf_009_008	1.31345664206931e-05	0.000121471910517048	4.76190476190476e-05
mttarjeta_master_debitos_automaticos_rank_lag2	1.30679303108791e-05	0.00030698979246319	4.76190476190476e-05
cprestamos_prendarios_delta2	1.29443002929604e-05	1.15493560583969e-05	4.76190476190476e-05
ccheques_emitidos	1.29291211362666e-05	0.000368310600700986	4.76190476190476e-05
vmr_mpagosdolares	1.28506723938283e-05	0.000338251144609374	4.76190476190476e-05
mcheques_emitidos_rank_delta2	1.2845506879128e-05	8.48756129497502e-05	4.76190476190476e-05
rf_011_010	1.27146116001255e-05	6.66856917729111e-05	4.76190476190476e-05
cextraccion_autoservicio_lag1	1.25890342926565e-05	0.000257935795263573	4.76190476190476e-05
vm_status02_lag2	1.25618609411098e-05	3.18121604559942e-05	4.76190476190476e-05
cinversion1_lag1	1.24602664794616e-05	0.000368310600700986	4.76190476190476e-05
ctarjeta_master_delta1	1.23244315990661e-05	0.000211559537163164	4.76190476190476e-05
vmr_mpagosdolares_delta1	1.22766474696529e-05	0.000234944383466872	4.76190476190476e-05
rf_008_015	1.21949430808419e-05	0.000112439740486312	4.76190476190476e-05
ctarjeta_master_descuentos_tend6	1.2104475196069e-05	0.000368310600700986	4.76190476190476e-05
vm_status06_lag2	1.20700961802007e-05	7.99692064613531e-06	4.76190476190476e-05
ccuenta_debitos_automaticos_delta1	1.16362040331435e-05	0.000359352083729475	4.76190476190476e-05
cpayroll_trx	1.12972529929402e-05	0.000368310600700986	4.76190476190476e-05
vmr_mpagosdolares_lag2	1.12870065077834e-05	0.000163411499085911	4.76190476190476e-05
rf_012_021	1.09392760329492e-05	9.67978707378528e-05	4.76190476190476e-05
ctransferencias_emitidas_lag2	1.04122667171509e-05	0.000361760379802672	4.76190476190476e-05
mcheques_emitidos_rank_tend6	1.03647632469078e-05	0.000368310600700986	4.76190476190476e-05
ctransferencias_emitidas	1.02635783397522e-05	0.000355576437157514	4.76190476190476e-05
vm_msaldodolares_rank_lag1	1.0238185268225e-05	0.000222250755599879	4.76190476190476e-05
rf_015_024	9.76740757636593e-06	0.000178263188082082	4.76190476190476e-05
ccheques_emitidos_rechazados_lag1	9.69850609660894e-06	0.000368310600700986	4.76190476190476e-05
vmr_msaldodolares_lag1	9.50333917467706e-06	0.000252539781388678	4.76190476190476e-05
vmr_mconsumosdolares_delta1	9.41642769202947e-06	0.000335803505085477	4.76190476190476e-05
rf_011_018	9.40159780008061e-06	0.00031618768187718	4.76190476190476e-05
ccallcenter_transacciones_lag1	9.33217311619178e-06	0.000368310600700986	4.76190476190476e-05
ctransferencias_emitidas_lag1	9.13621411171328e-06	0.000368310600700986	4.76190476190476e-05
vm_status06_tend6	9.11331578836439e-06	7.23906245940492e-06	4.76190476190476e-05
mtarjeta_master_descuentos_rank_lag1	9.03625578907871e-06	2.53635436879405e-05	4.76190476190476e-05
catm_trx_other_lag1	8.87262525606314e-06	0.000329453975526595	4.76190476190476e-05
rf_004_018	8.73593038053169e-06	0.000347615415754274	4.76190476190476e-05
vm_status04_lag2	8.71469522263501e-06	8.02155997889739e-06	4.76190476190476e-05
rf_003_027	8.64901751191288e-06	0.00031951650872115	4.76190476190476e-05
vmr_Visa_mlimitecompra_delta1	8.52623432240356e-06	0.000313048286462511	4.76190476190476e-05
mtarjeta_master_descuentos_rank_lag2	8.43183443730739e-06	1.24445851487525e-05	4.76190476190476e-05
mforex_buy_rank_delta1	8.37058213265935e-06	1.02700977977335e-05	4.76190476190476e-05
ccajas_otras_lag2	7.96332765927619e-06	0.000299298611494554	4.76190476190476e-05
rf_009_024	7.72165655234374e-06	2.41050831436407e-05	4.76190476190476e-05
mtarjeta_master_consumo_rank_lag1	7.71786020395267e-06	5.25917284939401e-05	9.52380952380952e-05
cpagomiscuentas	7.71000677133662e-06	0.000350588032029441	4.76190476190476e-05
Master_Finiciomora_delta1	7.66998546667163e-06	0.000368310600700986	4.76190476190476e-05
Master_msaldodolares_rank_delta1	7.55489996126361e-06	1.75983122514873e-05	9.52380952380952e-05
vm_msaldodolares_rank_lag2	7.45771150209258e-06	0.00021986511181648	4.76190476190476e-05
vm_status01_lag1	6.9444309241167e-06	7.62044223909322e-06	4.76190476190476e-05
minversion1_pesos_rank_lag1	6.89290190049363e-06	1.09501963697793e-05	4.76190476190476e-05
minversion1_pesos_rank_delta1	6.46977528481156e-06	0.000368310600700986	4.76190476190476e-05
rf_007_027	6.46779681090904e-06	0.000155053334028797	4.76190476190476e-05
cliente_edad_delta2	6.28122984033629e-06	0.00035673832741373	4.76190476190476e-05
vm_status04_delta1	6.21423892189252e-06	0.000368310600700986	4.76190476190476e-05
cseguro_vivienda_tend6	5.81742289067879e-06	0.000352771924717159	4.76190476190476e-05
mtarjeta_master_consumo_rank	5.78870210227596e-06	0.000282906831731223	4.76190476190476e-05
cprestamos_hipotecarios_lag2	5.46382282776949e-06	0.000368310600700986	4.76190476190476e-05
cseguro_vivienda	5.11071686359662e-06	0.000368310600700986	4.76190476190476e-05
vm_status05_lag1	4.93857508137936e-06	8.03480693199528e-06	4.76190476190476e-05
mprestamos_prendarios_rank_delta1	4.89294544421241e-06	0.000368310600700986	4.76190476190476e-05
ccheques_depositados_rechazados_tend6	4.77354090602069e-06	0.000368310600700986	4.76190476190476e-05
cpagomiscuentas_delta1	4.20640495174547e-06	0.000368310600700986	4.76190476190476e-05
vm_status06_lag1	4.03312909858549e-06	7.90313221820223e-06	4.76190476190476e-05
catm_trx_other_lag2	3.97080266624957e-06	7.45988916754678e-06	4.76190476190476e-05
rf_005_021	3.91092940295565e-06	8.42916872571952e-06	4.76190476190476e-05
vm_mpagosdolares_rank_delta2	3.32695285899841e-06	0.000362798675986484	4.76190476190476e-05
