Feature	Gain	Cover	Frequency
rf_003_021	0.22987274671866	0.00634981139191157	0.00232941861593711
rf_013_016	0.0709874732237657	0.00408789738434019	0.00326765666957844
Visa_status_tend6	0.0479579475450063	0.00244959257112203	0.000776472871979035
ctrx_quarter_normalizado	0.02785911584449	0.0022070981368658	0.000647060726649196
rf_018_027	0.0243977090871935	0.00206365092454406	0.00287942023358892
mpasivos_margen_rank	0.0131037319377864	0.00342615980579919	0.00262059594292924
rf_017_021	0.0109507089559562	0.00108594942554382	0.000388236435989518
mcuentas_saldo_rank	0.010627389310013	0.00649136612763149	0.00229706557960465
cdescubierto_preacordado_delta2	0.00996278929122678	0.00201379384181336	0.000388236435989518
rf_009_026	0.00846476480210134	0.000905924335521384	0.000420589472321977
mpayroll_sobre_edad_rank	0.00751205357174185	0.00139169691136643	0.000388236435989518
cdescubierto_preacordado	0.00680761287282579	0.00267971862885215	0.00152059270762561
mprestamos_personales_rank	0.00555464758228343	0.00526859581360706	0.00113235627163609
rf_016_022	0.00550857494922605	0.000476146865147228	0.000161765181662299
mprestamos_personales_rank_lag2	0.00542033362813552	0.00161263262185311	0.000711766799314116
rf_008_022	0.00523186301022318	0.000759288382453376	0.00229706557960465
rf_012_028	0.00469508383750331	0.000815876159401915	0.000323530363324598
cproductos_delta2	0.00435513886571407	0.00163646314967507	0.000388236435989518
cdescubierto_preacordado_delta1	0.00425731544969269	0.00102730256889848	0.000226471254327219
foto_mes	0.00399785818283231	0.00511880121812025	0.00213530039794235
thomebanking	0.00379663960598591	0.00210394417519724	0.00524119188585849
ctarjeta_master_delta1	0.00358076729344996	0.000140152596282365	3.23530363324598e-05
mcomisiones_mantenimiento_rank_tend6	0.00352850918028826	0.00189001845370241	0.00165000485295545
rf_014_015	0.00351901424667566	0.0010939029085773	0.000808825908311495
mcuentas_saldo_rank_delta2	0.00343349721850421	0.00247137729792108	0.0039470704325601
Visa_delinquency	0.00301810465228657	0.00114912838210993	0.000808825908311495
mrentabilidad_rank_delta2	0.00298899717766305	0.00245206373233167	0.00624413601216474
mcomisiones_otras_rank_delta2	0.0029739939061998	0.00268741972855736	0.00537060403118833
mrentabilidad_annual_rank_lag2	0.00290526009141615	0.00286812291619276	0.00488530848620143
rf_012_027	0.00289094783608179	0.0011887821318289	0.0033000097059109
mcomisiones_otras_rank_tend6	0.00280820340697372	0.00242711080246862	0.00372059917823288
mprestamos_personales_rank_delta1	0.00276914629288397	0.00447537758659874	0.00126176841696593
rf_007_020	0.00270169481632899	0.0014211351116937	0.000517648581319357
mcomisiones_otras_rank	0.00266906347798117	0.00153894943752508	0.00310589148791614
mrentabilidad_annual_rank_lag1	0.00265423304020049	0.00173625681013079	0.0029764793425863
tcallcenter	0.00248011312022957	0.00166915719231397	0.00142353359862823
rf_003_018	0.00243312481507098	0.001523881949221	0.00255588987026432
mcuentas_saldo_rank_tend6	0.00240926730220487	0.00285975947623426	0.00232941861593711
mactivos_margen_rank_delta2	0.00238304945563186	0.00400337118901723	0.00663237244815426
mcomisiones_rank_tend6	0.00236850192132713	0.00299490424197287	0.00349412792390566
mactivos_margen_rank	0.0023679930029091	0.00310216795320823	0.00252353683393186
mpayroll_rank	0.00234708195572047	0.000795358660713774	0.000129412145329839
Visa_cconsumos_tend6	0.00232842037306222	0.00204108797893098	0.00436765990488207
mprestamos_personales_rank_lag1	0.00231961253165548	0.00163012169765099	0.000873531980976415
ctrx_quarter_delta2	0.00231657468917954	0.00175011151288688	0.00197353521628005
vm_Finiciomora	0.00227755268064663	0.00352145757285158	0.000744119835646575
mcomisiones_rank_lag2	0.00226946065229831	0.00223280007246034	0.00465883723187421
mcuenta_corriente_rank	0.00224623993821641	0.00247089076731	0.00242647772493449
rf_007_025	0.00224318834644584	0.000629787849835498	0.000550001617651817
rf_010_015	0.00223245581709358	0.00102609314728121	0.00161765181662299
cliente_vip_delta1	0.0021323125514345	0.00170679373442111	0.000744119835646575
rf_009_016	0.00211879161705147	0.000384893073963671	9.70591089973794e-05
mprestamos_personales_rank_delta2	0.00209617819149735	0.0029740089207505	0.00100294412630625
rf_004_022	0.00209322849303183	0.00116849886894805	0.00255588987026432
mcomisiones_otras_rank_lag2	0.00205960798051769	0.00140891545631507	0.00410883561422239
mrentabilidad_annual_rank_delta1	0.00203528255114047	0.0027300256815785	0.0059529586851726
Visa_mpagominimo_rank	0.00198748902989512	0.00121566684316845	0.00203824128894497
mrentabilidad_annual_rank_delta2	0.00198366376452349	0.00260087871578388	0.00537060403118833
rf_014_030	0.00196676832474785	0.000787984127861593	0.000258824290659678
Visa_mpagospesos_rank_tend6	0.00194576488758301	0.00245438307403657	0.00520883884952603
cprestamos_personales_delta2	0.00193631171256432	0.00205378363050607	0.000323530363324598
Visa_mconsumototal_rank_tend6	0.0019190582937022	0.00153871697220763	0.00410883561422239
Visa_msaldototal_rank	0.00179228174874394	0.00085268924667933	0.00155294574395807
chomebanking_transacciones	0.00176945266450883	0.0032098047951797	0.00359118703290304
mrentabilidad_rank_lag2	0.00171764337461837	0.002517558312574	0.00417354168688731
Master_fechaalta_lag1	0.00166706252602365	0.00214289574864127	0.00372059917823288
ctrx_quarter_delta1	0.00166158780362286	0.00113442561471517	0.000550001617651817
thomebanking_lag2	0.00165416627128277	0.00194530208782664	0.00537060403118833
rf_010_010	0.00164984756641648	0.00163881798970149	0.000388236435989518
Master_Fvencimiento_lag2	0.00163289772509345	0.00202999630263647	0.00475589634087159
ctrx_quarter_normalizado_tend6	0.00161538870620817	0.00195909022016434	0.00194118217994759
Master_mfinanciacion_limite_rank_tend6	0.00161196527979872	0.00272537062113757	0.00495001455886635
mcuenta_corriente_rank_lag2	0.00160845427165143	0.00164294296548101	0.00187647610728267
Visa_fechaalta_lag1	0.00159208007370227	0.00236800786763765	0.00333236274224336
mactivos_margen_rank_delta1	0.00158626668057429	0.00231488308031331	0.00436765990488207
ctarjeta_visa_transacciones_tend6	0.00157491774732398	0.00239910351203899	0.00129412145329839
internet	0.00156957057393997	0.00142756243247555	0.000258824290659678
Visa_mpagospesos_rank_delta2	0.00156563485540776	0.00194856315308334	0.00443236597754699
Master_Fvencimiento_lag1	0.00155413484118095	0.00184983993079158	0.00475589634087159
cliente_edad_lag2	0.00152957894348807	0.002832936643515	0.00262059594292924
Master_fechaalta_tend6	0.00151091188829123	0.000974322342070489	0.00152059270762561
Master_mlimitecompra_rank_delta2	0.00150353971945019	0.00218889210120272	0.00533825099485587
vm_fultimo_cierre_tend6	0.0014951740879693	0.00267134731021382	0.00255588987026432
mrentabilidad_rank_delta1	0.00149110301699315	0.0025528224868052	0.00478824937720405
mcomisiones_rank_delta2	0.00148922059985761	0.00184259960107011	0.00449707205021191
Master_mfinanciacion_limite_rank	0.00148220834144709	0.00257070053922336	0.00342942185124074
Master_status_delta1	0.00147222499534968	0.000382319932538614	0.000129412145329839
cdescubierto_preacordado_lag1	0.00146187536144738	0.00205626249334655	0.00119706234430101
vm_Fvencimiento_lag1	0.00146147321821556	0.00267737777569556	0.00355883399657058
Master_mlimitecompra_rank_lag1	0.00145447910219121	0.00172216928795928	0.00407648257788993
Master_Fvencimiento_tend6	0.00143557594610631	0.00107924201326752	0.00145588663496069
chomebanking_transacciones_delta2	0.00143431525624624	0.00220475772633166	0.00333236274224336
rf_004_025	0.0014256234297513	0.000527213546544182	0.000194118217994759
mcomisiones_otras_rank_lag1	0.00140726165022076	0.00178596437499356	0.00401177650522502
mttarjeta_visa_debitos_automaticos_rank_tend6	0.00140386258616326	0.00130480144652477	0.00113235627163609
Master_mlimitecompra_rank_tend6	0.0013986928458517	0.00220342065239613	0.00446471901387945
Visa_mfinanciacion_limite_rank_tend6	0.00139258882286649	0.00291011548300499	0.00407648257788993
mcomisiones_rank_lag1	0.0013760226112074	0.00195009374155959	0.00310589148791614
mrentabilidad_annual_rank_tend6	0.00137180055083315	0.00249082913876786	0.00300883237891876
ctrx_quarter_normalizado_delta2	0.00136774668570748	0.00243575362572562	0.0024911837975994
rf_012_016	0.00136496799987658	0.000480774925617933	0.00106765019897117
mcomisiones_rank_delta1	0.00136448045134999	0.00200831736260603	0.00365589310556796
Master_mfinanciacion_limite_rank_delta2	0.00135531252968928	0.00187760395591567	0.00440001294121453
mcuentas_saldo_rank_lag2	0.00133668371825748	0.00259907228498883	0.00252353683393186
mpasivos_margen_rank_delta1	0.00133411916373831	0.00276284719948667	0.00391471739622764
tcallcenter_tend6	0.0013262518184587	0.00176475567706756	0.000679413762981656
Master_fechaalta_lag2	0.00132127292850283	0.00219674679090252	0.00385001132356272
mcomisiones_otras_rank_delta1	0.00132029628697824	0.00232281682238496	0.00352648096023812
Visa_mpagominimo_rank_lag1	0.0013153226630519	0.00103610349689918	0.00207059432527743
vm_fechaalta_lag2	0.00130825232867781	0.00173069614413103	0.002814714160924
thomebanking_lag1	0.00129380861690773	0.001391553413164	0.00433530686854961
vm_msaldopesos_rank	0.00128627978237971	0.000765384975731053	0.000873531980976415
mrentabilidad_rank_lag1	0.00128518424900662	0.00212831904012391	0.00365589310556796
cprestamos_personales_tend6	0.0012821260931467	0.00357170770432922	0.000582354653984277
mpasivos_margen_rank_delta2	0.00128111430310474	0.0025916294112284	0.00417354168688731
Visa_mpagospesos_rank	0.00127783382508079	0.000994568601713446	0.0029764793425863
Master_fechaalta	0.00127556731349067	0.00183696386630067	0.00397942346889256
Master_Fvencimiento	0.00127015728774633	0.00228325867911795	0.00391471739622764
vm_msaldopesos_rank_delta2	0.00126857425151738	0.00108368160509358	0.00116470930796855
Visa_mpagospesos_rank_delta1	0.00126412679036288	0.00235306696935792	0.00452942508654437
mcuenta_corriente_rank_tend6	0.00125737506914	0.00358866129547165	0.00239412468860203
Visa_mlimitecompra_rank_delta2	0.00125297827198483	0.00196574752757785	0.00404412954155748
Visa_mconsumospesos_rank_lag1	0.0012287974500328	0.0010296503269655	0.0031382445242486
chomebanking_transacciones_delta1	0.00122409030750112	0.00237771378152572	0.00284706719725646
mprestamos_personales_rank_tend6	0.00122031642964462	0.00193227960382505	0.000647060726649196
mcuenta_debitos_automaticos_rank	0.00122001102560829	0.00179469218176341	0.000647060726649196
Visa_Fvencimiento	0.00121493821890399	0.00184374289489144	0.0029764793425863
Visa_msaldopesos_rank_delta2	0.00120049142673579	0.00080890361627042	0.00177941699828529
mactivos_margen_rank_lag2	0.00119847314325697	0.00272660580338217	0.00300883237891876
Visa_mfinanciacion_limite_rank	0.0011947807917963	0.00173236863736885	0.00342942185124074
rf_011_021	0.00119241183200163	0.000953751817211308	0.00242647772493449
rf_013_024	0.0011911848059382	0.00107012461020594	0.00245883076126695
cproductos_tend6	0.00119097926452402	0.00211572554581323	0.000388236435989518
Master_mfinanciacion_limite_rank_delta1	0.00118658708322736	0.00163929133016318	0.00446471901387945
rf_007_015	0.00118240939691554	0.00103630825405046	0.00203824128894497
Visa_mlimitecompra_rank_tend6	0.00118097178729908	0.00271215506521771	0.00385001132356272
Visa_Finiciomora	0.0011787348277046	0.0019546788676514	0.000355883399657058
Visa_mfinanciacion_limite_rank_delta2	0.00117113141668622	0.00185904656654165	0.00391471739622764
rf_013_026	0.00117005412981974	0.000882294315675057	0.000808825908311495
Visa_mconsumospesos_rank_tend6	0.00116057595617545	0.00197505534682291	0.00401177650522502
mcomisiones_rank	0.00115720291783931	0.00193874445899175	0.00291177326992138
Visa_mconsumospesos_rank	0.00115226767028231	0.00162698120275316	0.0036235400692355
cliente_edad	0.00115196677106581	0.00177124346007783	0.00216765343427481
mrentabilidad_rank_tend6	0.00115077032273042	0.00273700318208158	0.00275000808825908
Visa_mlimitecompra_rank_lag2	0.00114178185756732	0.00155011644816275	0.00287942023358892
rf_017_020	0.00113926982242732	0.000706145890230533	0.00158529878029053
ccaja_seguridad_lag2	0.00113058927643381	0.000373878768075655	9.70591089973794e-05
Master_mlimitecompra_rank	0.00112852324746164	0.00178266232289682	0.00323530363324598
Visa_msaldopesos_rank	0.00112577972821993	0.00151673536693714	0.00216765343427481
vm_fechaalta	0.0011256952419457	0.00208935905685309	0.00310589148791614
Visa_mconsumototal_rank_lag1	0.00112289233156258	0.00132638486862775	0.00317059756058106
rf_006_019	0.0011213542064372	0.00138033346487979	0.00359118703290304
Visa_mpagominimo_rank_lag2	0.00111804196434537	0.00109011627340832	0.00220000647060727
ctarjeta_debito_lag2	0.00111800325942294	0.00126514397877711	0.000291177326992138
mplazo_fijo_dolares_rank	0.00111108872481712	0.00165572342351997	0.000258824290659678
rf_001_022	0.00111049535484631	0.000795887417507797	0.00291177326992138
mrentabilidad_rank	0.00111022724752421	0.00187582647262969	0.00275000808825908
mpasivos_margen_rank_lag1	0.00110731029986594	0.00118975492747757	0.00177941699828529
mrentabilidad_annual_rank	0.00110425990489492	0.0027537904357025	0.00304118541525122
Visa_fechaalta_lag2	0.00109695839822994	0.00167361776444476	0.00294412630625384
vm_Fvencimiento_lag2	0.00109305051876599	0.00252527711717772	0.00307353845158368
Master_mlimitecompra_rank_delta1	0.00108381008303575	0.00172103121708301	0.00433530686854961
Master_mfinanciacion_limite_rank_lag2	0.00108012365954423	0.00153031759130516	0.0033000097059109
Visa_mfinanciacion_limite_rank_delta1	0.00107915128493337	0.00200465590106951	0.0037853052508978
internet_lag2	0.00107850323390941	0.00108749833859003	0.000226471254327219
chomebanking_transacciones_lag2	0.00107712681738882	0.00175109643639103	0.0033000097059109
rf_003_019	0.00106750258747456	0.000629590086119133	0.000194118217994759
Master_fultimo_cierre_tend6	0.00106688093046782	0.00257838127829529	0.0031382445242486
Visa_delinquency_lag1	0.00106536492425475	0.000786630411321463	0.000420589472321977
Visa_Fvencimiento_lag2	0.00106399366085519	0.00168531822367456	0.00304118541525122
Visa_mlimitecompra_rank	0.00105701132875708	0.00135531715148007	0.00307353845158368
vmr_msaldototal_tend6	0.00105299547402948	0.00193953232697548	0.00165000485295545
mcomisiones_mantenimiento_rank_delta2	0.00104515913232132	0.00197552523482938	0.00116470930796855
rf_019_021	0.00104493284036978	0.000489310545714447	0.000517648581319357
mcuentas_saldo_rank_delta1	0.00104162345510929	0.00237584255080212	0.00216765343427481
mactivos_margen_rank_tend6	0.00102712750298924	0.00278402517941376	0.00207059432527743
rf_009_025	0.00102643538001141	0.000786631739188851	0.00194118217994759
ccaja_seguridad	0.00102480885906529	0.0019690269174045	0.000258824290659678
Visa_mconsumototal_rank_delta1	0.00101930385621241	0.00164671455148626	0.00368824614190042
mtarjeta_visa_consumo_rank_delta2	0.00101879963018395	0.00156856459831296	0.00152059270762561
Visa_mconsumototal_rank_lag2	0.00101846514425975	0.00154468493939763	0.00381765828723026
vm_Fvencimiento	0.001010084689693	0.00172941404390538	0.00213530039794235
ctrx_quarter_tend6	0.00101005938183099	0.00163651830043393	0.00155294574395807
ctarjeta_visa_transacciones_delta2	0.00100762139040146	0.00133651941810877	0.000744119835646575
Visa_cconsumos_lag1	0.00100519522955972	0.00125935739827236	0.00255588987026432
Visa_fechaalta	0.00100264512189237	0.00203729461590056	0.00294412630625384
rf_002_015	0.00100092659629821	0.0009022696903708	0.00287942023358892
Visa_mlimitecompra_rank_delta1	0.00100050648211691	0.00148885342718897	0.00365589310556796
rf_016_020	0.000988699245053156	0.00068236697218773	0.00226471254327219
mtransferencias_recibidas_rank	0.000981751925188557	0.00271657854558613	0.00158529878029053
Visa_mfinanciacion_limite_rank_lag1	0.000972130423769351	0.00120623818799106	0.00275000808825908
Master_mlimitecompra_rank_lag2	0.000970623937532667	0.00142811668432343	0.00310589148791614
Visa_Fvencimiento_lag1	0.000968566450184853	0.00143776125073817	0.0029764793425863
Visa_mconsumospesos_rank_lag2	0.000965734295217744	0.00127230233481848	0.00323530363324598
numero_de_cliente	0.000963947571511101	0.00302186933355166	0.00239412468860203
cliente_edad_lag1	0.000961170756087957	0.00149358860229567	0.00184412307095021
Visa_mconsumospesos_rank_delta2	0.000946876177290122	0.00135363315005822	0.0036235400692355
rf_015_025	0.000933098625269396	0.00111017822505778	0.00284706719725646
rf_019_017	0.000929828993710756	0.000768213156219156	0.000841178944643955
ccajas_consultas_tend6	0.000927980602338694	0.00345263544545865	0.000711766799314116
Master_mfinanciacion_limite_rank_lag1	0.00092214766718806	0.00147638068028614	0.00320295059691352
Visa_msaldototal_rank_delta2	0.000915317813611221	0.00107344719998496	0.00229706557960465
rf_017_016	0.000915246618464717	0.000825344827649945	0.00145588663496069
mcaja_ahorro_rank_tend6	0.000912989250266231	0.00251892513073903	0.00232941861593711
Visa_mconsumototal_rank	0.000911075708872411	0.00154425037266368	0.00323530363324598
cliente_antiguedad	0.000909365519535208	0.00267170875571691	0.00232941861593711
ccomisiones_mantenimiento_tend6	0.000907425041088895	0.00398553483163506	0.000679413762981656
rf_006_013	0.00090730865344901	0.000811125315460039	0.00103529716263871
cliente_antiguedad_lag2	0.000907281252458254	0.00158233918640329	0.00184412307095021
rf_014_025	0.00090724280310464	0.000913382789592506	0.0026529489792617
vmr_mpagominimo_tend6	0.000906301242223791	0.00104762460550706	0.00113235627163609
mcaja_ahorro_rank_delta2	0.000902863091584675	0.00265615995974682	0.00200588825261251
mpasivos_margen_rank_lag2	0.000896235809068059	0.00213482222639589	0.0029764793425863
Visa_mpagospesos_rank_lag2	0.000876607025538577	0.00131387441029108	0.00294412630625384
vmr_Master_mlimitecompra_lag1	0.00087449702727428	0.00210943623471527	0.00262059594292924
vm_status01	0.000871110538881734	0.00211306724382634	0.000582354653984277
rf_004_019	0.000870069146439707	0.00110695283517159	0.00287942023358892
cliente_vip_lag1	0.000869370801122805	0.000732241051621001	0.000226471254327219
mactivos_margen_rank_lag1	0.000860600401287993	0.00193898232430324	0.00203824128894497
vm_fechaalta_lag1	0.000859777616193034	0.00104740400247162	0.00216765343427481
Visa_mfinanciacion_limite_rank_lag2	0.000859527925318995	0.00159476528089855	0.0026529489792617
vmr_Master_mlimitecompra_lag2	0.000857759730146019	0.0018003547394541	0.00275000808825908
vm_mpagominimo_rank	0.000857149840865254	0.00126269140771091	0.00110000323530363
rf_007_026	0.000856681580718606	0.000673283474006802	0.00194118217994759
Visa_mpagospesos_rank_lag1	0.000833561589264309	0.00098524148412901	0.00275000808825908
vmr_mpagominimo	0.000829976446000542	0.000528357725610438	0.00142353359862823
mtransferencias_emitidas_rank	0.000823929071237535	0.00249816985526389	0.00142353359862823
Visa_msaldototal_rank_tend6	0.000821004961029833	0.00109633547310818	0.00203824128894497
Visa_fultimo_cierre_tend6	0.000819947406539231	0.00159179554974685	0.00223235950693973
vm_mlimitecompra_rank_tend6	0.000818849899035975	0.00299211970405959	0.00216765343427481
rf_016_015	0.00081365488175556	0.000488734959463863	0.000647060726649196
mcomisiones_mantenimiento_rank_lag2	0.000808677558780445	0.00136172207556531	0.00174706396195283
Visa_mconsumosdolares_rank_tend6	0.000802700630131969	0.00136766330835855	0.00229706557960465
vm_mpagominimo_rank_tend6	0.000793925057446731	0.000935923249984483	0.00132647448963085
chomebanking_transacciones_lag1	0.000793491471741328	0.00145419573425626	0.00242647772493449
Visa_mconsumospesos_rank_delta1	0.000785836576044274	0.00122741492857525	0.0024911837975994
mcuenta_corriente_rank_lag1	0.000775403756327284	0.00274199587493711	0.00165000485295545
vm_mfinanciacion_limite_rank_delta2	0.000773118933158664	0.00140873097127259	0.00200588825261251
Visa_mlimitecompra_rank_lag1	0.00077171992193067	0.00179810524357382	0.00262059594292924
mcuenta_corriente_rank_delta2	0.000770567479030782	0.00183165832788845	0.00126176841696593
Visa_msaldopesos_rank_tend6	0.000769904550954269	0.00149875772446486	0.00194118217994759
rf_010_019	0.000769238830095925	0.0007966720100853	0.00213530039794235
Visa_mconsumototal_rank_delta2	0.000761857009942885	0.000892699130431842	0.00262059594292924
vm_Fvencimiento_tend6	0.000760269372065065	0.0011328477541599	0.00113235627163609
Visa_mpagominimo_rank_tend6	0.000747880896724926	0.00127468700759889	0.00216765343427481
Visa_msaldototal_rank_lag2	0.00074504494130276	0.000863047320504046	0.00181177003461775
vmr_Master_mlimitecompra	0.000734756640339226	0.00123932572199935	0.00232941861593711
vm_mpagospesos_rank_tend6	0.00072477433431135	0.00141400862446965	0.00145588663496069
Master_mpagominimo_rank_tend6	0.000718850457271489	0.00199890039266165	0.00161765181662299
Master_mpagominimo_rank_lag1	0.000716142363264443	0.000940220937048977	0.00148823967129315
vm_mpagominimo_rank_lag2	0.000703564157953574	0.00111753195465421	0.00126176841696593
Visa_mconsumosdolares_rank_lag1	0.000702220165689551	0.00132515951260182	0.00216765343427481
mpasivos_margen_rank_tend6	0.000700736185498723	0.00178780037296913	0.00203824128894497
cprestamos_personales	0.000698523613221376	0.000574986054524229	9.70591089973794e-05
vm_mpagominimo_rank_lag1	0.000696168152244846	0.000606880012799424	0.00100294412630625
Visa_msaldopesos_rank_delta1	0.000694465394294957	0.00118528178486884	0.00207059432527743
vm_mlimitecompra_rank_delta2	0.000683997194861582	0.0016041243558248	0.00207059432527743
Visa_mconsumosdolares_rank	0.000682434660170153	0.00152182348919565	0.00229706557960465
Visa_mpagominimo_rank_delta2	0.000680422042218988	0.00126872036827628	0.00200588825261251
mcuentas_saldo_rank_lag1	0.000679497874013299	0.00249360517832985	0.00142353359862823
mpagomiscuentas_rank	0.000679431269760645	0.000831524722475114	0.000550001617651817
vm_mfinanciacion_limite_rank_tend6	0.000676955356054329	0.00219961764019603	0.00220000647060727
mcaja_ahorro_dolares_rank	0.000675659491207481	0.00211239082817874	0.000808825908311495
rf_009_015	0.000673075188764229	0.000888730754479647	0.00216765343427481
vm_status02_tend6	0.000673038453229599	0.00122498723289145	0.000485295544986897
rf_020_025	0.00067277792261829	0.000711627769431917	0.00207059432527743
internet_lag1	0.000671047397540215	0.00199941073636122	0.000323530363324598
mttarjeta_visa_debitos_automaticos_rank_delta2	0.000668801442567057	0.00141707723747953	0.000905885017308874
Master_fultimo_cierre_lag2	0.000663955019240428	0.00160214547931825	0.00187647610728267
Visa_cconsumos_lag2	0.000662050435726683	0.000889610422362153	0.00213530039794235
Visa_mpagominimo_rank_delta1	0.000652924462174734	0.00124197348957163	0.00197353521628005
vm_fechaalta_tend6	0.000651130268805193	0.000816460686626247	0.000808825908311495
mcomisiones_mantenimiento_rank	0.000648285774067936	0.00321817744168542	0.00184412307095021
ccajas_transacciones	0.000644365942408277	0.000697722253617099	0.000679413762981656
vm_status05_tend6	0.000641762231018793	0.000249805052424792	0.000161765181662299
ctrx_quarter_normalizado_delta1	0.000639667126845704	0.00095333035210226	0.000776472871979035
rf_005_019	0.00063312955192172	0.000643494097017578	0.00262059594292924
mcaja_ahorro_rank_delta1	0.000630422030654855	0.00221128968306372	0.00155294574395807
Visa_Fvencimiento_tend6	0.000624832291346545	0.00057610057788548	0.000905885017308874
vm_mfinanciacion_limite_rank_delta1	0.000620615699844014	0.00116990384116937	0.00181177003461775
chomebanking_transacciones_tend6	0.00061920300127173	0.00123774591390524	0.00116470930796855
vm_fultimo_cierre_lag2	0.000616506822334406	0.000833360720450676	0.00177941699828529
mpayroll_sobre_edad_rank_delta2	0.000616172427240351	0.0016731310567847	0.000614707690316736
rf_001_006	0.000615743028649846	0.00128825241231331	0.000291177326992138
cdescubierto_preacordado_lag2	0.000613977450308298	0.00101203483819225	0.00103529716263871
Visa_msaldototal_rank_delta1	0.000609154258159751	0.000733927089106178	0.00187647610728267
rf_011_016	0.000608444369913694	0.000596421906298122	0.000970591089973794
vm_Finiciomora_delta1	0.000606680278372963	0.00150420100698749	0.000291177326992138
mautoservicio_rank_delta2	0.000604072155156448	0.00185039338591903	0.00155294574395807
vmr_msaldopesos	0.000602286279538038	0.000467724290827705	0.00113235627163609
cliente_antiguedad_lag1	0.000601155208925659	0.00105634391392563	0.00158529878029053
vmr_Visa_mlimitecompra_lag1	0.000600743442603188	0.000898324861933625	0.00177941699828529
mcomisiones_mantenimiento_rank_delta1	0.000598440756416348	0.00144383004732518	0.000841178944643955
mtransferencias_recibidas_rank_tend6	0.000596429844016297	0.0013710069669668	0.00148823967129315
mtarjeta_visa_consumo_rank_lag2	0.000593163253396713	0.00203722034385131	0.00181177003461775
rf_002_026	0.000590912341223948	0.00137644768227914	0.00113235627163609
rf_013_015	0.000588790453295484	0.000908722594731005	0.000388236435989518
rf_017_018	0.000587332924826366	0.000710780147415716	0.00135882752596331
thomebanking_delta2	0.000585109371319744	0.00105577248832619	0.000938238053641334
ctrx_quarter_normalizado_lag2	0.000581278439929286	0.00151602699394773	0.00116470930796855
vm_mpagominimo_rank_delta2	0.000580694062508667	0.00163206737747283	0.00119706234430101
vmr_Visa_mlimitecompra_lag2	0.000580140225681376	0.000759159048169756	0.00132647448963085
Visa_delinquency_tend6	0.000580089579199699	0.00100765464630069	0.000323530363324598
vmr_mpagominimo_lag1	0.00057897403300728	0.000871808678056572	0.00132647448963085
rf_005_022	0.000578929247790349	0.000696133327500254	0.00184412307095021
mtransferencias_recibidas_rank_delta2	0.000576529097045557	0.00143589940361078	0.00148823967129315
rf_011_022	0.000569542926100371	0.000302798026779713	9.70591089973794e-05
Master_mconsumototal_rank_tend6	0.000568062446185266	0.00178311539124971	0.00161765181662299
Master_msaldototal_rank_tend6	0.000566683562812957	0.0010349690555271	0.00132647448963085
mpayroll_sobre_edad_rank_tend6	0.000564355246486177	0.00136490860319927	0.000485295544986897
mcaja_ahorro_dolares_rank_delta2	0.000564084442376603	0.00240816957089489	0.000841178944643955
ctrx_quarter	0.000563145841944224	0.000964485500457929	0.000614707690316736
rf_003_022	0.000562862830025188	0.000623855735064987	0.000647060726649196
mcaja_ahorro_rank_lag1	0.000552581654540681	0.00115310870886862	0.000776472871979035
mttarjeta_visa_debitos_automaticos_rank_lag2	0.000552007089964806	0.000929028608406436	0.00129412145329839
vm_mlimitecompra_rank_delta1	0.000549627061497063	0.00116778571563604	0.00207059432527743
vm_mlimitecompra_rank	0.000549164380103273	0.000900300905656407	0.00155294574395807
vm_status06	0.000548925963689422	0.0004317147403692	0.000355883399657058
rf_020_016	0.00054613375900387	0.000789150349526495	0.00103529716263871
mcaja_ahorro_rank	0.000543980030259656	0.00230847727098315	0.000905885017308874
vm_Finiciomora_lag1	0.00054370050520221	0.00156542109358238	0.000485295544986897
mcaja_ahorro_rank_lag2	0.000539640927070138	0.00141135404051145	0.00113235627163609
rf_010_017	0.000538480812420982	0.000985426942940909	0.00155294574395807
Visa_cconsumos	0.000533682905625123	0.000717248809135595	0.00165000485295545
Visa_mconsumosdolares_rank_delta2	0.000533551261405456	0.000985981194788788	0.00171471092562037
rf_013_021	0.000532662336321069	0.000990513029136086	0.000905885017308874
ctrx_quarter_lag2	0.000532600468883303	0.00129055068518899	0.00142353359862823
vmr_msaldopesos2_tend6	0.000529641953355398	0.0013620728981293	0.00116470930796855
Master_mpagospesos_rank_tend6	0.000529056076481996	0.00174008434361533	0.00152059270762561
active_quarter_lag2	0.000525336093656187	0.000387632464385743	0.000679413762981656
Master_msaldototal_rank_delta2	0.000522044497534572	0.000797715625328014	0.00122941538063347
Visa_mconsumosdolares_rank_lag2	0.000513805565744503	0.000871332062188663	0.00187647610728267
Master_Fvencimiento_delta2	0.000513081519410655	0.000442883167398752	0.000776472871979035
vm_mfinanciacion_limite_rank_lag1	0.00050785581614939	0.000746958602606014	0.00161765181662299
vm_msaldototal_rank_tend6	0.000507787956625208	0.000737869084759591	0.00122941538063347
ccaja_ahorro	0.000505314878159758	0.00182611111761156	0.000258824290659678
Master_mconsumospesos_rank	0.000504157416528008	0.00053319337601618	0.000970591089973794
ccomisiones_otras_lag2	0.000501177096716539	0.00112444421260627	0.00113235627163609
rf_013_017	0.000496591259385328	0.000851627926538104	0.000420589472321977
mtransferencias_recibidas_rank_lag2	0.000492970071038989	0.00106409874799782	0.00158529878029053
rf_002_024	0.00049207300592803	0.00070767975411301	0.00165000485295545
Visa_mpagado_rank_tend6	0.000491235658999943	0.0015720484797174	0.00126176841696593
rf_006_020	0.000491093087578032	0.00121199387344791	0.000258824290659678
Visa_fultimo_cierre	0.000489673975390367	0.000605780715650892	0.00129412145329839
Master_fultimo_cierre	0.000486530610552872	0.00100702125355647	0.00145588663496069
vmr_msaldopesos_lag2	0.000484862625922648	0.000441062838258371	0.00110000323530363
rf_010_013	0.000478167241106368	0.000967547916753329	0.00148823967129315
rf_017_015	0.000475264321926011	0.000589913231507609	0.000776472871979035
vmr_mpagominimo_lag2	0.000474408716106115	0.000703027614980331	0.00122941538063347
Master_cconsumos_tend6	0.000474341525315416	0.00110314867215308	0.00145588663496069
vmr_msaldototal_lag2	0.000471942197964656	0.000741929260610564	0.00113235627163609
mtransferencias_recibidas_rank_lag1	0.000468467604344342	0.00132046930793734	0.00122941538063347
vm_mconsumospesos_rank_tend6	0.000468062457955764	0.000536496047784371	0.00106765019897117
mtarjeta_visa_consumo_rank_delta1	0.00046691627982011	0.00100240293077995	0.000905885017308874
ccaja_ahorro_delta2	0.000466694159630039	0.000686514433188361	9.70591089973794e-05
ccajas_transacciones_delta1	0.000466295823835573	0.000880342616187727	0.000388236435989518
Visa_msaldopesos_rank_lag2	0.000465248971079268	0.000653588633427961	0.00132647448963085
Master_msaldototal_rank	0.000464066078758119	0.00130646694632767	0.00126176841696593
rf_011_017	0.00046402225187259	0.000524850208166477	0.00110000323530363
vm_mlimitecompra_rank_lag2	0.000464013846766576	0.000563462998377508	0.00122941538063347
ccomisiones_otras_tend6	0.000463259688054003	0.00108692841790697	0.00116470930796855
rf_015_029	0.00046176221380858	0.000979845119587432	0.00168235788928791
rf_015_015	0.000460583927561101	0.000519108244005971	0.00145588663496069
rf_011_024	0.000459432285232587	0.00056411861076936	0.00126176841696593
Master_msaldopesos_rank	0.000458939819545549	0.00105084140851748	0.00113235627163609
tcallcenter_delta2	0.00045868572009639	0.000620280142286253	0.000679413762981656
vm_mconsumototal_rank_delta2	0.000456648177695381	0.000615750255477791	0.000647060726649196
Visa_msaldopesos_rank_lag1	0.000453617329521129	0.000757362355068887	0.00129412145329839
vmr_msaldopesos2_lag2	0.00045347789902607	0.000993278180185492	0.00122941538063347
Visa_status	0.000453416852458718	0.000861100578388299	0.000485295544986897
Visa_cconsumos_delta1	0.00044764401599842	0.000389356390353733	0.00110000323530363
vm_mfinanciacion_limite_rank_lag2	0.000443549303254288	0.000793592597087329	0.00122941538063347
mextraccion_autoservicio_rank_lag2	0.000442498393942231	0.000818118396273806	0.000970591089973794
vmr_Visa_mlimitecompra	0.000440625123333744	0.000865201564030338	0.00132647448963085
Master_mconsumospesos_rank_tend6	0.000440615600535751	0.00146368370084366	0.00126176841696593
mautoservicio_rank_lag2	0.000435515101742806	0.00112067776102159	0.00142353359862823
Visa_cconsumos_delta2	0.000435107720961086	0.000949157307523281	0.00116470930796855
cmobile_app_trx_tend6	0.000433993959729075	0.00327749212710258	0.000905885017308874
vmr_msaldopesos_delta2	0.000432506097569468	0.000368820655620125	0.000711766799314116
Master_mpagominimo_rank	0.000432105752398859	0.000858745295739417	0.00126176841696593
mtarjeta_visa_consumo_rank_tend6	0.000430977859818146	0.00116227063974995	0.000841178944643955
ctransferencias_recibidas_tend6	0.000430337260853149	0.00153694542006265	0.00100294412630625
vmr_mconsumospesos_lag1	0.000426384293202554	0.000577645418805033	0.00106765019897117
mplazo_fijo_dolares_rank_delta2	0.000426175717967106	0.00130722099795524	0.000355883399657058
ctarjeta_master_transacciones_tend6	0.000425161042599342	0.000834408584869034	0.000323530363324598
Visa_msaldototal_rank_lag1	0.000423626616774685	0.000738350392425605	0.00135882752596331
vmr_mpagominimo_delta2	0.000421820591663525	0.000569856060180746	0.00116470930796855
mtransferencias_emitidas_rank_lag2	0.000420110762729523	0.00179681136959065	0.00126176841696593
vm_mfinanciacion_limite_rank	0.000419206772928105	0.000485217438752244	0.00106765019897117
mtransferencias_emitidas_rank_lag1	0.000418774893061744	0.000532185790241934	0.000808825908311495
rf_002_017	0.000418302219517155	0.000563540811406462	0.00152059270762561
tcallcenter_delta1	0.000418084858748681	0.000904548487858116	0.000420589472321977
mpagomiscuentas_rank_tend6	0.000416513556346222	0.00196033363518674	0.000517648581319357
thomebanking_tend6	0.000412767920278356	0.00301685415547502	0.000679413762981656
rf_019_023	0.000409042274926989	0.000953728358220781	0.00106765019897117
vmr_msaldopesos2_delta2	0.00040702225588887	0.00119832232786691	0.00135882752596331
rf_006_018	0.000406434434423489	0.000803098180048753	0.000938238053641334
rf_014_023	0.000401259598231865	0.000879574223592362	0.00100294412630625
rf_003_025	0.000396676348608848	0.000408652428093619	0.000258824290659678
mcaja_ahorro_dolares_rank_lag2	0.000396000210998784	0.000714804470847204	0.00110000323530363
Master_status	0.000393899153186352	0.00128027538176481	0.000647060726649196
vm_status05	0.000393116865477338	9.71283650339093e-05	0.000258824290659678
Master_mpagominimo_rank_lag2	0.000390652097812482	0.000945390767414109	0.00100294412630625
mcuenta_debitos_automaticos_rank_tend6	0.000390386370884482	0.00279232576698254	0.000808825908311495
vmr_msaldopesos_tend6	0.000390331512094066	0.0007656899426079	0.00113235627163609
vm_status05_delta2	0.00038943914313217	0.00089326657242911	0.000258824290659678
vm_status01_tend6	0.000388627305375475	0.000575580319442742	0.000614707690316736
ccaja_seguridad_lag1	0.00038426013175779	0.000246128364675562	3.23530363324598e-05
tcallcenter_lag1	0.000379448646895401	0.0011163836149368	0.000873531980976415
ccaja_ahorro_tend6	0.000377826368348786	0.00185921051390186	0.000258824290659678
Master_fultimo_cierre_lag1	0.000376382261329421	0.000988229982473128	0.00119706234430101
cpagomiscuentas_tend6	0.000376092057538174	0.00110786906366952	0.000420589472321977
mcuenta_corriente_rank_delta1	0.000376044751971644	0.00131551928388722	0.000873531980976415
Master_msaldototal_rank_delta1	0.000374882514383514	0.00160931242223539	0.00129412145329839
ccajas_transacciones_delta2	0.000374763945100887	0.00044222410255169	0.000388236435989518
vm_mpagospesos_rank_delta2	0.000374226095819883	0.000340024611961846	0.000679413762981656
tcallcenter_lag2	0.000372217812589891	0.00108294012394395	0.000841178944643955
Visa_fechaalta_delta1	0.000371027662545333	0.000214112154076151	0.000517648581319357
vmr_Master_mlimitecompra_tend6	0.00037007414851028	0.00109653040404078	0.000905885017308874
rf_014_017	0.000369517944359515	0.000484349102004786	0.000550001617651817
rf_013_019	0.000368482306631337	0.000833470579345935	0.000323530363324598
Master_mconsumototal_rank_lag2	0.000367705056809973	0.000773082711505547	0.00103529716263871
vm_msaldopesos_rank_tend6	0.000367378318171043	0.000486850538590874	0.00113235627163609
cmobile_app_trx_lag2	0.000366341700448992	0.0021718148413442	0.000841178944643955
vmr_msaldopesos2_lag1	0.000363735679643762	0.000879145942097387	0.00100294412630625
rf_008_019	0.000360422250083591	0.000557839922610501	0.00139118056229577
Master_madelantopesos_rank_tend6	0.000354455963913072	0.000228162673009772	0.000905885017308874
ccomisiones_otras_delta1	0.000348039747934486	0.00106447453446871	0.000550001617651817
mplazo_fijo_dolares_rank_tend6	0.000348026245999935	0.000935066244372071	0.000194118217994759
mttarjeta_visa_debitos_automaticos_rank_lag1	0.00034788901399997	0.000511376780399814	0.000841178944643955
mtransferencias_emitidas_rank_delta2	0.000347653200046471	0.00187629937046891	0.000841178944643955
Visa_fechaalta_tend6	0.000347621715314978	0.000559379097962531	0.000647060726649196
vmr_mpagospesos_tend6	0.000346371557417645	0.00121566666611947	0.000970591089973794
Visa_cadelantosefectivo_lag2	0.000345167381271129	9.36850278470505e-05	0.000355883399657058
matm_rank_lag2	0.000342369575372091	0.00078890752684342	0.000808825908311495
Master_msaldototal_rank_lag2	0.000340169937096585	0.000447226090478941	0.000873531980976415
rf_019_024	0.000339498298212722	0.000392288233022617	0.00122941538063347
rf_004_021	0.00033785446615707	0.000668808206810245	0.000679413762981656
vm_cconsumos_tend6	0.000336979348447634	0.000802105820487227	0.000679413762981656
Visa_mpagosdolares_rank_tend6	0.000334859003279956	0.00135470279150175	0.00126176841696593
Visa_mconsumosdolares_rank_delta1	0.000334501712157898	0.000423702300023678	0.00106765019897117
Master_msaldopesos_rank_tend6	0.000334446875859866	0.000880707868244004	0.000970591089973794
rf_001_013	0.000334107832023513	0.00042739501070606	0.00110000323530363
vm_fultimo_cierre_lag1	0.000331250879960372	0.00129341268203325	0.000970591089973794
Master_mpagospesos_rank_lag1	0.000330547583236329	0.000630877409289848	0.000905885017308874
mcaja_ahorro_dolares_rank_tend6	0.000329759470778821	0.00143874918407506	0.000776472871979035
mpagomiscuentas_rank_lag2	0.000328657983817204	0.000418363741975738	0.000841178944643955
vm_fultimo_cierre	0.000328454702455777	0.000553210711321393	0.000938238053641334
Master_mconsumospesos_rank_lag1	0.000326722601183206	0.000435399926469715	0.000841178944643955
rf_001_015	0.000324228274460164	0.000647005332490225	0.000776472871979035
cextraccion_autoservicio_tend6	0.000323925707309712	0.00143896359039603	0.000647060726649196
rf_003_023	0.000322953919363932	0.000787129600934973	0.000614707690316736
Master_mconsumosdolares_rank_tend6	0.000319673025006254	0.000690954379112389	0.00110000323530363
Master_msaldopesos_rank_lag2	0.000317072653740109	0.000301505038041474	0.000841178944643955
Master_mpagospesos_rank	0.000316584696632922	0.00128096888263948	0.000808825908311495
Master_msaldototal_rank_lag1	0.000314897669540064	0.00114229314046639	0.00110000323530363
Visa_msaldodolares_rank_tend6	0.000314744984069385	0.00179793722408695	0.000776472871979035
Master_fultimo_cierre_delta2	0.000314593737416898	0.000328322470766688	0.000970591089973794
ccomisiones_otras	0.000314509535684883	0.000969359039346484	0.000647060726649196
mtransferencias_emitidas_rank_tend6	0.000313384877705537	0.00129369454401754	0.000808825908311495
ctarjeta_debito_transacciones_lag2	0.000311864034799872	0.000692656970677673	0.000679413762981656
mcuenta_debitos_automaticos_rank_delta2	0.000311358099909105	0.00163179109253157	0.000614707690316736
Master_delinquency	0.000311203498232921	0.000591560141167076	0.000258824290659678
mttarjeta_visa_debitos_automaticos_rank	0.000311075070240055	0.000469544354394608	0.000808825908311495
mtransferencias_recibidas_rank_delta1	0.000310664751424476	0.000636170731322093	0.000873531980976415
Master_cadelantosefectivo_tend6	0.000309269759782918	0.00028946986770533	0.00119706234430101
Master_fechaalta_delta2	0.000308813200278874	0.000296747466238164	0.000517648581319357
vm_msaldopesos_rank_delta1	0.000308354724455	0.000752683481539457	0.000841178944643955
vm_mlimitecompra_rank_lag1	0.000304517186807307	0.000322078130110939	0.000808825908311495
mcomisiones_mantenimiento_rank_lag1	0.000303380916795697	0.00107276954499446	0.000808825908311495
mautoservicio_rank	0.000303183839877249	0.00157712146428768	0.000711766799314116
Visa_mpagosdolares_rank_lag2	0.000302262871712904	0.000268785411824232	0.000679413762981656
ctarjeta_debito_transacciones_tend6	0.000300631373998551	0.00195789956573949	0.000808825908311495
ccaja_ahorro_lag1	0.0003005871257873	0.000246128364675562	3.23530363324598e-05
rf_016_019	0.000298242119086495	0.000586545582761883	0.00119706234430101
vmr_mconsumospesos_lag2	0.000297214693526078	0.000641942705285575	0.000808825908311495
Master_madelantodolares_rank_tend6	0.00029680414592501	0.000340054267666851	0.00113235627163609
Master_mpagominimo_rank_delta2	0.000295759776070516	0.000989780046337742	0.000711766799314116
vmr_mconsumototal	0.000294994119379683	0.000884325244583223	0.000744119835646575
Master_msaldopesos_rank_lag1	0.000294220185152596	0.000879824216759333	0.000808825908311495
Master_mpagosdolares_rank_tend6	0.00029299483052908	0.000533236133346083	0.000808825908311495
Visa_madelantopesos_rank	0.000291954344608061	0.000157680888430448	0.000614707690316736
vmr_mconsumospesos_delta2	0.000291409601749934	0.0010105684299731	0.000679413762981656
vm_msaldototal_rank	0.000290479777141426	0.000512563451222495	0.000614707690316736
ccallcenter_transacciones_tend6	0.00029027837125193	0.0013746376219799	0.000679413762981656
Master_delinquency_delta2	0.000289245718100586	0.000449682556622811	9.70591089973794e-05
vm_mconsumospesos_rank_lag1	0.000287477113178352	0.000274783565866189	0.000614707690316736
rf_008_013	0.000285244180550619	0.000211980749868937	0.000744119835646575
Master_msaldopesos_rank_delta1	0.000285077208808163	0.00105846469519373	0.000808825908311495
rf_002_020	0.000284133041917097	0.000595608631785032	0.000647060726649196
ctrx_quarter_normalizado_lag1	0.00028232357930734	0.000800092330904094	0.000550001617651817
mtransferencias_emitidas_rank_delta1	0.000282285898194896	0.00109219589078739	0.000679413762981656
ccajas_transacciones_lag1	0.000282124455446402	0.000503838211662931	0.000744119835646575
rf_019_016	0.000281405592061429	0.000360104002936339	0.000776472871979035
vm_mconsumototal_rank_lag2	0.000281036965251796	0.000568073176900716	0.000841178944643955
rf_010_016	0.00028038247906854	0.000795238710026364	0.000388236435989518
ccajas_transacciones_lag2	0.00027937045753116	0.000848141035300909	0.000711766799314116
ctarjeta_visa_transacciones	0.00027763389612713	0.00217160857927655	0.000711766799314116
ccajas_transacciones_tend6	0.000277111514560889	0.000859542547319355	0.000355883399657058
Master_mconsumospesos_rank_lag2	0.000276813882591896	0.000567508036540253	0.000744119835646575
vmr_mconsumospesos_tend6	0.000275841329498553	0.00115426439611891	0.000776472871979035
vm_status01_delta2	0.000275090961870621	0.000394351561895057	0.000194118217994759
Master_mpagospesos_rank_lag2	0.000274412435460921	0.000874861533706776	0.000841178944643955
vm_mconsumototal_rank_tend6	0.000274230432505009	0.000750537205217494	0.000744119835646575
vm_status02_delta1	0.000273922325580171	8.28454693073354e-05	0.000291177326992138
mttarjeta_visa_debitos_automaticos_rank_delta1	0.000273348209369996	0.00103530456335388	0.000776472871979035
mautoservicio_rank_tend6	0.000271962109261907	0.000749929484576114	0.000808825908311495
rf_005_013	0.000271876777440002	0.000453401027932527	0.00103529716263871
rf_020_015	0.000271198919890812	0.000256069045517888	0.000970591089973794
mcuenta_debitos_automaticos_rank_lag2	0.00026958280805146	0.00188327147097794	0.000744119835646575
vm_status04	0.000268755226235314	0.000190407773656079	0.000388236435989518
mcaja_ahorro_dolares_rank_lag1	0.00026846649989564	0.000879557935085732	0.000679413762981656
mextraccion_autoservicio_rank_delta2	0.000268453286026207	0.00102244301687975	0.000744119835646575
Master_cconsumos	0.000268215935976646	0.000580927375841967	0.000647060726649196
ccajas_consultas	0.000268033328546368	0.000241769064564251	3.23530363324598e-05
vmr_msaldopesos_lag1	0.000267128988599242	0.000764613927400911	0.000808825908311495
vmr_mpagospesos_delta2	0.000266113559539702	0.000890762037485783	0.000808825908311495
Visa_fultimo_cierre_lag2	0.000266065038944043	0.000392285665812333	0.000711766799314116
vm_msaldopesos_rank_lag2	0.000265633295996686	0.000495543909333119	0.000841178944643955
rf_020_023	0.000265210261938031	0.000599749896071183	0.000711766799314116
vmr_msaldototal	0.000263707358462025	0.000518502736476904	0.000808825908311495
rf_007_018	0.000261355464044311	0.000590667902806628	0.000808825908311495
rf_019_020	0.000261004480054485	0.000544676950239223	0.000647060726649196
ctarjeta_visa_debitos_automaticos_tend6	0.000260162011802673	0.00150341818489984	0.000550001617651817
vm_mconsumospesos_rank_lag2	0.000259791371992371	0.000294595081726215	0.000647060726649196
vmr_mconsumospesos	0.000259244020898362	0.000522970390567101	0.000711766799314116
ctarjeta_visa_transacciones_lag2	0.000258986279579855	0.000924456141317055	0.000776472871979035
matm_rank_delta2	0.000258723751583824	0.000758242200000378	0.000679413762981656
ccajas_extracciones_tend6	0.000257010021169577	0.00268443424004599	0.000614707690316736
Visa_fultimo_cierre_lag1	0.000252471711330887	0.000334638781834882	0.000905885017308874
mtarjeta_visa_consumo_rank	0.000250508622618252	0.000863850503224985	0.000517648581319357
mpayroll_rank_tend6	0.000250473757288135	0.00145655774476657	0.000614707690316736
vmr_msaldototal_lag1	0.000250033377231238	0.000565113094918707	0.000841178944643955
vm_mpagospesos_rank_delta1	0.000248925669567086	0.000893732919455883	0.000744119835646575
vmr_mpagominimo_delta1	0.000248850316047835	0.000812814451302455	0.000614707690316736
vmr_msaldopesos2	0.000247535815466466	0.000567252466330251	0.000776472871979035
vmr_mconsumototal_lag2	0.000247399279239963	0.000506302822060117	0.000841178944643955
ctransferencias_emitidas_tend6	0.000245561267087147	0.00154889454459203	0.000679413762981656
ctarjeta_debito_transacciones_delta2	0.000243085059605815	0.00126402299312791	0.000485295544986897
rf_010_020	0.000239334721274615	0.000542910443990315	0.000614707690316736
ccaja_ahorro_delta1	0.000239298110582881	0.000651407212882455	9.70591089973794e-05
mpagomiscuentas_rank_delta2	0.000238987033045796	0.00128911340152789	0.000420589472321977
rf_018_019	0.000238975215872145	0.000433799846266808	0.000679413762981656
Master_mconsumototal_rank_lag1	0.000236939171077783	0.000341506866065164	0.000582354653984277
vm_mconsumototal_rank_delta1	0.00023609624674545	0.000426462582225993	0.000517648581319357
mextraccion_autoservicio_rank_tend6	0.000234331960090058	0.000962858508809285	0.000485295544986897
mautoservicio_rank_lag1	0.000234205470507151	0.000632982875820744	0.000647060726649196
Master_mconsumototal_rank	0.000233709176042097	0.000404679802965782	0.000744119835646575
Master_msaldopesos_rank_delta2	0.000233661645026673	0.000570793357507904	0.000841178944643955
vmr_msaldopesos_delta1	0.000233146513189559	0.000571773323640473	0.000517648581319357
Master_mconsumototal_rank_delta2	0.00023204747648785	0.000537250453509913	0.000711766799314116
Visa_mpagado_rank_delta2	0.00023124508192931	0.00113174296849283	0.000614707690316736
rf_001_020	0.000230510403959067	0.000348312806101672	0.000258824290659678
vmr_mconsumototal_tend6	0.000229669799865246	0.000947044139361534	0.000647060726649196
vmr_mconsumototal_lag1	0.00022838802310356	0.000260304765437594	0.000647060726649196
vm_mpagominimo_rank_delta1	0.000227331748824271	0.00106282594284388	0.000711766799314116
Master_mconsumospesos_rank_delta1	0.000225738921396107	0.000706500342298718	0.000744119835646575
vmr_Visa_mlimitecompra_tend6	0.000225414711778538	0.000732953939359536	0.000679413762981656
Visa_fultimo_cierre_delta2	0.000223960320505891	0.000369860729883138	0.000550001617651817
rf_007_016	0.0002238535579637	0.00090380364277777	0.000517648581319357
rf_012_023	0.000223275894858609	0.000704602731276338	0.000517648581319357
rf_007_021	0.000223122347479077	0.000404815156914897	0.000485295544986897
vmr_msaldopesos2_delta1	0.000222269210960551	0.000596638083108938	0.000647060726649196
vm_Finiciomora_tend6	0.000221660757644089	0.00116967190699888	0.000420589472321977
rf_008_018	0.000221496765126363	0.000408614982233269	0.000517648581319357
mprestamos_prendarios_rank	0.000220253741379821	0.000738385094026686	9.70591089973794e-05
catm_trx_tend6	0.000220033981298046	0.00169222950785721	0.000582354653984277
mpayroll_rank_delta1	0.000218255050203364	0.00128358460434545	0.000258824290659678
internet_tend6	0.000218204363208296	0.00265374297552663	0.000517648581319357
vm_msaldototal_rank_lag1	0.000217897506380721	0.000927386921692028	0.000452942508654437
vmr_mpagospesos_lag2	0.000217468878222135	0.000261062003946898	0.000582354653984277
rf_006_014	0.000217000317680206	0.000421930216731739	0.000744119835646575
thomebanking_delta1	0.000216836820807918	0.00067892115631508	0.000452942508654437
Master_fultimo_cierre_delta1	0.000215926778793605	0.000475001358213584	0.000938238053641334
Visa_Finiciomora_lag1	0.000214729431795725	0.000553233550640472	0.000161765181662299
Visa_mpagosdolares_rank_delta2	0.0002142591680654	0.000878078779339653	0.000647060726649196
vmr_mpagospesos	0.000214147380507707	0.000926574443899371	0.000711766799314116
rf_008_010	0.000212337124431661	0.000379799109088657	0.000161765181662299
rf_009_018	0.000211851513578274	0.0010367761059936	0.000582354653984277
active_quarter_lag1	0.000211483843033725	0.000372382704151499	0.000517648581319357
vmr_Master_mlimitecompra_delta2	0.000208633013235062	0.000679367408282043	0.000452942508654437
rf_014_024	0.000207459579097113	0.000775414889261872	0.000679413762981656
vmr_mpagospesos_lag1	0.000205245815756543	0.000236007093868427	0.000614707690316736
rf_006_017	0.000205208157187295	0.000636811294550211	0.000485295544986897
vm_msaldototal_rank_delta2	0.000203630355163184	0.000744133343426164	0.000711766799314116
Master_mpagominimo_rank_delta1	0.00020346678430992	0.00125734311196879	0.000679413762981656
mcuenta_debitos_automaticos_rank_lag1	0.000202711666994952	0.000755875055069493	0.000550001617651817
rf_014_028	0.000201551986475917	0.000962990321778698	0.000291177326992138
rf_018_025	0.000200775348826803	0.000373645151939806	0.000420589472321977
rf_003_028	0.000200557194918078	0.000363393041932677	0.000452942508654437
vm_mconsumototal_rank_lag1	0.000197618163265854	0.000328011130126377	0.000420589472321977
Master_cconsumos_lag2	0.000197403800069155	0.000386597790116776	0.000679413762981656
Master_cconsumos_lag1	0.000197033963074386	0.000419071318244719	0.000647060726649196
vm_msaldototal_rank_delta1	0.000196650105329762	0.000183288722489408	0.000550001617651817
vm_mconsumospesos_rank_delta1	0.000195540032679447	0.000336703527099203	0.000582354653984277
vm_mconsumosdolares_rank_lag2	0.000195373013547163	0.00133376905064962	0.000550001617651817
rf_016_017	0.000192989408567978	0.000885771203644594	0.000582354653984277
vm_mpagospesos_rank_lag2	0.000192175502934616	0.000461588392675335	0.000550001617651817
rf_003_009	0.000191461232331972	0.00028955272663036	0.000194118217994759
vmr_mconsumosdolares_lag1	0.000191225245756197	0.000845676159330246	0.000452942508654437
Master_mpagospesos_rank_delta2	0.000189903347449874	0.000792586781802934	0.000582354653984277
mpayroll_sobre_edad_rank_lag2	0.000189110701184799	0.000986321571462657	0.000355883399657058
Master_mpagosdolares_rank_lag2	0.000188278510055776	0.000309358753971848	0.000550001617651817
Visa_cadelantosefectivo_tend6	0.000188056375215168	0.000160816957103653	0.000679413762981656
rf_001_019	0.000187529702261163	0.000349055526594197	0.000517648581319357
Master_Fvencimiento_delta1	0.000187447763723721	0.000294787533973027	0.000647060726649196
rf_018_021	0.00018737349617338	0.000379273450651874	0.000517648581319357
Visa_fultimo_cierre_delta1	0.000187334973696708	0.000262409081150086	0.000647060726649196
vmr_mconsumosdolares_tend6	0.000187312796002299	0.00111862859606796	0.000485295544986897
vm_msaldototal_rank_lag2	0.000187168751790734	0.000259599933427882	0.000517648581319357
rf_015_019	0.000186385925212966	0.000459160342893574	0.000582354653984277
mpayroll_sobre_edad_rank_delta1	0.000185278974210922	0.000995721987326927	0.000388236435989518
vm_msaldopesos_rank_lag1	0.000184608685383007	0.000805463554489786	0.000452942508654437
rf_008_017	0.000184091346717778	0.00115224364752738	0.000388236435989518
vmr_msaldototal_delta2	0.000181918692664411	0.000876705587411161	0.000679413762981656
rf_012_025	0.000181707139322077	0.000521179805656219	0.000355883399657058
vm_cconsumos_delta2	0.000180922403330555	0.000263814584518361	9.70591089973794e-05
mprestamos_prendarios_rank_lag2	0.000179864019026784	0.000656302263222701	9.70591089973794e-05
Visa_mpagado_rank_lag1	0.000177404616066635	0.000340508752411621	0.000420589472321977
rf_014_016	0.000176993938050385	0.000241803943214317	0.000194118217994759
cplazo_fijo_tend6	0.000174344263202085	0.000493367711732672	9.70591089973794e-05
Visa_mpagosdolares_rank_lag1	0.000173980054452311	0.000151200275904073	0.000550001617651817
Visa_delinquency_lag2	0.000172320189098672	0.000230998112506265	0.000194118217994759
rf_012_015	0.000171880938437247	0.00053394008011087	0.000226471254327219
ctarjeta_visa_delta2	0.000170484340211914	6.56763210255427e-05	6.47060726649196e-05
vmr_mconsumototal_delta1	0.000169665162417812	0.000683396246462652	0.000452942508654437
ctarjeta_master_descuentos_delta2	0.000169400847225684	0.000722360390384627	0.000258824290659678
vm_status02_delta2	0.000168157828611064	0.000450717673514241	0.000226471254327219
vmr_msaldototal_delta1	0.000167959545928047	0.000452724523760432	0.000517648581319357
vm_fultimo_cierre_delta2	0.000167789008803899	0.00030966354379971	0.000485295544986897
ctarjeta_debito_delta2	0.000167712558679279	0.000877860832038986	0.000129412145329839
cinversion1	0.000167571476958653	0.00123064182337781	0.000161765181662299
Master_madelantopesos_rank_lag2	0.000166652628464433	0.000365222931718253	0.000517648581319357
vmr_mconsumototal_delta2	0.000166021099485757	0.000480103821439883	0.000452942508654437
Master_fechaalta_delta1	0.000164355624822729	0.000218892034051585	0.000679413762981656
vm_mconsumospesos_rank_delta2	0.000164204837705919	0.000552729846277842	0.000452942508654437
rf_018_015	0.000163788132950077	0.000444219975760804	0.000323530363324598
mtarjeta_master_consumo_rank_lag2	0.000163315387740651	0.000548498021435808	0.000517648581319357
Master_mconsumosdolares_rank	0.000162796952910417	0.000181332773826436	0.000485295544986897
vm_status02	0.000162244506207338	0.000910303819216998	0.000291177326992138
mautoservicio_rank_delta1	0.000160417863209682	0.000884871352177786	0.000388236435989518
rf_015_023	0.000159297476886452	0.000703485375131326	0.000420589472321977
ccajas_consultas_delta2	0.000158780054484514	0.000412461371434724	0.000129412145329839
rf_003_015	0.000158471152204908	0.000318599206078074	0.000485295544986897
vmr_mpagospesos_delta1	0.0001581162895829	0.000881799906384145	0.000485295544986897
rf_002_021	0.000157968683173806	0.000701857232664279	0.000388236435989518
Master_cconsumos_delta1	0.000157824912935745	0.000225592629941955	0.000355883399657058
Master_cadelantosefectivo	0.000157496824923112	0.000161426094136914	0.000388236435989518
mplazo_fijo_dolares_rank_delta1	0.000157212250731823	0.00129759528725742	0.000194118217994759
vm_fultimo_cierre_delta1	0.000156584472968004	0.000190264452502635	0.000582354653984277
cmobile_app_trx_delta2	0.000156276237160786	0.000918634947735713	0.000420589472321977
ccomisiones_otras_lag1	0.000155968953553764	0.000793506285707089	0.000388236435989518
vm_cconsumos_lag1	0.000155759803644665	0.000501829502402397	0.000323530363324598
ctarjeta_visa_transacciones_lag1	0.000155743035436488	0.000459529844125493	0.000452942508654437
mtarjeta_visa_consumo_rank_lag1	0.000155117741726199	0.000415295571588322	0.000452942508654437
ccallcenter_transacciones_delta2	0.000154511640794743	0.00152680423124469	0.000355883399657058
vm_status04_delta2	0.000151726799858449	0.000963159757657446	0.000226471254327219
rf_017_019	0.000151510382470208	0.000692992301455466	0.000388236435989518
mpayroll_rank_lag2	0.00015063582327649	0.000536087330202251	0.000258824290659678
rf_020_019	0.000150037046461627	0.000206527729652126	0.000355883399657058
Visa_mpagado_rank_delta1	0.000149351524378347	0.000415704377694934	0.000355883399657058
Master_delinquency_lag1	0.000149070392334872	7.25024446463536e-05	0.000226471254327219
Visa_status_lag1	0.000148005298254698	0.000470615677803492	0.000258824290659678
mpagomiscuentas_rank_lag1	0.000147709748863721	0.00106359194527795	0.000452942508654437
vmr_mconsumosdolares	0.000147586835840951	0.000634921473683176	0.000258824290659678
vm_mconsumototal_rank	0.000146699028632733	8.85753941368546e-05	0.000258824290659678
tcuentas_lag2	0.000145865848109784	0.00140944120327635	0.000323530363324598
ccomisiones_otras_delta2	0.00014571848911692	0.000729666759377542	0.000388236435989518
Master_madelantodolares_rank_lag2	0.00014549226274558	0.000181668281653214	0.000582354653984277
matm_other_rank_tend6	0.000145367222837506	0.00118534215857276	0.000420589472321977
mpayroll_rank_delta2	0.000144651733809858	0.00102541372180086	0.000452942508654437
Visa_madelantodolares_rank_tend6	0.000144591904041555	0.000178451213069322	0.000550001617651817
ctransferencias_recibidas_lag2	0.000144586579917987	0.000748266109361031	0.000291177326992138
Master_mpagado_rank_tend6	0.000144058799010799	0.000560091366029617	0.000420589472321977
rf_001_017	0.000143660681179056	0.000381134678107814	0.000388236435989518
Master_mpagosdolares_rank_lag1	0.000142088823648287	0.000128597759842816	0.000550001617651817
vm_mconsumosdolares_rank_lag1	0.000141357087031561	0.00102176934549142	0.000355883399657058
mextraccion_autoservicio_rank_lag1	0.000140373195303598	0.000409528289422945	0.000420589472321977
Visa_mpagosdolares_rank	0.000139900518892415	0.000107912507241286	0.000452942508654437
Master_mconsumosdolares_rank_lag2	0.000139297241364954	0.000144506673448615	0.000420589472321977
mcaja_ahorro_dolares_rank_delta1	0.000138931010739505	0.000594828642481142	0.000226471254327219
rf_005_014	0.000138255121087656	0.000345570582895838	0.000420589472321977
matm_other_rank_lag2	0.000138087779372573	0.000328037687474143	0.000355883399657058
vm_mpagospesos_rank_lag1	0.000137834625145551	0.000328753585045424	0.000291177326992138
ctarjeta_master_delta2	0.000137477423857534	0.000530204966196554	9.70591089973794e-05
mforex_sell_rank_tend6	0.000137208976434975	0.00195961959662981	0.000323530363324598
vmr_mpagado_tend6	0.000136998434436968	0.000770553035606334	0.000355883399657058
Master_mconsumototal_rank_delta1	0.000135744452834262	0.000450308070687195	0.000517648581319357
mtarjeta_master_consumo_rank	0.000135686721386949	0.0011897795372865	0.000323530363324598
vmr_mconsumosdolares_lag2	0.000135192498389214	0.000551811758765568	0.000355883399657058
Master_mpagado_rank_delta1	0.000135056813214924	0.000589608795777717	0.000323530363324598
minversion2_rank	0.000134253603929881	0.000738385094026686	9.70591089973794e-05
matm_rank	0.000133482688170638	0.00072793061702958	0.000420589472321977
matm_rank_tend6	0.000133288934959307	0.000270705862165691	0.000355883399657058
mplazo_fijo_dolares_rank_lag2	0.000132567339020604	0.000684826536688841	0.000226471254327219
mextraccion_autoservicio_rank	0.000130559756848428	0.000345835094079589	0.000194118217994759
Visa_msaldodolares_rank	0.000129558526235779	0.000302684626904752	0.000323530363324598
rf_003_017	0.000128787730644811	0.000455062544133266	0.000323530363324598
ctransferencias_recibidas_delta2	0.000127874937107286	0.00142440954414876	0.000258824290659678
cseguro_accidentes_personales	0.000127485841075996	0.000669875989239427	0.000291177326992138
Visa_mpagado_rank_lag2	0.000126876584435889	0.000104373298028991	0.000291177326992138
ctarjeta_visa_lag2	0.000125997673372249	0.00111504477051142	0.000161765181662299
vm_Finiciomora_lag2	0.000123200604437545	0.00138365623170779	0.000226471254327219
Visa_madelantopesos_rank_tend6	0.000122986428094468	0.000161158130497954	0.000679413762981656
ccomisiones_mantenimiento	0.00012262146943623	0.000492256729351124	6.47060726649196e-05
Master_mconsumospesos_rank_delta2	0.000122611586059314	0.000669058022928232	0.000452942508654437
vm_mpagado_rank_tend6	0.000122119567321616	0.000468274470548926	0.000161765181662299
rf_011_026	0.000122044494787801	0.000877259131063099	0.000388236435989518
Master_msaldodolares_rank	0.00012174344316338	9.20633476679604e-05	0.000129412145329839
mtarjeta_master_descuentos_rank_lag2	0.000121554268117716	0.000191244684208681	0.000161765181662299
ctarjeta_debito_tend6	0.000121397839274028	0.00158243789121248	0.000258824290659678
Visa_madelantopesos_rank_delta1	0.000120769499607084	1.84428386806544e-05	9.70591089973794e-05
vm_cconsumos_lag2	0.000119980480035772	0.000409990298749582	0.000291177326992138
rf_017_017	0.000119684759648474	0.000540911206850484	0.000388236435989518
rf_004_016	0.000119574632597845	0.000467061242378479	0.000355883399657058
rf_012_022	0.000119297308542174	0.000491295353361992	0.000323530363324598
Master_mpagosdolares_rank	0.000118777196036207	0.000167470635012969	0.000485295544986897
ctrx_quarter_lag1	0.000117347417168423	0.00024471808098469	0.000226471254327219
rf_019_015	0.00011685180882272	0.000162366047198849	0.000550001617651817
ctarjeta_master_descuentos_lag2	0.000115382820653045	0.00021522419875161	0.000129412145329839
vm_status03	0.000114923150022864	0.000195439063190365	0.000291177326992138
Master_mconsumosdolares_rank_delta1	0.000114891038976696	0.000102578286893481	0.000485295544986897
Master_mpagospesos_rank_delta1	0.000114357490669819	0.000332474092418468	0.000388236435989518
rf_018_024	0.000113722503825759	0.000500308297522355	0.000291177326992138
Master_status_delta2	0.000112304003979714	0.000168275676748252	0.000129412145329839
rf_016_018	0.000112241100638918	0.000384373966339337	0.000291177326992138
mcajeros_propios_descuentos_rank_delta2	0.000112224926175494	0.000484955760352256	0.000226471254327219
Visa_Fvencimiento_delta2	0.000112040360984692	7.71704296631994e-05	0.000161765181662299
Visa_delinquency_delta2	0.000111540012470567	0.000638311784698995	0.000258824290659678
Visa_Fvencimiento_delta1	0.000110478462160427	6.51170232815889e-05	0.000226471254327219
mtarjeta_master_consumo_rank_delta2	0.000110289448152106	0.000384910867386674	0.000323530363324598
Visa_status_delta2	0.000107947678398447	0.000306112295256428	0.000129412145329839
ctarjeta_master_transacciones_delta2	0.000107162563017307	0.000547193435989045	0.000226471254327219
matm_rank_lag1	0.000106631255869918	0.000586211933949448	0.000323530363324598
mtarjeta_master_consumo_rank_lag1	0.000105728817941411	0.000725763980074329	0.000226471254327219
Visa_Finiciomora_tend6	0.000105636912703185	0.000647608272809008	0.000258824290659678
rf_009_019	0.000105602541087684	0.000352761161852493	0.000226471254327219
Master_madelantopesos_rank_delta2	0.000105091481828759	6.90119239049638e-05	0.000323530363324598
internet_delta2	0.000104381934660745	0.000541817697654233	0.000129412145329839
cseguro_vida_delta2	0.000104349231275597	0.00115399280297575	0.000161765181662299
rf_020_027	0.000103937928977117	0.000481067499065822	0.000355883399657058
mextraccion_autoservicio_rank_delta1	0.000103579450280866	0.000813788486294023	0.000291177326992138
Master_status_tend6	0.000102548700716935	0.000392818229159535	0.000161765181662299
rf_002_022	0.000101788506355888	0.000220896228562999	0.000258824290659678
matm_other_rank_delta2	0.000101545563129465	0.000180347319175328	0.000226471254327219
ctarjeta_debito_transacciones_delta1	0.000101448518787858	0.00152525301656167	0.000226471254327219
rf_009_021	0.00010031268507431	0.000228212423774587	0.000291177326992138
Visa_mpagado_rank	0.000100222837211789	0.000577272376593412	0.000355883399657058
Master_madelantopesos_rank	9.98511765724189e-05	9.1338951745394e-05	0.000485295544986897
vm_status01_lag2	9.97713137026809e-05	0.00134287344061079	0.000323530363324598
Visa_mpagosdolares_rank_delta1	9.94383351207416e-05	0.000119977156233451	0.000323530363324598
Master_madelantopesos_rank_lag1	9.93080354837135e-05	0.000130910285161795	0.000291177326992138
mttarjeta_master_debitos_automaticos_rank_tend6	9.87068664818073e-05	0.000714649818558713	0.000226471254327219
cseguro_vida_lag2	9.81682627574475e-05	0.00105753872900162	0.000161765181662299
vmr_Visa_mlimitecompra_delta1	9.80364818410763e-05	0.000212214188955801	0.000258824290659678
vm_mpagospesos_rank	9.72647971911848e-05	0.000165831604033338	0.000291177326992138
mpagomiscuentas_rank_delta1	9.71796270671675e-05	0.000379216440878669	0.000194118217994759
cliente_vip	9.71584430348193e-05	0.000380574760692412	0.000129412145329839
mcheques_depositados_rank	9.713423960309e-05	0.000497662300439927	9.70591089973794e-05
Master_mpagado_rank_lag1	9.70531946636966e-05	0.000629747394142401	0.000291177326992138
vm_status06_tend6	9.64520439537898e-05	0.000622590985639873	0.000129412145329839
rf_010_014	9.61941202572729e-05	0.000505080210293459	0.000161765181662299
mpayroll_sobre_edad_rank_lag1	9.54372834943534e-05	0.000620259073457025	0.000226471254327219
cmobile_app_trx_lag1	9.51889567292387e-05	0.000846559102618976	0.000258824290659678
vm_msaldodolares_rank_tend6	9.36292236777118e-05	0.00158534459292548	0.000291177326992138
Master_cconsumos_delta2	9.35340474234889e-05	0.000252658108295303	0.000355883399657058
rf_006_015	9.34619675962861e-05	0.000373584424137914	0.000258824290659678
rf_020_021	9.31524848505627e-05	0.000378551356366114	0.000355883399657058
Visa_madelantodolares_rank	9.22871275488058e-05	4.93691357277448e-05	0.000258824290659678
Visa_msaldodolares_rank_lag2	9.20111865715399e-05	0.0005165519222345	0.000258824290659678
cextraccion_autoservicio_lag2	9.18181450036742e-05	0.000479992369103758	0.000258824290659678
rf_016_014	9.16080005517891e-05	0.000210118902741549	0.000194118217994759
Master_cadelantosefectivo_lag2	9.08638118257855e-05	9.08577326038724e-05	0.000355883399657058
rf_013_022	9.08420161631732e-05	0.000254195247584005	0.000194118217994759
cprestamos_personales_lag1	9.08076908874047e-05	0.00185273999316764	0.000258824290659678
vm_Fvencimiento_delta2	9.07863813854897e-05	0.000233770611088552	0.000194118217994759
mforex_buy_rank_tend6	8.90190658459755e-05	0.00263423979047417	0.000388236435989518
vmr_mpagado_delta2	8.8846133011881e-05	0.000664647821233702	0.000258824290659678
vm_mpagado_rank_delta2	8.86907138865644e-05	0.000884403677283625	0.000194118217994759
vmr_msaldodolares2_lag2	8.86849566490979e-05	0.000707429849470531	0.000226471254327219
rf_011_025	8.84476657860113e-05	0.000402350546517711	0.000323530363324598
vm_mconsumospesos_rank	8.84366241931389e-05	0.00031767624971871	0.000258824290659678
ccajas_depositos_tend6	8.82256098550562e-05	0.000946074442070101	0.000129412145329839
Visa_madelantodolares_rank_lag2	8.80777294798694e-05	7.71621968853919e-05	0.000388236435989518
rf_004_020	8.76625024391831e-05	0.000220203170310797	0.000258824290659678
rf_019_026	8.67396014202264e-05	0.000122675825388948	0.000258824290659678
vmr_mconsumospesos_delta1	8.62785503538182e-05	0.000715520368418485	0.000323530363324598
cextraccion_autoservicio_delta2	8.62072343192159e-05	0.00072245617388557	0.000258824290659678
ccaja_ahorro_lag2	8.55649873128138e-05	0.000200402808536832	0.000161765181662299
rf_017_022	8.5096377179242e-05	0.00015773816377713	9.70591089973794e-05
rf_007_028	8.45380598282998e-05	0.000541155800023409	0.000258824290659678
ccajas_otras_tend6	8.42507849249104e-05	0.000823219885730687	0.000161765181662299
rf_014_019	8.40721991854945e-05	0.000484189315295726	0.000226471254327219
mpayroll_rank_lag1	8.34744188103664e-05	0.000563693870254087	0.000194118217994759
Master_Finiciomora_tend6	8.29726353905044e-05	0.000658872837437473	0.000129412145329839
vm_cconsumos	8.25099757756261e-05	0.000389772543993227	0.000161765181662299
rf_019_028	8.17144200706449e-05	0.000300182393598231	0.000194118217994759
rf_002_018	8.16213352016962e-05	0.000205208006517136	0.000161765181662299
tcuentas_lag1	8.10602802836612e-05	0.00109528008410796	0.000161765181662299
vm_mconsumosdolares_rank_delta2	7.98853745882273e-05	0.000308863813533981	0.000226471254327219
ctarjeta_debito_delta1	7.97651915447572e-05	0.000984513458702249	0.000129412145329839
Visa_msaldodolares_rank_lag1	7.97165863147265e-05	7.10886199757795e-05	0.000194118217994759
vm_status05_delta1	7.92999325054905e-05	0.000336071727795848	6.47060726649196e-05
cprestamos_personales_lag2	7.9279806970179e-05	0.000956151804728929	0.000194118217994759
Master_mconsumosdolares_rank_lag1	7.898520930516e-05	0.000111188887235188	0.000323530363324598
Visa_fechaalta_delta2	7.84680696839849e-05	0.000193235422997227	0.000258824290659678
cprestamos_personales_delta1	7.82669285542448e-05	0.00170633916115185	0.000226471254327219
rf_005_020	7.82024509159007e-05	0.000337569473685363	0.000291177326992138
Master_madelantodolares_rank_delta1	7.74499461388215e-05	9.03838609952328e-05	0.000258824290659678
Master_mpagado_rank_delta2	7.72155792179781e-05	0.000123463250750213	0.000226471254327219
rf_018_017	7.5911690536864e-05	0.000223371107801321	0.000226471254327219
rf_017_013	7.55189637469207e-05	0.000373983669599331	0.000161765181662299
Master_mpagosdolares_rank_delta2	7.54958639324935e-05	0.00022456114255472	0.000388236435989518
ccajas_extracciones_delta2	7.54849314141365e-05	0.000416122921495728	0.000129412145329839
rf_020_009	7.51383058827392e-05	0.000178820271678778	0.000129412145329839
rf_005_017	7.50777238644255e-05	0.000454481469364144	0.000194118217994759
mcuenta_debitos_automaticos_rank_delta1	7.49857717444817e-05	0.0004141248351743	0.000194118217994759
mtarjeta_master_consumo_rank_delta1	7.48471612052372e-05	0.00141142884370765	0.000291177326992138
rf_003_026	7.44346861016607e-05	0.000914865574842779	0.000129412145329839
Master_madelantodolares_rank_delta2	7.40875103198197e-05	8.70407335339447e-05	0.000226471254327219
mtarjeta_master_consumo_rank_tend6	7.39791773755992e-05	0.000543371922169997	0.000226471254327219
catm_trx_lag2	7.38733721147145e-05	0.000748909770946388	0.000226471254327219
mtarjeta_visa_descuentos_rank_lag1	7.37782661830674e-05	8.96729207955346e-05	9.70591089973794e-05
vm_mconsumosdolares_rank_tend6	7.3418291014952e-05	0.000164338372892944	0.000258824290659678
cforex_buy_tend6	7.19316706788654e-05	0.00143814500441339	0.000194118217994759
rf_004_017	7.18755920153278e-05	0.000223307458691175	0.000194118217994759
vmr_Master_mlimitecompra_delta1	7.12546770032253e-05	9.37338933669401e-05	0.000194118217994759
cmobile_app_trx_delta1	7.07943573458038e-05	0.000994246815183013	0.000194118217994759
rf_012_026	7.07910683088006e-05	0.000621753986562778	0.000194118217994759
Visa_status_delta1	7.04465971684535e-05	0.000352593939086059	0.000161765181662299
Master_cadelantosefectivo_lag1	7.03636425273771e-05	5.45231202087101e-05	0.000291177326992138
rf_015_022	7.02299938792995e-05	0.000611514358509099	0.000194118217994759
vm_mpagado_rank_lag1	7.01911264968152e-05	0.000444570444226824	0.000161765181662299
Master_Finiciomora	6.9918397933399e-05	0.000207855951138401	3.23530363324598e-05
vm_fechaalta_delta2	6.9571412523849e-05	0.000181119518323874	0.000161765181662299
Visa_msaldodolares_rank_delta2	6.89865975179537e-05	6.57384652193154e-05	0.000226471254327219
ctarjeta_debito_transacciones_lag1	6.89155270703814e-05	0.00060529356536837	0.000291177326992138
vmr_Visa_mlimitecompra_delta2	6.79607176907729e-05	0.000107909940031002	0.000129412145329839
Visa_cadelantosefectivo	6.76096621546706e-05	6.47554007295073e-05	0.000355883399657058
cliente_vip_delta2	6.73361898055283e-05	0.000513320955305277	0.000129412145329839
rf_010_018	6.65039715772476e-05	0.000581353709798105	0.000194118217994759
ccajas_depositos	6.54232937974856e-05	0.000738385094026686	9.70591089973794e-05
vmr_msaldodolares2_tend6	6.48998222990676e-05	0.000773871995881155	0.000226471254327219
mcajeros_propios_descuentos_rank_delta1	6.47710780578548e-05	6.13639388952849e-05	0.000129412145329839
rf_012_019	6.4294330558943e-05	0.000293994443044239	0.000194118217994759
Visa_status_lag2	6.3814799424199e-05	0.000191060553264169	6.47060726649196e-05
active_quarter	6.29213146503351e-05	0.00030509939801263	0.000226471254327219
vmr_mpagado	6.28660218652937e-05	0.000429311388920861	0.000194118217994759
rf_011_019	6.22565487021116e-05	0.000339617753394069	0.000194118217994759
rf_009_022	6.165405034608e-05	0.000893730617819077	0.000226471254327219
rf_009_023	6.11690931268082e-05	0.000229569150147464	0.000194118217994759
rf_015_024	6.0955433088119e-05	0.000139025945065635	6.47060726649196e-05
ccajeros_propios_descuentos_tend6	6.08455539957052e-05	0.00144610804809206	0.000194118217994759
Master_madelantopesos_rank_delta1	6.04051014821655e-05	6.56345374650574e-05	0.000194118217994759
mprestamos_hipotecarios_rank_tend6	5.89472262780351e-05	0.000932694761741052	0.000129412145329839
Visa_madelantodolares_rank_delta2	5.86460453901507e-05	5.55250404154322e-05	0.000258824290659678
Visa_Finiciomora_delta1	5.86184147152e-05	0.000797897100537749	0.000129412145329839
Visa_madelantopesos_rank_lag2	5.82083590672956e-05	0.00012516628493796	0.000258824290659678
vm_mpagosdolares_rank_tend6	5.79721236864532e-05	0.00042030650048932	0.000129412145329839
matm_other_rank_delta1	5.75946112332048e-05	0.000553256301435058	0.000161765181662299
matm_rank_delta1	5.73855209424751e-05	0.000437012931248535	0.000161765181662299
ccomisiones_mantenimiento_delta2	5.7160214455464e-05	0.000806611451584729	0.000129412145329839
rf_005_015	5.63874877713353e-05	0.000339013750781376	0.000194118217994759
ctarjeta_visa_transacciones_delta1	5.59014845206857e-05	0.00147131707931207	0.000258824290659678
mttarjeta_master_debitos_automaticos_rank_delta2	5.50554275140711e-05	0.000781183676343623	0.000161765181662299
mtarjeta_visa_descuentos_rank_delta2	5.49982583763718e-05	9.56336289771411e-05	0.000129412145329839
rf_008_014	5.46295415294521e-05	0.000203432470769988	0.000129412145329839
Visa_msaldodolares_rank_delta1	5.45992716577168e-05	7.81642941410991e-05	6.47060726649196e-05
vm_status03_lag2	5.45451999652631e-05	2.38723999069391e-05	9.70591089973794e-05
ccaja_seguridad_tend6	5.45293959487033e-05	0.00172289855272893	0.000226471254327219
rf_004_023	5.4331793846626e-05	0.00016382864886482	0.000129412145329839
Visa_madelantopesos_rank_lag1	5.42031504146548e-05	5.48156051321073e-05	0.000161765181662299
mprestamos_prendarios_rank_lag1	5.38629184113135e-05	0.00144106861430446	0.000194118217994759
mtarjeta_master_descuentos_rank_delta2	5.3836903394154e-05	0.000105834306254097	0.000194118217994759
vm_mpagado_rank_lag2	5.30347088408452e-05	2.10172194486067e-05	9.70591089973794e-05
mv_status07_rank	5.2888330705643e-05	0.000476922074128521	0.000161765181662299
ctarjeta_visa_descuentos_tend6	5.25405325893308e-05	0.00104189140527132	0.000161765181662299
rf_011_010	5.21110502621174e-05	0.000419343973681785	0.000161765181662299
cpagomiscuentas_delta2	5.21029085608961e-05	0.000173383451444104	6.47060726649196e-05
vmr_msaldodolares2_delta1	5.1854484780436e-05	0.00101059312830652	0.000161765181662299
catm_trx_other_tend6	5.12288577492669e-05	0.00012017854945401	0.000161765181662299
Master_mconsumosdolares_rank_delta2	5.09155864594583e-05	3.90525798900366e-05	0.000161765181662299
rf_003_016	5.06358685230401e-05	0.000342088029358778	0.000129412145329839
vm_status02_lag2	5.03893910113249e-05	2.24783161982044e-05	6.47060726649196e-05
mcheques_emitidos_rank_lag2	5.01262279441711e-05	0.00144019213330369	0.000226471254327219
Master_mpagosdolares_rank_delta1	4.98983805629356e-05	4.74478001413607e-05	0.000226471254327219
vm_fechaalta_delta1	4.93907901107197e-05	0.000101690651806646	6.47060726649196e-05
Master_msaldodolares_rank_lag2	4.92576755720899e-05	0.000248135923117694	0.000129412145329839
mv_status07_rank_delta1	4.89653577676878e-05	0.00124905482930447	0.000226471254327219
Visa_cadelantosefectivo_delta2	4.87484377527745e-05	5.3718344046905e-05	0.000258824290659678
mcheques_emitidos_rank_delta1	4.87106391004727e-05	0.000922046770203223	0.000129412145329839
vm_mconsumosdolares_rank	4.83121819013287e-05	0.000235598995957755	9.70591089973794e-05
rf_008_021	4.83035047187596e-05	0.000210946252648956	3.23530363324598e-05
Master_mpagado_rank	4.81001394173789e-05	4.52330058621613e-05	0.000161765181662299
ccajas_extracciones_lag2	4.80389595894228e-05	0.000315865923845988	9.70591089973794e-05
vmr_msaldodolares2_delta2	4.80053960738104e-05	0.000769166033857004	0.000161765181662299
rf_004_015	4.6982194737339e-05	0.000455093704754645	0.000161765181662299
mttarjeta_master_debitos_automaticos_rank_delta1	4.67908132700485e-05	7.81961629584184e-05	6.47060726649196e-05
Master_madelantodolares_rank	4.60153461734048e-05	4.58262084867632e-05	0.000194118217994759
rf_007_024	4.59685307139012e-05	0.000242701847142289	9.70591089973794e-05
vmr_mconsumosdolares_delta2	4.57837275916095e-05	0.000262246550181758	0.000129412145329839
Visa_delinquency_delta1	4.54179973539682e-05	7.18234617884672e-06	3.23530363324598e-05
vmr_mpagado_lag2	4.53381655128811e-05	6.94038218334987e-05	0.000129412145329839
minversion2_rank_lag2	4.51981421537952e-05	0.000594494551046244	9.70591089973794e-05
vmr_mpagado_lag1	4.50057319986523e-05	0.000156148175366374	9.70591089973794e-05
Visa_madelantopesos_rank_delta2	4.47053289949829e-05	4.59872345387183e-05	0.000194118217994759
rf_011_015	4.43795963144013e-05	0.000722409344429009	0.000129412145329839
rf_018_023	4.41172589616538e-05	0.000454147289404754	0.000129412145329839
ccajeros_propios_descuentos_delta1	4.3442480921388e-05	0.000101638333831547	9.70591089973794e-05
vm_Finiciomora_delta2	4.34231537302317e-05	0.000244554930344914	3.23530363324598e-05
active_quarter_delta2	4.33137236725311e-05	0.000284004454059561	9.70591089973794e-05
ctarjeta_master_transacciones_lag2	4.31514088698988e-05	0.000482802402070888	0.000129412145329839
cpayroll_trx_tend6	4.31155343295223e-05	0.000421149873329879	0.000129412145329839
ccallcenter_transacciones_lag2	4.30308507726911e-05	0.00036986878561196	0.000161765181662299
Visa_cadelantosefectivo_delta1	4.27016923393473e-05	3.41708967481664e-05	0.000129412145329839
mtarjeta_visa_descuentos_rank_delta1	4.20692812798074e-05	0.000171662446784369	6.47060726649196e-05
rf_020_018	4.20132367613356e-05	0.000674149863215424	0.000129412145329839
cforex_tend6	4.1826878412599e-05	0.000694368591741197	9.70591089973794e-05
Master_msaldodolares_rank_tend6	4.12372419066328e-05	4.14572592057636e-05	9.70591089973794e-05
ctarjeta_visa_descuentos_delta2	4.11613455553602e-05	0.000123390218043856	0.000129412145329839
mtarjeta_master_descuentos_rank_delta1	4.09511693973427e-05	0.00025518583665568	0.000161765181662299
minversion2_rank_lag1	4.06725833292036e-05	0.000438135333289623	6.47060726649196e-05
mv_status07_rank_delta2	4.04051553807484e-05	0.000657621101112765	0.000161765181662299
cseguro_auto	4.01500226368635e-05	0.000984513458702249	0.000129412145329839
rf_012_020	3.98856934886168e-05	0.00019101930085064	0.000129412145329839
mttarjeta_master_debitos_automaticos_rank	3.92778159297746e-05	0.00142552335931407	0.000194118217994759
cforex_buy_delta2	3.90187036597802e-05	0.000374394334720287	9.70591089973794e-05
rf_003_027	3.85912502540501e-05	0.000567082764878026	0.000129412145329839
Visa_cadelantosefectivo_lag1	3.81949593696299e-05	6.51272035982325e-05	0.000161765181662299
vm_status06_lag2	3.7982224228633e-05	0.000195097712747078	9.70591089973794e-05
cplazo_fijo	3.77128586831957e-05	0.000492256729351124	6.47060726649196e-05
vm_status05_lag2	3.75763521303805e-05	0.000150933551608009	9.70591089973794e-05
cmobile_app_trx	3.74273029567651e-05	0.000672336881607926	9.70591089973794e-05
ccuenta_debitos_automaticos_tend6	3.72928074399226e-05	0.00121747743461465	0.000194118217994759
cforex_sell_tend6	3.72294713239683e-05	0.000932065706696966	0.000161765181662299
rf_010_007	3.68863453908127e-05	0.00041533363712012	9.70591089973794e-05
Master_mpagado_rank_lag2	3.58247801760797e-05	0.000183536325495081	0.000129412145329839
rf_005_016	3.55129381689121e-05	0.000323175037098172	9.70591089973794e-05
vm_status01_delta1	3.4779966638976e-05	0.000397881564560126	6.47060726649196e-05
vmr_mpagosdolares_delta2	3.43086625681174e-05	0.00116782077133509	0.000161765181662299
active_quarter_tend6	3.39863962891858e-05	0.000713307167580152	0.000129412145329839
ccajeros_propios_descuentos	3.38760416047855e-05	5.69894125712544e-06	3.23530363324598e-05
rf_016_013	3.36833192661848e-05	6.91467467071229e-05	0.000129412145329839
ccomisiones_mantenimiento_delta1	3.33596814937809e-05	0.00097895898941697	0.000129412145329839
ccheques_depositados_tend6	3.30747523022066e-05	0.000414267448131804	6.47060726649196e-05
ccajas_depositos_delta2	3.28787477014174e-05	0.000243354272652409	3.23530363324598e-05
ctransferencias_emitidas_lag1	3.27158383410537e-05	0.000668319374562364	9.70591089973794e-05
Visa_madelantodolares_rank_lag1	3.25660477317259e-05	3.68860314592789e-05	0.000161765181662299
ctarjeta_master_descuentos	3.25091062277979e-05	0.00023830970444424	6.47060726649196e-05
rf_018_018	3.24915025494817e-05	9.89316974717194e-05	6.47060726649196e-05
mcajeros_propios_descuentos_rank_lag2	3.23549342103572e-05	0.000210735210258708	9.70591089973794e-05
rf_008_015	3.18217693071767e-05	0.000108540588515954	6.47060726649196e-05
rf_019_008	3.14176380652897e-05	2.32763644985755e-05	3.23530363324598e-05
mv_status07_rank_lag1	3.1077955363918e-05	0.000442292974606897	0.000129412145329839
vmr_msaldodolares_tend6	3.07909677126687e-05	0.000116148737503984	6.47060726649196e-05
Visa_madelantodolares_rank_delta1	3.07136426884884e-05	2.6731652491929e-05	6.47060726649196e-05
vm_status01_lag1	3.04514194236191e-05	0.00018179779298582	3.23530363324598e-05
mcheques_depositados_rank_tend6	3.0307391200617e-05	0.000625205468002952	9.70591089973794e-05
ctransferencias_emitidas_lag2	3.01330394493478e-05	0.000714006688120311	0.000129412145329839
Master_delinquency_lag2	2.98014767697906e-05	0.000599180418010586	9.70591089973794e-05
mv_status07_rank_lag2	2.90358023966919e-05	0.000335217023820243	0.000129412145329839
vmr_msaldodolares2	2.86822584246017e-05	0.000795530929376283	0.000129412145329839
vm_mpagado_rank_delta1	2.86708694192354e-05	0.000398480963899206	6.47060726649196e-05
mcheques_depositados_rank_delta1	2.82890097029398e-05	0.000951281098624136	0.000129412145329839
ccomisiones_mantenimiento_lag2	2.77453552187823e-05	0.000292520952865684	6.47060726649196e-05
cliente_edad_delta2	2.74663060243155e-05	0.00031946293955192	9.70591089973794e-05
rf_013_020	2.74439038802982e-05	0.000588115653161814	9.70591089973794e-05
rf_001_018	2.73882867171327e-05	0.000267126108735807	9.70591089973794e-05
ctarjeta_visa_debitos_automaticos_lag2	2.73318522403311e-05	0.000597230489013107	9.70591089973794e-05
ctarjeta_master_descuentos_tend6	2.70179412047777e-05	0.000688717276661066	9.70591089973794e-05
rf_012_021	2.69664341861476e-05	0.000157229236469439	6.47060726649196e-05
mttarjeta_master_debitos_automaticos_rank_lag2	2.69558676432765e-05	0.000221922935627636	6.47060726649196e-05
ctarjeta_visa_debitos_automaticos	2.68992166433996e-05	0.000492256729351124	6.47060726649196e-05
ccajeros_propios_descuentos_delta2	2.68155585225098e-05	7.46070259323238e-05	6.47060726649196e-05
vmr_msaldodolares_lag2	2.67588454653309e-05	0.000491615369402573	9.70591089973794e-05
mttarjeta_master_debitos_automaticos_rank_lag1	2.67346157473209e-05	0.000612852229165062	0.000129412145329839
mcheques_emitidos_rank	2.59594582597055e-05	0.000734348554215226	9.70591089973794e-05
cpagomiscuentas	2.58620234177837e-05	0.000492256729351124	9.70591089973794e-05
mforex_sell_rank_delta1	2.58332602648206e-05	0.000495450250419997	9.70591089973794e-05
vmr_msaldodolares_lag1	2.56759555730982e-05	0.000255192564517114	6.47060726649196e-05
ctarjeta_visa_descuentos_lag2	2.55641223531546e-05	3.96761464155845e-05	3.23530363324598e-05
vm_msaldodolares_rank_delta1	2.55263958494528e-05	0.000443062960643128	6.47060726649196e-05
mcaja_ahorro_adicional_rank_delta1	2.51843007720902e-05	0.000971960154511187	0.000129412145329839
Master_madelantodolares_rank_lag1	2.50382352268347e-05	2.63602922456665e-05	9.70591089973794e-05
cpayroll_trx_delta2	2.49554827631637e-05	0.000355576240715698	6.47060726649196e-05
mv_status07_rank_tend6	2.43980119930568e-05	5.23668406190886e-05	6.47060726649196e-05
rf_016_016	2.37324162655383e-05	0.000171680063158387	3.23530363324598e-05
ccajas_consultas_lag2	2.34637384992814e-05	0.000557020628431917	9.70591089973794e-05
vm_status06_delta1	2.333274881351e-05	0.000984513458702249	0.000129412145329839
ccallcenter_transacciones_lag1	2.310170161958e-05	0.000738385094026686	9.70591089973794e-05
mcheques_depositados_rank_delta2	2.28855405903246e-05	0.000116589323903423	3.23530363324598e-05
ccajas_depositos_lag2	2.26750834129965e-05	0.000231285551533587	6.47060726649196e-05
mprestamos_prendarios_rank_tend6	2.25243242761702e-05	0.00121626296710131	0.000161765181662299
Master_status_lag2	2.2459761376784e-05	4.13478429329673e-05	3.23530363324598e-05
Master_Finiciomora_lag1	2.23501123570749e-05	0.00058986232992439	9.70591089973794e-05
cextraccion_autoservicio_delta1	2.22479375838503e-05	0.000596257250741972	9.70591089973794e-05
vmr_msaldodolares2_lag1	2.21260795352128e-05	3.49145024856169e-05	6.47060726649196e-05
vm_mpagosdolares_rank_lag2	2.20608212688537e-05	3.93823336247989e-05	3.23530363324598e-05
vmr_msaldodolares_delta2	2.19964328886922e-05	0.000240533616746172	6.47060726649196e-05
vm_mpagado_rank	2.19187214290859e-05	0.000180963980790457	6.47060726649196e-05
cdescubierto_preacordado_tend6	2.16841437437595e-05	0.000101265999815866	3.23530363324598e-05
mforex_sell_rank_lag2	2.16315462509678e-05	0.000128068914524301	6.47060726649196e-05
ctarjeta_debito_lag1	2.1625336726877e-05	0.000490355046202087	6.47060726649196e-05
mtarjeta_visa_descuentos_rank	2.16174811938254e-05	0.000162502197868396	6.47060726649196e-05
minversion1_pesos_rank_delta2	2.15690380173604e-05	0.000896289772374309	0.000129412145329839
ccallcenter_transacciones_delta1	2.11150284222787e-05	0.00095309948022568	0.000129412145329839
vm_status06_lag1	2.08836435715879e-05	3.5578082081799e-05	6.47060726649196e-05
cplazo_fijo_lag2	2.04755344295469e-05	0.000965510525557207	0.000129412145329839
mtarjeta_master_descuentos_rank_lag1	2.04642055845344e-05	0.000107938710491082	6.47060726649196e-05
vm_mpagosdolares_rank_delta2	2.04346999118886e-05	0.000139763708186577	6.47060726649196e-05
Master_delinquency_tend6	2.0220540933508e-05	0.000270497209936742	0.000129412145329839
cprestamos_hipotecarios_lag2	1.99644594869259e-05	0.000243491042993404	3.23530363324598e-05
cpagomiscuentas_lag2	1.98304807529428e-05	0.000195597610556528	3.23530363324598e-05
vm_mpagosdolares_rank_delta1	1.93052624363224e-05	0.000239487965440129	3.23530363324598e-05
ctarjeta_master_descuentos_delta1	1.8868910718074e-05	6.76308532966345e-05	6.47060726649196e-05
vm_Fvencimiento_delta1	1.79922681333626e-05	1.70968237713763e-05	9.70591089973794e-05
vmr_mpagosdolares_lag2	1.79573962655503e-05	6.70763358752785e-05	3.23530363324598e-05
ctarjeta_master_transacciones_lag1	1.77555046218463e-05	0.000110314707871221	3.23530363324598e-05
Visa_Finiciomora_delta2	1.76544319754646e-05	0.000237870445912189	3.23530363324598e-05
rf_018_026	1.72467398910118e-05	0.000609977130695905	9.70591089973794e-05
mtarjeta_visa_descuentos_rank_lag2	1.72452732791422e-05	4.15070984950713e-05	6.47060726649196e-05
rf_019_022	1.7058204387848e-05	0.000214105426214717	6.47060726649196e-05
minversion1_pesos_rank_lag2	1.69248364711514e-05	7.87903393524384e-06	3.23530363324598e-05
cplazo_fijo_delta1	1.68469727137123e-05	0.000492256729351124	6.47060726649196e-05
rf_002_016	1.67861267486208e-05	0.000303765068336369	6.47060726649196e-05
vmr_mpagado_delta1	1.67044484995564e-05	0.000207331532044513	6.47060726649196e-05
mprestamos_prendarios_rank_delta1	1.64653723373205e-05	0.000731353770632136	9.70591089973794e-05
mcajeros_propios_descuentos_rank_lag1	1.6271122142526e-05	4.22063534617525e-05	3.23530363324598e-05
cproductos_delta1	1.61825812772411e-05	0.000468725414313994	6.47060726649196e-05
ctarjeta_debito	1.61599620681633e-05	6.53760459468008e-05	3.23530363324598e-05
cpagodeservicios_tend6	1.60668620236298e-05	5.9644262102938e-06	3.23530363324598e-05
Visa_Finiciomora_lag2	1.60404749336513e-05	0.000150065923056491	3.23530363324598e-05
rf_004_018	1.59290622941994e-05	0.000130401357854104	3.23530363324598e-05
vm_cconsumos_delta1	1.57029458103519e-05	0.000312382485064002	6.47060726649196e-05
vm_status04_delta1	1.56949973268437e-05	0.000734641216187608	9.70591089973794e-05
mcaja_ahorro_adicional_rank_lag2	1.55489794762831e-05	0.000313240464445832	6.47060726649196e-05
catm_trx_other_lag2	1.54174586450453e-05	3.01185110525386e-05	6.47060726649196e-05
ccuenta_debitos_automaticos_delta1	1.53026510104896e-05	0.000246128364675562	3.23530363324598e-05
rf_005_021	1.52897346909147e-05	0.000164954414836625	6.47060726649196e-05
rf_018_022	1.49112358246572e-05	0.000281510276481862	6.47060726649196e-05
mprestamos_hipotecarios_rank_lag2	1.47213166333549e-05	0.000223135190028666	3.23530363324598e-05
cforex_delta2	1.46707023997959e-05	0.000323798869197197	6.47060726649196e-05
matm_other_rank	1.39453449485182e-05	0.000481137344890447	9.70591089973794e-05
cinversion1_lag1	1.38744843169548e-05	0.000246128364675562	3.23530363324598e-05
Master_status_lag1	1.37857981996445e-05	0.000263554499559238	9.70591089973794e-05
vm_status04_lag2	1.37751118780508e-05	2.76390285406038e-05	6.47060726649196e-05
cseguro_accidentes_personales_lag2	1.37142290579678e-05	0.00013664560998536	3.23530363324598e-05
vm_status03_lag1	1.36442814681712e-05	2.37891868839387e-05	9.70591089973794e-05
rf_002_008	1.35955646569436e-05	8.67023043989122e-05	3.23530363324598e-05
rf_007_027	1.35103775958897e-05	0.00024618723346311	6.47060726649196e-05
Master_msaldodolares_rank_lag1	1.33591645464837e-05	2.5233109881981e-05	6.47060726649196e-05
ccajeros_propios_descuentos_lag2	1.32900096777461e-05	4.03044932637302e-05	3.23530363324598e-05
ctarjeta_master_debitos_automaticos_delta2	1.29553967056531e-05	0.000468737807742952	6.47060726649196e-05
cpayroll_trx_delta1	1.28989402784521e-05	0.000492256729351124	6.47060726649196e-05
vmr_mconsumosdolares_delta1	1.28534059363936e-05	7.35180861494215e-05	3.23530363324598e-05
minversion1_pesos_rank	1.27971045169512e-05	0.000246128364675562	3.23530363324598e-05
mcheques_emitidos_rechazados_rank_lag1	1.27428545113767e-05	0.000738385094026686	9.70591089973794e-05
vm_msaldodolares_rank_delta2	1.2496216030066e-05	0.000433658207078722	6.47060726649196e-05
Master_msaldodolares_rank_delta2	1.23599533705772e-05	3.34920909392651e-05	3.23530363324598e-05
mplazo_fijo_dolares_rank_lag1	1.22351797127186e-05	0.000162425801231322	3.23530363324598e-05
mcheques_emitidos_rank_tend6	1.21370148167731e-05	0.000492256729351124	6.47060726649196e-05
ctarjeta_visa_descuentos_delta1	1.18302604243947e-05	2.36784427437541e-05	3.23530363324598e-05
vmr_mpagosdolares_lag1	1.13961693262896e-05	0.000404290383723039	6.47060726649196e-05
ctransferencias_emitidas_delta1	1.1239055413347e-05	0.000487814924412753	6.47060726649196e-05
vmr_mpagosdolares_tend6	1.11126807312967e-05	3.82408988178123e-05	3.23530363324598e-05
vm_status04_lag1	1.10351348481597e-05	1.40597254808462e-05	6.47060726649196e-05
rf_017_014	1.09325595478946e-05	0.000133374718509996	3.23530363324598e-05
ctarjeta_master_descuentos_lag1	1.0909676392039e-05	0.000492256729351124	6.47060726649196e-05
cextraccion_autoservicio	1.09083534062395e-05	0.000235816677684944	3.23530363324598e-05
ccajas_otras_delta2	1.08053708041192e-05	0.000118376810457066	3.23530363324598e-05
catm_trx_delta2	1.06524074136072e-05	0.000235631838544492	3.23530363324598e-05
ctarjeta_visa_descuentos	1.05689416974527e-05	9.3181589057898e-05	3.23530363324598e-05
vm_status04_tend6	1.01960363891406e-05	5.41534419278061e-05	3.23530363324598e-05
ccheques_emitidos_rechazados_lag1	1.01158691947297e-05	0.000246128364675562	3.23530363324598e-05
vm_mconsumosdolares_rank_delta1	1.01072743939065e-05	3.32862714940779e-05	3.23530363324598e-05
ccuenta_debitos_automaticos_lag1	9.9139201005977e-06	3.42572081284062e-05	3.23530363324598e-05
ccheques_emitidos_rechazados_tend6	9.80542442532991e-06	0.000246128364675562	3.23530363324598e-05
mcajeros_propios_descuentos_rank	9.79941272582611e-06	8.10464745696604e-05	3.23530363324598e-05
cliente_edad_tend6	9.69643771149826e-06	0.000246128364675562	3.23530363324598e-05
rf_004_024	9.55461428416702e-06	9.43025747071046e-05	3.23530363324598e-05
catm_trx_lag1	9.11773114945951e-06	0.000469765842674977	6.47060726649196e-05
rf_016_010	9.1019580260544e-06	8.96285700247652e-05	3.23530363324598e-05
mprestamos_hipotecarios_rank_lag1	8.96461248019633e-06	0.000492256729351124	6.47060726649196e-05
ctransferencias_recibidas_lag1	8.91909331372262e-06	6.44068798023236e-06	3.23530363324598e-05
vm_mpagosdolares_rank_lag1	8.89449314884901e-06	0.000228213486068498	3.23530363324598e-05
rf_012_017	8.8289281188838e-06	0.000126937660033958	3.23530363324598e-05
vm_status02_lag1	8.68716430992124e-06	4.95152896649509e-06	3.23530363324598e-05
Master_cadelantosefectivo_delta2	8.27036179350424e-06	1.1016076377867e-05	6.47060726649196e-05
mpagodeservicios_rank_lag2	8.23013260553256e-06	0.000212032890795051	3.23530363324598e-05
ccajas_depositos_lag1	7.96179358000688e-06	0.000246128364675562	3.23530363324598e-05
vm_status03_delta2	7.73868050697802e-06	0.000231721269085935	3.23530363324598e-05
ctarjeta_master_transacciones	7.71562066395708e-06	0.000224948968356597	3.23530363324598e-05
vm_msaldodolares_rank_lag2	7.62202036711185e-06	0.000220601619051781	3.23530363324598e-05
rf_015_027	7.13565588334656e-06	0.000424511236836633	6.47060726649196e-05
vm_msaldodolares_rank_lag1	7.07025073900645e-06	0.000204072148753181	3.23530363324598e-05
vm_status05_lag1	6.50374670207394e-06	6.69351393096554e-06	3.23530363324598e-05
rf_009_008	6.36536054468979e-06	0.000201576908881571	3.23530363324598e-05
cprestamos_hipotecarios_lag1	6.33162034191209e-06	0.000246128364675562	3.23530363324598e-05
cpagomiscuentas_delta1	5.87332201818149e-06	0.000246128364675562	3.23530363324598e-05
mforex_sell_rank_delta2	5.75918102538471e-06	0.000230174038005083	3.23530363324598e-05
internet_delta1	5.64115779281641e-06	0.000246128364675562	3.23530363324598e-05
cproductos	5.62196718192292e-06	5.75621660380764e-06	3.23530363324598e-05
cpayroll_trx	5.33548953871839e-06	0.000246128364675562	3.23530363324598e-05
cseguro_vivienda_tend6	5.32487719810044e-06	0.000492256729351124	6.47060726649196e-05
mcajeros_propios_descuentos_rank_tend6	5.28235222869748e-06	0.000246128364675562	3.23530363324598e-05
cprestamos_prendarios_lag2	5.18908904662789e-06	0.000228966829500129	3.23530363324598e-05
ctarjeta_master_transacciones_delta1	5.13879336485243e-06	0.000246128364675562	3.23530363324598e-05
ctarjeta_debito_transacciones	5.10687369026021e-06	7.23543431703114e-05	3.23530363324598e-05
cplazo_fijo_lag1	5.04415191449596e-06	0.000246128364675562	3.23530363324598e-05
catm_trx_other_delta2	4.97858688453075e-06	0.000240968714627073	3.23530363324598e-05
rf_009_017	4.82005351242835e-06	5.86634107254437e-06	3.23530363324598e-05
ccajas_extracciones	4.81182563556509e-06	0.000246128364675562	3.23530363324598e-05
rf_014_022	4.80080978698821e-06	0.000246128364675562	3.23530363324598e-05
vmr_msaldodolares_delta1	4.78224245904002e-06	0.000197142540000575	3.23530363324598e-05
cinversion2_lag2	4.66875781028391e-06	0.000246128364675562	3.23530363324598e-05
mcheques_emitidos_rechazados_rank_lag2	4.5901200980223e-06	0.000112111932119045	3.23530363324598e-05
ccheques_depositados_rechazados_tend6	4.58270248898795e-06	0.000246128364675562	3.23530363324598e-05
rf_001_021	4.41152992110278e-06	4.71701873327125e-05	0.000161765181662299
rf_007_023	4.3993611006993e-06	0.00012501375723729	3.23530363324598e-05
rf_013_018	4.19257072403776e-06	5.8817443342487e-06	3.23530363324598e-05
mforex_buy_rank_delta2	4.05588125122778e-06	0.000219747977370086	3.23530363324598e-05
Master_cadelantosefectivo_delta1	4.05277594719721e-06	6.49212071040602e-06	3.23530363324598e-05
ccaja_seguridad_delta2	4.01879916789288e-06	0.000246128364675562	3.23530363324598e-05
minversion1_pesos_rank_tend6	3.98963602987443e-06	0.000233404650836335	3.23530363324598e-05
vm_msaldodolares_rank	3.9707730490161e-06	0.000246128364675562	3.23530363324598e-05
ctarjeta_visa_debitos_automaticos_lag1	3.92016111889404e-06	0.000246128364675562	3.23530363324598e-05
cproductos_lag2	3.91379360612624e-06	0.000158330569681299	3.23530363324598e-05
cextraccion_autoservicio_lag1	3.8961381682263e-06	0.000235776221991847	3.23530363324598e-05
mcheques_depositados_rank_lag1	3.89453904098271e-06	0.000227263972361367	3.23530363324598e-05
mcaja_ahorro_adicional_rank	3.72114985537514e-06	0.000246128364675562	3.23530363324598e-05
mpagodeservicios_rank_lag1	3.62763085630539e-06	0.000246128364675562	3.23530363324598e-05
vmr_madelantopesos_lag2	3.48733040730138e-06	0.000241909464409441	3.23530363324598e-05
ctransferencias_emitidas_delta2	3.48427496590644e-06	0.000246128364675562	3.23530363324598e-05
Master_delinquency_delta1	3.40898103115012e-06	4.81095207231992e-06	3.23530363324598e-05
cinversion1_delta2	3.37336583067738e-06	0.000241483573075765	3.23530363324598e-05
minversion2_rank_delta2	2.53430639459046e-06	5.35794491180883e-06	3.23530363324598e-05
