Feature	Gain	Cover	Frequency
rf_015_015	0.190710622318594	0.00560796438787016	0.00425601039636127
ctrx_quarter_normalizado	0.0489026113389491	0.00385309645709967	0.000942170240415854
mcuentas_saldo_rank_delta2	0.034317643596256	0.00673109159830566	0.00493827160493827
vm_status06_delta1	0.0257023965854691	0.000608139889920916	9.74658869395711e-05
mv_status07_rank_tend6	0.0183180102246321	0.00170829582933565	0.000389863547758285
rf_013_026	0.0168327077734586	0.00129694551818362	0.000844704353476283
rf_010_013	0.0161694832052832	0.0021502854773054	0.00198180636777128
mpayroll_sobre_edad_rank_lag1	0.0109131050053813	0.00092169798225385	0.000292397660818713
rf_018_027	0.00973873833247503	0.00151829034228562	0.00250162443144899
mprestamos_personales_rank	0.00938457033033866	0.00352696453971344	0.000974658869395711
cdescubierto_preacordado_delta1	0.00914702258961377	0.00142762200452926	0.000292397660818713
rf_017_021	0.00883611343692007	0.00124253802021854	0.000454840805717999
rf_009_026	0.00834444782551754	0.0010267455177278	0.000519818063677713
mcaja_ahorro_rank_lag1	0.00822510271078944	0.00171496575831228	0.000942170240415854
cdescubierto_preacordado_delta2	0.00730732648797746	0.00228394998675607	0.000649772579597141
ccomisiones_mantenimiento_tend6	0.00717620667800866	0.00511155581666483	0.00087719298245614
rf_005_013	0.00637860809980106	0.00150102738830165	0.00149447693307342
foto_mes	0.0060369024908158	0.0053683030559038	0.00318388564002599
mpasivos_margen_rank	0.00591434090178966	0.00225058171958163	0.00207927225471085
mprestamos_personales_rank_lag1	0.00578751685445258	0.00171340085610502	0.000682261208576998
cdescubierto_preacordado	0.00526318098764908	0.00280260751798348	0.00217673814165042
rf_014_025	0.00483452100162119	0.00140393984778031	0.00289148797920728
mprestamos_personales_rank_lag2	0.00441010907268296	0.0024793874252447	0.000942170240415854
mcuenta_corriente_rank	0.00373868844600397	0.00314172421030992	0.00279402209226771
mtarjeta_visa_consumo_rank	0.00371485935407719	0.00087458646411107	0.000844704353476283
cproductos_delta2	0.00353423844827841	0.00156298905920973	0.000357374918778428
ctarjeta_master_delta2	0.00346638228870035	7.1594073565949e-05	3.24886289798571e-05
mcuentas_saldo_rank	0.00344239661725228	0.00626189676194921	0.00198180636777128
mrentabilidad_annual_rank_lag2	0.00339790004541461	0.00217068507287364	0.00432098765432099
mprestamos_personales_rank_delta1	0.00332595970653059	0.00468883241341496	0.00120207927225471
rf_003_018	0.00331259265280116	0.00166677819559916	0.00224171539961014
mprestamos_personales_rank_tend6	0.00322779537721407	0.00176250576908013	0.000584795321637427
Visa_msaldopesos_rank	0.0032097458254591	0.00217042094221078	0.00237166991552957
rf_003_019	0.0031104369707192	0.000679611704096254	0.000357374918778428
ctarjeta_visa_transacciones_delta2	0.00308461463798871	0.000959106926786096	0.000649772579597141
mpayroll_sobre_edad_rank	0.00301147154969455	0.000809860867332698	0.000162443144899285
rf_008_019	0.00300481657831745	0.000597252866614447	0.00129954515919428
cdescubierto_preacordado_tend6	0.0028566960876688	0.000123880519542488	3.24886289798571e-05
thomebanking	0.00282567319547852	0.00162077699783821	0.00360623781676413
cliente_vip_delta1	0.00281229548041459	0.00145821033246216	0.000844704353476283
cprestamos_personales_delta2	0.00276041005454003	0.00189942162263385	0.000324886289798571
rf_015_019	0.00274367644174944	0.0010426910570568	0.00120207927225471
mrentabilidad_annual_rank_lag1	0.00273977107729197	0.00204774142551203	0.00396361273554256
ctrx_quarter_tend6	0.00266163581967077	0.00168469580858642	0.00155945419103314
vm_status04_delta2	0.00255551205131881	0.00125925849876074	0.000292397660818713
mcuentas_saldo_rank_tend6	0.00254652303569397	0.00281690727858414	0.00315139701104613
mcomisiones_rank_tend6	0.00250244553590554	0.00238446636790561	0.00357374918778428
mactivos_margen_rank	0.00248370219109067	0.00324332041446571	0.00237166991552957
rf_008_013	0.00246889344768784	0.00106312798717037	0.00155945419103314
rf_004_022	0.00243650168708377	0.00100314693638273	0.00211176088369071
mcomisiones_otras_rank_lag2	0.00241846714443781	0.00155879391579329	0.00344379467186485
mrentabilidad_annual_rank_delta1	0.00240455337758105	0.00270590285896798	0.00568551007147498
mrentabilidad_annual_rank	0.00230375718519865	0.00271628330197384	0.00344379467186485
mactivos_margen_rank_delta2	0.00218364538571716	0.00264931997150743	0.00555555555555556
mrentabilidad_annual_rank_delta2	0.00216123270812911	0.0026391063194583	0.00581546458739441
ctrx_quarter_normalizado_delta2	0.00207311374630879	0.00197149105942275	0.00185185185185185
cdescubierto_preacordado_lag1	0.0020639896295762	0.00165519872893027	0.00129954515919428
thomebanking_lag2	0.00206180991012102	0.0022423369025314	0.00614035087719298
mprestamos_personales_rank_delta2	0.00203811431943435	0.0033893983453689	0.000974658869395711
Master_Fvencimiento_tend6	0.0020194296824295	0.00110631164125617	0.00172189733593242
Visa_mpagominimo_rank	0.00201891851622573	0.00154554132171707	0.00266406757634828
Master_fechaalta_lag2	0.00198611364926345	0.00312286126864236	0.0050682261208577
chomebanking_transacciones_delta2	0.0019838560450138	0.00291177309878869	0.00380116959064328
Visa_mpagospesos_rank_tend6	0.00192993989333239	0.00248133421936744	0.00503573749187784
mcuentas_saldo_rank_lag2	0.00192280133469166	0.00381613426763275	0.00298895386614685
mcomisiones_rank_lag2	0.00191824921348383	0.0014461492951399	0.00432098765432099
Master_status_delta2	0.00190238297578303	0.000237589759495722	0.000227420402858999
mcomisiones_otras_rank_delta2	0.00185309489522783	0.00210251696112758	0.00474333983105913
mrentabilidad_rank_delta2	0.0018477535672185	0.0027619881624039	0.00532813515269656
Visa_mconsumototal_rank_delta2	0.0018415789709452	0.00140403583804505	0.00380116959064328
mactivos_margen_rank_delta1	0.00182932164292804	0.00249223644638032	0.00493827160493827
tcallcenter_delta2	0.00181331369360229	0.0012332558425847	0.000714749837556855
mrentabilidad_rank_delta1	0.00175358086293777	0.00202615000330155	0.00454840805717999
Master_mfinanciacion_limite_rank_tend6	0.00173739819122619	0.00251784443592897	0.00471085120207927
Visa_delinquency	0.00173568236736633	0.00109670532779865	0.000747238466536712
mcuenta_corriente_rank_lag2	0.00170991852327175	0.00296506119013319	0.00224171539961014
mcomisiones_mantenimiento_rank_tend6	0.001709803352991	0.00224171687919065	0.00155945419103314
Master_mlimitecompra_rank_tend6	0.00170706911707675	0.00272375542887989	0.00510071474983756
Master_fechaalta	0.00167212512787496	0.00253282674398847	0.00406107862248213
Master_Fvencimiento_lag1	0.00165695288674763	0.00255389728181953	0.00451591942820013
mcomisiones_otras_rank_delta1	0.00163533177894998	0.00251668220703472	0.00383365821962313
internet	0.00162571672061722	0.0011846671359255	0.000227420402858999
rf_004_019	0.00160916140609393	0.00116706088405001	0.00298895386614685
Visa_mlimitecompra_rank_delta1	0.00160524669786931	0.00239515295418317	0.00474333983105913
Visa_cconsumos_tend6	0.00159375944127035	0.00224718544547249	0.0039311241065627
rf_016_022	0.00159342686632357	0.000554423935690662	0.000194931773879142
ctrx_quarter_delta1	0.0015679751356265	0.00117453660946645	0.00087719298245614
rf_010_019	0.00156202770614896	0.000832881887759653	0.00220922677063028
rf_013_017	0.00156155715726809	0.00029552487719929	0.000227420402858999
Master_fechaalta_lag1	0.00154858759035021	0.00271718202994455	0.00360623781676413
mpasivos_margen_rank_delta2	0.00154497166495552	0.00259908638574748	0.00477582846003899
rf_007_020	0.00152042880740652	0.00112012011522539	0.000389863547758285
Master_mlimitecompra_rank_delta2	0.00150142966458141	0.00261976342646704	0.00471085120207927
Visa_Fvencimiento_lag1	0.00150132878481446	0.00202437233916729	0.00367121507472385
chomebanking_transacciones_delta1	0.00149294904941888	0.00291734854082922	0.00272904483430799
Visa_fechaalta_lag1	0.00147731412711664	0.00157885210268797	0.00276153346328785
mactivos_margen_rank_lag2	0.00147550492133776	0.00197200159808479	0.0034762833008447
Master_mlimitecompra_rank_delta1	0.00147385507097355	0.00166737779739343	0.0050682261208577
ccaja_seguridad	0.00145364659409529	0.0020010179167524	0.000259909031838856
Visa_mfinanciacion_limite_rank	0.00145194648713776	0.00170317676837574	0.00360623781676413
vmr_mpagominimo_lag1	0.00144685859855564	0.000988095087109881	0.001591942820013
mcomisiones_otras_rank_lag1	0.00141802674313767	0.00191445305036022	0.00402858999350227
Visa_Fvencimiento	0.00141618022029721	0.00159709214220647	0.00321637426900585
cliente_edad	0.00140980821994459	0.00236790773236835	0.00263157894736842
mcomisiones_rank_lag1	0.00140336985243585	0.0016505333501682	0.00318388564002599
Visa_mfinanciacion_limite_rank_delta1	0.00140158922552558	0.00225662622745192	0.00451591942820013
Visa_mlimitecompra_rank_delta2	0.00139814778706804	0.00213636014171116	0.00428849902534113
mcuenta_corriente_rank_tend6	0.00138856552083256	0.00359210468488911	0.00201429499675114
Master_mfinanciacion_limite_rank_delta2	0.00138108439798735	0.00227831399977818	0.00519818063677713
Visa_mconsumospesos_rank_tend6	0.00138106934155681	0.00146192021675207	0.00402858999350227
chomebanking_transacciones	0.00138018018957706	0.00323114782332126	0.00324886289798571
ctarjeta_visa_transacciones	0.00137055346354203	0.00177512493536439	0.000747238466536712
Visa_fechaalta	0.00136852018458144	0.0036422264469386	0.00376868096166342
mcomisiones_rank	0.00136088810744411	0.00208903946015177	0.00376868096166342
rf_004_020	0.00135607931318326	0.00052068061377049	0.000357374918778428
Visa_mpagospesos_rank_lag2	0.00135578439045448	0.00185239439959704	0.00412605588044185
vm_fechaalta_tend6	0.00135406543943176	0.000979611868746098	0.00110461338531514
Visa_mpagospesos_rank_delta2	0.00135207149992533	0.00204009962884095	0.0043859649122807
vm_fechaalta_lag1	0.00134979311208575	0.00154029190471817	0.00243664717348928
mttarjeta_visa_debitos_automaticos_rank_tend6	0.0013480808966082	0.00160900564060261	0.00129954515919428
Master_mlimitecompra_rank	0.00134374452220026	0.00176286166175803	0.00412605588044185
vm_mpagominimo_rank_lag2	0.00133976403827616	0.000883397236883399	0.00100714749837557
thomebanking_lag1	0.00133550983982045	0.00127717395264176	0.00376868096166342
Visa_mfinanciacion_limite_rank_delta2	0.00133327151511415	0.00190214749425673	0.00406107862248213
mrentabilidad_rank_tend6	0.0013311351555253	0.00245038559058142	0.00282651072124756
chomebanking_transacciones_lag2	0.00132856090811712	0.0016423959486532	0.00337881741390513
Master_mfinanciacion_limite_rank_delta1	0.0013219989867707	0.00193133474216803	0.00500324886289799
mpasivos_margen_rank_delta1	0.00132176902270651	0.00213612740805148	0.00328135152696556
mcomisiones_mantenimiento_rank	0.00132014123424211	0.00325422300132963	0.00194931773879142
rf_012_027	0.00131151369034507	0.00122836915543344	0.00311890838206628
Visa_mconsumototal_rank_tend6	0.00130884542109831	0.00168264060933808	0.00367121507472385
cprestamos_personales_tend6	0.00130350420972238	0.00296829229261528	0.00055230669265757
mcomisiones_otras_rank	0.0012984917640532	0.00162172808413515	0.00302144249512671
Master_Fvencimiento	0.00129811409399445	0.00204003467572835	0.0039311241065627
mcomisiones_rank_delta2	0.0012921979565559	0.00207676431146111	0.00409356725146199
Master_fechaalta_tend6	0.00129096704672559	0.000881300114988978	0.001819363222872
Master_mfinanciacion_limite_rank_lag1	0.00129033942059546	0.00199227272683199	0.00402858999350227
Visa_mfinanciacion_limite_rank_tend6	0.00128967106643268	0.00251628799022114	0.00344379467186485
mrentabilidad_rank	0.0012806710425128	0.00176354942705693	0.00276153346328785
vm_fechaalta	0.00128062975727245	0.00218000323561142	0.00298895386614685
ctarjeta_visa_transacciones_tend6	0.00127767552186973	0.00223898417039802	0.00139701104613385
Visa_mlimitecompra_rank_tend6	0.00127614469208281	0.00267530409535494	0.0034762833008447
Master_fultimo_cierre_tend6	0.00127130799730225	0.00179699560198138	0.00337881741390513
rf_016_016	0.00126457079365075	0.00108987211641293	0.000194931773879142
Visa_mpagospesos_rank	0.00126414107052183	0.00122076073494625	0.00263157894736842
Visa_mpagominimo_rank_lag2	0.0012627984286002	0.00113579747556734	0.00227420402858999
Master_mfinanciacion_limite_rank_lag2	0.00125982764741062	0.00184109426729742	0.00389863547758285
mpasivos_margen_rank_lag1	0.00125981326600682	0.00157096686678878	0.00230669265756985
vm_Fvencimiento	0.00125845384133394	0.00211542310861569	0.00295646523716699
mcomisiones_rank_delta1	0.00125637149687227	0.0021882956429616	0.00328135152696556
mrentabilidad_rank_lag2	0.00124604270901815	0.0017954235927161	0.00344379467186485
ctrx_quarter_delta2	0.00123646494357445	0.0013206983856618	0.00201429499675114
tcallcenter_tend6	0.00122614650790897	0.0015925841982741	0.000617283950617284
ctarjeta_visa_debitos_automaticos_tend6	0.00121262296531415	0.00177459541456002	0.000422352176738142
Visa_Fvencimiento_lag2	0.00120584326105591	0.00209360183155384	0.0034762833008447
rf_008_022	0.00120512949819766	0.000571363203664762	0.00224171539961014
mcuenta_debitos_automaticos_rank	0.00118820763929384	0.00192648736874281	0.000747238466536712
rf_015_025	0.00118453275404756	0.00108476043239933	0.00334632878492528
Visa_mpagospesos_rank_lag1	0.00118134688456513	0.00116140123686628	0.00276153346328785
chomebanking_transacciones_lag1	0.00118101808404484	0.00145558198047094	0.00240415854450942
vm_fechaalta_lag2	0.00117441456296911	0.00225550520150166	0.00285899935022742
vm_Fvencimiento_lag2	0.00117188187544618	0.0015225705005101	0.00311890838206628
Visa_mpagominimo_rank_lag1	0.00116525243973552	0.0013490072371861	0.00233918128654971
cliente_edad_lag2	0.00116183438562909	0.00214061816909672	0.00233918128654971
Master_delinquency	0.00116005548980345	0.000857108679056622	0.000259909031838856
Master_mfinanciacion_limite_rank	0.0011546126179846	0.00245209218413541	0.00315139701104613
Visa_msaldototal_rank_tend6	0.00114998632758419	0.00141241586912331	0.00227420402858999
mcuentas_saldo_rank_delta1	0.00114751729251573	0.00252529254277814	0.00220922677063028
Visa_mfinanciacion_limite_rank_lag1	0.0011381144175046	0.00173944030704982	0.00311890838206628
mcaja_ahorro_rank_delta1	0.00112545730177691	0.00196686229550393	0.00155945419103314
Visa_fechaalta_lag2	0.00112397447263985	0.00235316148659065	0.00279402209226771
rf_009_015	0.00111471965082686	0.000545593371111171	0.00139701104613385
Visa_delinquency_lag1	0.00111450823061876	0.000848618983374131	0.000747238466536712
Visa_mconsumototal_rank_lag2	0.00111107905228387	0.00173177781894398	0.00302144249512671
ccaja_ahorro	0.00110841021607294	0.00139075994361403	0.000227420402858999
mrentabilidad_annual_rank_tend6	0.00110785372697068	0.00288894234959878	0.00263157894736842
rf_006_013	0.00110727274796524	0.000612291581324357	0.000779727095516569
mcuenta_corriente_rank_lag1	0.00110385769711693	0.00182174588657781	0.001819363222872
mcaja_ahorro_rank	0.00110306311085296	0.00205480422186084	0.000844704353476283
rf_017_020	0.00109694478516623	0.000918462561559288	0.001591942820013
Visa_mconsumototal_rank_lag1	0.00109272643174883	0.00116699683056501	0.00302144249512671
tcallcenter	0.00108475865579948	0.00136562911654352	0.00123456790123457
rf_012_016	0.00107990051949699	0.000717123116211948	0.001364522417154
mactivos_margen_rank_lag1	0.00106773875969305	0.00183204887164746	0.00185185185185185
Visa_mconsumospesos_rank	0.00106671828910815	0.00144670409547977	0.00315139701104613
mcaja_ahorro_rank_delta2	0.00106269045800356	0.00171721923548329	0.00204678362573099
mpasivos_margen_rank_lag2	0.00106098173597543	0.0019998396744869	0.00269655620532814
rf_011_021	0.00105814201286805	0.00113980423696469	0.00298895386614685
mtransferencias_recibidas_rank	0.00105668352120317	0.00328347826108735	0.00152696556205328
mcomisiones_otras_rank_tend6	0.00105243175313609	0.00130600413835928	0.00292397660818713
rf_010_015	0.00105123501301872	0.00119752065519911	0.00139701104613385
Master_mlimitecompra_rank_lag1	0.00104956253139057	0.00145822715549825	0.00328135152696556
rf_010_020	0.00104630667066729	0.000353194154947557	0.000617283950617284
rf_006_019	0.00104524470169783	0.00100579633965975	0.00311890838206628
numero_de_cliente	0.0010437184332052	0.00378641354055566	0.00263157894736842
Visa_msaldototal_rank_lag2	0.00104233312546331	0.00100010790439288	0.00172189733593242
Visa_mconsumospesos_rank_lag1	0.00103522141149526	0.00104371420352436	0.00295646523716699
vm_Fvencimiento_lag1	0.00101902302502559	0.00167966041299316	0.00250162443144899
mrentabilidad_rank_lag1	0.00101635201492627	0.00187567352318195	0.00282651072124756
rf_002_015	0.00101616698762721	0.00113687999745639	0.00279402209226771
Visa_msaldopesos_rank_delta1	0.00101588858264536	0.00143728544433927	0.00269655620532814
Master_Fvencimiento_lag2	0.00101066849693072	0.00142356720301816	0.00321637426900585
Visa_msaldopesos_rank_tend6	0.000993290793674841	0.00154694851920634	0.00263157894736842
ctrx_quarter_normalizado_tend6	0.000990444578658628	0.0017255138019397	0.00172189733593242
Visa_mlimitecompra_rank	0.000989923932183397	0.00174956192719565	0.00295646523716699
Visa_mconsumototal_rank_delta1	0.000986868653480834	0.0011716677870182	0.00344379467186485
Visa_mconsumosdolares_rank_lag2	0.000984513792091785	0.00141920877719262	0.00276153346328785
mcaja_ahorro_rank_tend6	0.000973488695022998	0.00236542341075562	0.00227420402858999
cliente_edad_lag1	0.000973347121597191	0.00177318030034788	0.00191682910981157
Visa_msaldototal_rank_delta1	0.000965655879974972	0.0012964745631359	0.00217673814165042
Visa_Finiciomora	0.000957574823321659	0.00149840731288433	0.000259909031838856
Visa_mconsumospesos_rank_delta2	0.000954754427811913	0.0013868243427597	0.00276153346328785
rf_013_016	0.000952319723887228	0.000705093475892866	0.00162443144899285
Visa_mlimitecompra_rank_lag1	0.000950890699405197	0.00128223534747261	0.00250162443144899
rf_007_015	0.000950058930156741	0.000845358912883375	0.00162443144899285
rf_005_014	0.000937930346113594	0.000911516896723775	0.00055230669265757
Visa_mconsumototal_rank	0.000932855580381762	0.00121968801899803	0.00298895386614685
rf_010_016	0.000917716052126083	0.00224719561126435	0.000714749837556855
vm_mpagominimo_rank_lag1	0.000915071282286625	0.000750671488831567	0.000974658869395711
rf_001_022	0.000914137629628078	0.00103133559765989	0.00308641975308642
internet_lag1	0.000907931637502193	0.00177267722859491	0.000292397660818713
ctrx_quarter_normalizado_delta1	0.000907404438279921	0.000773239726688292	0.000649772579597141
Master_mlimitecompra_rank_lag2	0.000905428907005127	0.00125249365907248	0.00272904483430799
cproductos_tend6	0.00090521038416817	0.00117665316331699	0.000227420402858999
vmr_Master_mlimitecompra	0.000902918731885537	0.00162325592168536	0.00230669265756985
vmr_msaldopesos	0.000901792276809072	0.000666754226461207	0.00120207927225471
Visa_mconsumospesos_rank_delta1	0.000900909292087349	0.00122543645942571	0.00279402209226771
vm_Finiciomora_lag1	0.000894795453515688	0.0016804569432687	0.000454840805717999
Master_msaldopesos_rank	0.000891783881218406	0.00107631193966084	0.001364522417154
rf_018_018	0.000884105110867099	0.00130543539379163	0.000357374918778428
vm_mpagospesos_rank_tend6	0.0008756733467541	0.00133179979022494	0.00191682910981157
rf_014_015	0.000872648789313052	0.000909735454153602	0.000909681611435997
ccaja_seguridad_lag1	0.00087170154084924	0.00025012723959405	3.24886289798571e-05
rf_007_018	0.000865806302967483	0.000718823772223794	0.000747238466536712
Visa_cconsumos	0.000858322332083246	0.00125491545656713	0.00201429499675114
mcomisiones_mantenimiento_rank_delta2	0.000855945305791144	0.00209911780821012	0.00139701104613385
rf_007_026	0.000855582067516864	0.00100028980909325	0.00227420402858999
Visa_mlimitecompra_rank_lag2	0.000855534692145357	0.00139040881896241	0.00237166991552957
vmr_mpagominimo_delta2	0.000849875666448358	0.00113042777835855	0.00126705653021443
ccallcenter_transacciones_delta2	0.000849275765289565	0.000357504090845541	0.000194931773879142
Visa_mpagospesos_rank_delta1	0.000842083971464666	0.00158587090724723	0.00289148797920728
Visa_mpagominimo_rank_delta2	0.00083731560065399	0.0013707773254376	0.00224171539961014
rf_016_020	0.000835512631094637	0.000857653763418438	0.00269655620532814
mactivos_margen_rank_tend6	0.000833484313705168	0.00164107511541336	0.00207927225471085
rf_005_019	0.000831132593950908	0.000832485151988798	0.00282651072124756
mplazo_fijo_dolares_rank	0.000828819223231639	0.00218678597788887	0.000292397660818713
Visa_mfinanciacion_limite_rank_lag2	0.000828417739810515	0.0014273437497131	0.00240415854450942
rf_011_016	0.000815748905440011	0.000720086309595262	0.00103963612735543
vmr_mconsumospesos_tend6	0.000814753636699759	0.000931997818626902	0.000909681611435997
vmr_mpagominimo	0.000811875937517017	0.000693558900641134	0.00110461338531514
Visa_mconsumospesos_rank_lag2	0.000810032199096898	0.00109303313790511	0.00263157894736842
rf_009_025	0.000807120630890511	0.000925804242463576	0.00207927225471085
Visa_cconsumos_lag1	0.000801703407111421	0.00120552113339364	0.00198180636777128
mtransferencias_emitidas_rank_lag1	0.000800846201893024	0.00192165888749716	0.00133203378817414
Visa_msaldopesos_rank_lag2	0.000799983721700873	0.000757364898088513	0.00185185185185185
vmr_msaldototal_tend6	0.000797827242755279	0.00137461711595271	0.00133203378817414
cliente_antiguedad_lag2	0.000796111193085171	0.00144133268897854	0.00178687459389214
Visa_mpagominimo_rank_tend6	0.000795883689320933	0.00163363987323885	0.00227420402858999
rf_014_023	0.000773457516587358	0.000992400524869874	0.00142949967511371
vm_fultimo_cierre_tend6	0.000771752297882158	0.00251909761717342	0.00165692007797271
rf_002_026	0.000768292965971487	0.00115955763002907	0.000714749837556855
Master_mpagominimo_rank	0.000766558604508402	0.00130403701265282	0.001591942820013
vm_mlimitecompra_rank_lag2	0.000764514137286359	0.000738358105967978	0.00146198830409357
vm_mfinanciacion_limite_rank_delta2	0.000760918237010391	0.001648829455497	0.00214424951267057
Visa_cconsumos_lag2	0.000758998385046346	0.00102626313740958	0.00233918128654971
mpayroll_rank_tend6	0.000758899104025501	0.00132861789737248	0.000454840805717999
rf_013_024	0.000758736978812691	0.000830694623179882	0.00224171539961014
vmr_Master_mlimitecompra_lag1	0.000754694979374086	0.00124955673481504	0.00201429499675114
chomebanking_transacciones_tend6	0.000753229963029359	0.00177922165952157	0.00139701104613385
vmr_msaldopesos2_tend6	0.000748905329921108	0.0016217962759071	0.00165692007797271
Visa_msaldototal_rank	0.000745517780288362	0.00101169420823151	0.00162443144899285
Visa_msaldototal_rank_lag1	0.00074516428725382	0.0011673233953832	0.00152696556205328
mpasivos_margen_rank_tend6	0.000744689460300535	0.00245666867969077	0.00211176088369071
mcuenta_corriente_rank_delta2	0.000742564386710603	0.00248335325358633	0.00149447693307342
cliente_antiguedad	0.000738549411304325	0.00180123707621914	0.00165692007797271
Visa_fultimo_cierre_tend6	0.000735903260640655	0.0015226204298418	0.00188434048083171
Visa_msaldopesos_rank_delta2	0.000735708792555123	0.00106143047985512	0.00207927225471085
rf_010_010	0.000734206536982435	0.000624538391745671	0.000194931773879142
vm_Finiciomora	0.000729473950971275	0.00173308587747192	0.000422352176738142
Master_fultimo_cierre_lag1	0.000726179008060922	0.00109666412485465	0.00207927225471085
cliente_antiguedad_lag1	0.000719475459505354	0.00139404187505542	0.001591942820013
vmr_msaldopesos_tend6	0.000717244355931702	0.00117491445305774	0.00116959064327485
vm_msaldototal_rank	0.000716183093728317	0.000394019795135425	0.000974658869395711
mcomisiones_mantenimiento_rank_delta1	0.000715777631610621	0.00196752577085768	0.00087719298245614
mcuentas_saldo_rank_lag1	0.000710395493439704	0.00227737568819314	0.00116959064327485
ccomisiones_otras_tend6	0.000708332909036028	0.00126590350805289	0.00175438596491228
vmr_Visa_mlimitecompra_lag2	0.000707362671998104	0.00118244415613007	0.00178687459389214
vmr_Visa_mlimitecompra_lag1	0.000703565074808772	0.000927451280670562	0.00175438596491228
mcomisiones_mantenimiento_rank_lag1	0.000696078849037852	0.00164404037794015	0.00146198830409357
vm_mlimitecompra_rank_tend6	0.000688602991575367	0.00212689884822249	0.00188434048083171
thomebanking_delta2	0.000684702187012234	0.00109755421640042	0.000714749837556855
Visa_mpagosdolares_rank_lag2	0.00067739840814012	0.000233429251741818	0.000682261208576998
Visa_Finiciomora_tend6	0.000675323958262429	0.00124413359972691	0.000454840805717999
Visa_msaldopesos_rank_lag1	0.000673340551858646	0.000718889894852269	0.00152696556205328
ccaja_ahorro_delta2	0.000666688432726784	0.000836005664669265	0.000162443144899285
Master_mconsumototal_rank_tend6	0.00065417645429968	0.00150338720145477	0.00168940870695257
Visa_msaldototal_rank_delta2	0.000653822983589354	0.00129039254079477	0.00188434048083171
rf_015_029	0.000653375138017622	0.000927624009169438	0.00152696556205328
Visa_mconsumosdolares_rank_lag1	0.000650097126899869	0.00094285785310542	0.00198180636777128
mcaja_ahorro_dolares_rank	0.000647270707051788	0.00216364395754995	0.00100714749837557
mplazo_fijo_dolares_rank_delta2	0.000646805281431823	0.00103713801574347	0.000162443144899285
rf_004_021	0.000646530593773903	0.000629497139067556	0.000487329434697856
rf_017_016	0.000646440180950564	0.000775903613969648	0.00146198830409357
vm_mpagominimo_rank_tend6	0.000645408887957844	0.00102659015204157	0.001591942820013
mtransferencias_emitidas_rank	0.000643648376640809	0.00261508167448267	0.00146198830409357
Master_mpagominimo_rank_tend6	0.000642483296848698	0.00178530557108066	0.00139701104613385
vm_msaldototal_rank_delta2	0.00063884723667466	0.000776065367011824	0.000747238466536712
mpayroll_rank_delta2	0.00063704638009334	0.00134336468292674	0.000422352176738142
rf_002_017	0.000636110535447036	0.00078568670425023	0.00175438596491228
rf_005_022	0.000636108181547922	0.000620485299527005	0.00198180636777128
ccajas_consultas_delta1	0.000629703915744079	0.000139422395968132	3.24886289798571e-05
Visa_mpagominimo_rank_delta1	0.000629490722334645	0.00112474321149034	0.00172189733593242
Master_mpagospesos_rank_lag2	0.000626982533472292	0.00190482145736719	0.001819363222872
Visa_mconsumosdolares_rank_tend6	0.000625591246715728	0.000643332691827485	0.00211176088369071
Visa_Finiciomora_lag1	0.000621784489557323	0.000888748491726426	0.000194931773879142
mtransferencias_recibidas_rank_lag2	0.000619330656827458	0.00122603210285855	0.001591942820013
ccajas_consultas_tend6	0.000619308096856468	0.00459601252629449	0.000812215724496426
vmr_Visa_mlimitecompra	0.000616318778759101	0.00134247765011481	0.001591942820013
mttarjeta_visa_debitos_automaticos_rank_lag2	0.000616258593864611	0.00127819404037548	0.00149447693307342
vm_msaldopesos_rank	0.000613743213397229	0.000513155228910627	0.000682261208576998
mcaja_ahorro_dolares_rank_delta2	0.00061311402532198	0.0015521028455681	0.000714749837556855
Master_delinquency_delta2	0.000611245783180983	0.000303123041931857	0.000162443144899285
rf_008_017	0.000610672002031734	0.000655377625815739	0.000324886289798571
Master_msaldototal_rank	0.00060572546677406	0.000941547095694683	0.00103963612735543
vm_mlimitecompra_rank_delta1	0.000603194211764432	0.00167380653621096	0.00185185185185185
vm_mfinanciacion_limite_rank_tend6	0.000601069823623143	0.00134617673887354	0.00168940870695257
vmr_mpagospesos	0.000594429493004364	0.0011825126177903	0.000909681611435997
vm_fultimo_cierre_lag1	0.000588400095974934	0.00185640880782898	0.00165692007797271
Master_fultimo_cierre	0.000587101161488659	0.000868875628116998	0.00165692007797271
Visa_mconsumosdolares_rank	0.000586407589399977	0.00121914734281144	0.00188434048083171
Master_mpagospesos_rank_tend6	0.000581567746430026	0.00124918986668045	0.00142949967511371
ctrx_quarter_normalizado_lag2	0.000581250194605414	0.00137166966605237	0.00155945419103314
Visa_cconsumos_delta2	0.000575106926967745	0.000899497422196554	0.00103963612735543
vm_mfinanciacion_limite_rank	0.000575086747885829	0.000437665677881235	0.00103963612735543
Master_mconsumospesos_rank_tend6	0.000572180849791018	0.00243966976640691	0.00162443144899285
vm_mpagominimo_rank	0.0005719794611333	0.00116159888504963	0.001364522417154
vmr_Master_mlimitecompra_lag2	0.000570421232936305	0.00131536944158321	0.00168940870695257
vm_Fvencimiento_tend6	0.00056873260852079	0.000792768662666887	0.000942170240415854
vm_fultimo_cierre	0.000563085950771061	0.00104946777182935	0.00146198830409357
rf_020_025	0.000559686001245151	0.000702821016579535	0.00220922677063028
rf_006_020	0.000559374887123185	0.000994939273952305	0.000259909031838856
mcaja_ahorro_dolares_rank_tend6	0.000556355890941287	0.00185765119354224	0.000942170240415854
vmr_mpagominimo_lag2	0.000552878614389086	0.000963121065129756	0.00149447693307342
mttarjeta_visa_debitos_automaticos_rank_delta2	0.00055122869290394	0.001246428999544	0.000909681611435997
mtarjeta_visa_consumo_rank_delta2	0.000545879375048062	0.00178422844695721	0.00149447693307342
rf_017_018	0.000545047351540358	0.000845254016305412	0.00142949967511371
vmr_mpagominimo_tend6	0.000543579200505768	0.000885997880344593	0.00107212475633528
mcaja_ahorro_rank_lag2	0.000540328183843266	0.00200527576421245	0.00110461338531514
mtransferencias_recibidas_rank_tend6	0.00053668937123496	0.0020002313723432	0.00165692007797271
rf_012_028	0.000535116007824287	0.000295196783014186	0.000227420402858999
mcaja_ahorro_dolares_rank_lag2	0.000533200935328679	0.00158300505357005	0.00126705653021443
mtransferencias_recibidas_rank_lag1	0.000532478535110262	0.0017162342332259	0.00133203378817414
ccajas_transacciones_lag2	0.000530638932399381	0.000975221596103585	0.00120207927225471
vm_cconsumos_tend6	0.000527474809389252	0.000766745764869891	0.000747238466536712
mcomisiones_mantenimiento_rank_lag2	0.000527050423281906	0.00152851362035005	0.00116959064327485
vm_mlimitecompra_rank_delta2	0.000524764854276446	0.000953012309658585	0.00149447693307342
vm_msaldototal_rank_tend6	0.000519891550882129	0.000766364142842688	0.001137102014295
mpagomiscuentas_rank_tend6	0.000518893107126159	0.00225130349080376	0.00087719298245614
rf_020_015	0.000516865312425144	0.000408993466769977	0.000974658869395711
vmr_mpagosdolares_lag2	0.00051630961622457	0.000218013772993736	0.000129954515919428
vm_mconsumospesos_rank	0.000516112242504764	0.000106995049298767	0.000324886289798571
cmobile_app_trx_lag2	0.000515005413720546	0.00201016416065614	0.001137102014295
ctrx_quarter_lag2	0.000509836652016268	0.00182458250235804	0.00123456790123457
vm_mfinanciacion_limite_rank_lag2	0.000509399815655454	0.000884506837563154	0.00120207927225471
tcallcenter_lag2	0.000508748309018914	0.00111073034213079	0.00110461338531514
mtransferencias_emitidas_rank_tend6	0.000508675461614776	0.0012897819635438	0.000974658869395711
mautoservicio_rank_lag2	0.000505642714570561	0.00101214762054106	0.00139701104613385
ccajas_transacciones_delta2	0.000505197589482791	0.000367097809516679	0.000389863547758285
Master_fultimo_cierre_lag2	0.000501400917301868	0.000580812532106371	0.00146198830409357
Visa_fultimo_cierre	0.000499622983310615	0.000726096541654052	0.00126705653021443
Visa_madelantopesos_rank_tend6	0.000497212295483032	0.000249091048526317	0.000584795321637427
vm_mlimitecompra_rank	0.000496908764056721	0.000574927978023065	0.00126705653021443
vmr_msaldopesos2_lag2	0.000495646820398043	0.000721082287309351	0.00146198830409357
ctarjeta_visa_transacciones_lag2	0.000485335551191477	0.000781716557696128	0.001137102014295
rf_010_017	0.000484060597477977	0.000510706982364586	0.00107212475633528
Master_msaldototal_rank_tend6	0.000481430814348323	0.000940224013385848	0.00120207927225471
cliente_vip_lag1	0.000480397834205791	0.00112504971461309	0.000194931773879142
mtransferencias_emitidas_rank_delta2	0.000480243503628207	0.00200482873925884	0.00107212475633528
Master_mpagospesos_rank	0.000479659252446823	0.00110483598210666	0.000942170240415854
mautoservicio_rank_delta2	0.000479348771755584	0.00127826043289224	0.001137102014295
rf_020_016	0.000478502792715482	0.00090306615491629	0.000974658869395711
mtransferencias_recibidas_rank_delta2	0.000475266823211503	0.00117920846554723	0.00107212475633528
rf_015_023	0.000474812257073626	0.000665745833886262	0.000487329434697856
Visa_mconsumosdolares_rank_delta2	0.000472082560063545	0.000774686507791894	0.00172189733593242
ccajas_transacciones_tend6	0.000471775549804918	0.00062361267494701	0.000194931773879142
rf_002_024	0.000470360522853809	0.00117780009854208	0.00168940870695257
rf_006_014	0.000470209514936756	0.000697875223895066	0.000844704353476283
vmr_mconsumototal_lag1	0.000468135870558036	0.000622949829332575	0.00116959064327485
Visa_fultimo_cierre_lag1	0.000467766991300454	0.0010657234127915	0.00123456790123457
mcuenta_corriente_rank_delta1	0.000467574676021101	0.00115001797897659	0.000747238466536712
mtransferencias_emitidas_rank_lag2	0.000465498976150965	0.00136091380844973	0.000942170240415854
vm_mpagospesos_rank_delta2	0.000462199801040447	0.000825642764401572	0.00107212475633528
mcuenta_debitos_automaticos_rank_lag2	0.000456730333256045	0.00138371190115783	0.000844704353476283
mplazo_fijo_dolares_rank_tend6	0.000454118026785075	0.000775118868815642	0.000194931773879142
rf_018_021	0.000453604439448184	0.000679805124029891	0.00100714749837557
tcallcenter_delta1	0.000448597650562071	0.000249684083039123	0.000194931773879142
mpagomiscuentas_rank	0.000446599463023079	0.00144139674246354	0.000617283950617284
vm_mpagominimo_rank_delta2	0.000443844716029495	0.000973623407675187	0.001137102014295
mextraccion_autoservicio_rank_tend6	0.000442374733786517	0.00179481607419896	0.000974658869395711
active_quarter_lag2	0.000439519058411786	0.0004606813005426	0.000649772579597141
cdescubierto_preacordado_lag2	0.000434796381361564	0.000715487593238221	0.00110461338531514
vm_msaldopesos_rank_delta2	0.000433915938186908	0.000930977101153859	0.00103963612735543
rf_001_013	0.000432942890684093	0.000666327623054089	0.00116959064327485
rf_011_022	0.000432296714060282	0.000229108970126454	6.49772579597141e-05
Visa_Fvencimiento_tend6	0.000431470515743365	0.000843146008917052	0.00110461338531514
vm_mlimitecompra_rank_lag1	0.000428682638132008	0.000793540902997276	0.00107212475633528
ctrx_quarter	0.00042503876135988	0.00201331276728747	0.000714749837556855
vmr_msaldopesos2_delta2	0.000420253129794298	0.00101144591101438	0.00133203378817414
Visa_mpagado_rank_tend6	0.000419778406401011	0.00118967383339837	0.00100714749837557
mautoservicio_rank_tend6	0.000417436968522144	0.00149638773888888	0.00107212475633528
vm_mconsumospesos_rank_delta2	0.000416874294473556	0.000770744609544379	0.00110461338531514
mtarjeta_visa_consumo_rank_lag2	0.000414479518159193	0.0012491427261943	0.00123456790123457
vm_mfinanciacion_limite_rank_delta1	0.000413960080791935	0.00099813538092082	0.00129954515919428
rf_017_015	0.000407650879629807	0.000428339688383354	0.000779727095516569
vm_Finiciomora_tend6	0.000404770544030605	0.00113771737082489	0.000422352176738142
rf_009_018	0.000403560680502884	0.00122568556630768	0.00055230669265757
Visa_mconsumosdolares_rank_delta1	0.00040156446831267	0.000548729832769919	0.001137102014295
rf_003_025	0.000400976075458622	0.000492219365331035	0.000129954515919428
vm_mconsumospesos_rank_lag1	0.000399867240744882	0.000438193939206963	0.000747238466536712
rf_006_018	0.000399768204006363	0.000934175367228611	0.00087719298245614
vm_msaldopesos_rank_tend6	0.000399310207079936	0.000417917682582452	0.00103963612735543
Visa_cconsumos_delta1	0.000397929674421414	0.000447279098396776	0.000974658869395711
ccajas_transacciones	0.000397888782039989	0.00127770545262684	0.000909681611435997
matm_rank_lag2	0.000397816423327772	0.00160631233549879	0.000942170240415854
vm_status01_delta2	0.000396494383323197	0.000179027601356133	0.000227420402858999
Visa_mpagosdolares_rank_tend6	0.000394660449004065	0.00124659767971868	0.00129954515919428
vm_mfinanciacion_limite_rank_lag1	0.000392654414531685	0.000709239229754158	0.000909681611435997
vmr_msaldototal_lag2	0.000392551979294391	0.00111790865066322	0.001137102014295
Visa_fultimo_cierre_lag2	0.000391120336940702	0.000675799352222896	0.000974658869395711
Visa_status	0.000391112001669926	0.000878364810061212	0.000487329434697856
ccomisiones_otras_delta2	0.000390782617170147	0.000459838529408503	0.000649772579597141
vmr_mpagospesos_delta2	0.000388287440256549	0.00143393244231761	0.00107212475633528
vmr_msaldopesos2	0.000387705776475166	0.00068877000300981	0.00100714749837557
mpayroll_rank_delta1	0.000387528645535038	0.00215820121058017	0.00055230669265757
Master_msaldopesos_rank_tend6	0.000386684589081931	0.00060837730164411	0.001137102014295
vmr_msaldopesos_lag2	0.000386263868445799	0.000584735538174321	0.00110461338531514
vm_msaldopesos_rank_lag2	0.00038595534834022	0.00101131105683739	0.000747238466536712
mttarjeta_visa_debitos_automaticos_rank_delta1	0.000385749083332811	0.00114964472348605	0.000714749837556855
vm_msaldototal_rank_delta1	0.000385450725347458	0.00106292098286	0.00100714749837557
Master_msaldototal_rank_lag1	0.000384415053840396	0.000621853093327475	0.000942170240415854
rf_019_017	0.000384334649392685	0.00068991486909142	0.00055230669265757
vmr_msaldopesos2_delta1	0.000382795468853722	0.000797130866928332	0.00103963612735543
rf_001_015	0.000381530667038079	0.000846106053603771	0.000812215724496426
vm_fultimo_cierre_lag2	0.000380975330622591	0.00102106086089683	0.00116959064327485
mttarjeta_visa_debitos_automaticos_rank	0.000380226917354509	0.00107766282046247	0.000942170240415854
Master_mpagosdolares_rank_tend6	0.000379329616481239	0.000923611130304416	0.00139701104613385
vmr_msaldototal_lag1	0.00037887467832007	0.000505543839652365	0.000812215724496426
rf_018_017	0.000377583145516349	0.000502066868947656	0.000357374918778428
mcaja_ahorro_dolares_rank_lag1	0.000376024938154986	0.000945584894244178	0.000747238466536712
ctransferencias_recibidas_tend6	0.000375748455651037	0.00224666699008759	0.000747238466536712
mcuenta_debitos_automaticos_rank_delta2	0.000375252731541066	0.00120045317128132	0.000422352176738142
mpayroll_sobre_edad_rank_tend6	0.000370613619918404	0.000757858523751706	0.000292397660818713
cpagomiscuentas_tend6	0.000368307452800297	0.00188943575629261	0.00055230669265757
vm_cconsumos_delta2	0.000367944417991915	0.000294961170546189	6.49772579597141e-05
Master_msaldopesos_rank_lag1	0.00036708352765754	0.000743680932578899	0.00100714749837557
rf_018_019	0.000367058084333311	0.000700239805074464	0.000747238466536712
thomebanking_tend6	0.000366851084188095	0.00206684501756215	0.000454840805717999
Visa_cadelantosefectivo	0.000363577493896834	0.00014651928820292	0.000454840805717999
vmr_msaldototal	0.000357940248470947	0.00104411282851317	0.000779727095516569
vmr_Visa_mlimitecompra_tend6	0.000356129075161197	0.00111832760723576	0.000714749837556855
vmr_Master_mlimitecompra_tend6	0.000355775443949691	0.00107322972554627	0.000747238466536712
Master_msaldopesos_rank_delta2	0.000355679927014777	0.000808481918150009	0.000909681611435997
Master_mconsumototal_rank_delta2	0.000354025548196041	0.000836328001237739	0.000844704353476283
rf_013_019	0.000352257262979414	0.000875882557591955	0.000649772579597141
mpagomiscuentas_rank_delta2	0.000351387806836909	0.0012644719306557	0.000487329434697856
Master_mconsumospesos_rank	0.000347942418799956	0.000445374496808394	0.00087719298245614
Visa_fechaalta_tend6	0.000346317382368455	0.000362738663989067	0.000909681611435997
rf_004_025	0.000346069038221317	0.000120907340292833	0.000129954515919428
active_quarter	0.000344824357735073	0.00062963334268594	0.000747238466536712
vm_status01_tend6	0.000343504446292075	7.38501596569908e-05	0.000259909031838856
Visa_delinquency_tend6	0.000340821923088175	0.000680307745969067	0.000454840805717999
vmr_mconsumospesos_lag2	0.000336153382244965	0.000258860374504645	0.000909681611435997
Master_madelantodolares_rank_tend6	0.000336015306968977	0.000261219288030174	0.00107212475633528
Master_mconsumototal_rank_lag2	0.000335794129079851	0.00110291536714703	0.000909681611435997
Master_mconsumototal_rank	0.000335767556455527	0.000650133966433469	0.000844704353476283
Master_mpagospesos_rank_delta2	0.000332812380385851	0.00111372106411861	0.000942170240415854
vm_mconsumospesos_rank_tend6	0.000331187866526898	0.000441858572228679	0.000812215724496426
Master_msaldototal_rank_delta2	0.000330636108167513	0.000685521987528872	0.000779727095516569
vm_mpagospesos_rank_delta1	0.000330222069987502	0.00123728023668298	0.000909681611435997
Master_cconsumos_tend6	0.000327344336696867	0.000686465606916739	0.000974658869395711
mpagomiscuentas_rank_lag1	0.000326424614838634	0.00140454547707949	0.000747238466536712
rf_019_023	0.0003254047555351	0.00037074355035883	0.00087719298245614
vmr_mconsumototal_tend6	0.000324118200011048	0.00187065135211438	0.00087719298245614
mcuenta_debitos_automaticos_rank_tend6	0.000322165165649232	0.00187403638087854	0.00055230669265757
vmr_mconsumospesos	0.000320171508714693	0.000622797432417421	0.000844704353476283
Master_mconsumototal_rank_lag1	0.000319900442747707	0.000525214107126654	0.000714749837556855
rf_011_017	0.000319846881429587	0.000348451768063066	0.000779727095516569
rf_016_019	0.000318657377222903	0.000479507177553115	0.000779727095516569
rf_003_021	0.000316517035223973	0.000251477310730834	0.000617283950617284
cmobile_app_trx_tend6	0.00031589361785506	0.00209951517372029	0.000714749837556855
Visa_fechaalta_delta2	0.000313920700410019	0.000237635640503236	0.000324886289798571
ccaja_ahorro_delta1	0.000312019505826809	0.00025012723959405	3.24886289798571e-05
rf_014_016	0.000311896064636652	0.000341619276379421	0.000292397660818713
Master_mconsumototal_rank_delta1	0.000311457036861924	0.000472098384429993	0.000812215724496426
vmr_mpagominimo_delta1	0.000310996259305922	0.00132398337583703	0.000974658869395711
rf_018_025	0.000310984201402305	0.000525280949457208	0.000714749837556855
Master_msaldopesos_rank_lag2	0.000308987309745055	0.000763683342562484	0.000909681611435997
tcuentas_lag2	0.000304881893625508	0.00125761146055375	0.000259909031838856
ccaja_ahorro_lag2	0.00030473194107592	0.000393509886212703	0.000194931773879142
vmr_msaldopesos2_lag1	0.000304525414514064	0.000565857932576903	0.000974658869395711
Master_mpagominimo_rank_lag2	0.000302968835604575	0.000969689965927096	0.000747238466536712
Master_mpagospesos_rank_lag1	0.00030287050835931	0.000555583735590404	0.000812215724496426
Visa_mpagosdolares_rank_lag1	0.000302305802754828	0.000267855480971868	0.000617283950617284
mtarjeta_master_consumo_rank_tend6	0.000301036773451354	0.000907306909451964	0.000292397660818713
vm_mconsumototal_rank_lag1	0.000300004566488475	0.000571899201787835	0.000779727095516569
Master_status	0.000298657898487842	0.000444980999696893	0.000487329434697856
Master_madelantopesos_rank_lag1	0.000298548478477777	0.000103990293120412	0.000389863547758285
mtarjeta_visa_consumo_rank_tend6	0.00029573982079653	0.000643667893070616	0.000779727095516569
vm_mpagominimo_rank_delta1	0.000294013098774123	0.000820733946411393	0.000974658869395711
ctransferencias_emitidas_tend6	0.000291356391535904	0.00125284856216002	0.000584795321637427
Master_madelantopesos_rank	0.000290505571911331	0.000228645392025045	0.000682261208576998
Visa_delinquency_lag2	0.000290401546248098	0.000375442305304803	0.000259909031838856
rf_013_021	0.000289496881306293	0.000878730328754406	0.000779727095516569
ctarjeta_debito_transacciones_lag2	0.00028662659957203	0.00111381966330339	0.000747238466536712
vmr_mconsumototal_lag2	0.000286378312999005	0.000375714532616052	0.000714749837556855
vm_mpagospesos_rank_lag2	0.000286347025067627	0.000479462556024239	0.000584795321637427
Master_msaldototal_rank_lag2	0.000286148728425135	0.000461280722411354	0.000844704353476283
rf_019_021	0.000285239228426505	0.000500713559151518	0.000617283950617284
mextraccion_autoservicio_rank_delta2	0.000283393204232153	0.00101761267827527	0.000714749837556855
Visa_delinquency_delta2	0.00028121769641423	0.000503041885338705	0.000259909031838856
Master_mpagominimo_rank_lag1	0.000281178992901354	0.000474318665342622	0.000649772579597141
rf_004_016	0.000281159113454365	0.000520305918875794	0.000324886289798571
ccallcenter_transacciones_tend6	0.000281126329733496	0.0016937573075704	0.00055230669265757
rf_007_016	0.000280622096104327	0.000420131935990173	0.000454840805717999
vm_status01	0.0002801165897926	0.0006927253956713	0.000422352176738142
ccomisiones_otras	0.000278668470490557	0.000860414540592132	0.000487329434697856
vm_fultimo_cierre_delta1	0.000278572222817681	0.000140457057668948	0.000422352176738142
vm_mconsumototal_rank	0.000277032452917607	0.000574070632921876	0.000584795321637427
ccaja_ahorro_tend6	0.000276812898449851	0.00175089067715835	0.000227420402858999
Master_mpagominimo_rank_delta1	0.000276434508399158	0.000823271615940706	0.000779727095516569
vmr_mpagospesos_lag2	0.000273887128228815	0.00040158719260413	0.000812215724496426
rf_007_025	0.000272354204488201	0.000715695227287911	0.000519818063677713
ccomisiones_otras_lag2	0.000272141430582209	0.00174820420922428	0.000747238466536712
vm_msaldototal_rank_lag1	0.000271634309345405	0.00110983242382492	0.000779727095516569
mtarjeta_master_consumo_rank_lag2	0.000271059326492923	0.000374797542205095	0.000617283950617284
rf_017_017	0.000270823166499513	0.000378284858627184	0.000259909031838856
vm_status01_lag2	0.00026891088343317	0.000759866492551134	0.000129954515919428
ccajas_transacciones_delta1	0.000268565620218563	0.00154307058448107	0.00055230669265757
vmr_mconsumototal	0.000266148691028453	0.000595291408561852	0.000779727095516569
vm_mconsumospesos_rank_delta1	0.00026574453606483	0.000639445400975188	0.000617283950617284
mcuenta_debitos_automaticos_rank_lag1	0.000264884313416087	0.000906082786178943	0.00055230669265757
ctrx_quarter_normalizado_lag1	0.000264763373301691	0.000966265983287928	0.000519818063677713
vm_mconsumototal_rank_delta2	0.000264150991035967	0.00104226697260696	0.000747238466536712
vm_Finiciomora_lag2	0.000263590766646764	0.00203046722618308	0.000389863547758285
vm_Finiciomora_delta1	0.00026318074178029	0.000957778986488231	0.000194931773879142
vmr_mconsumospesos_lag1	0.000260066046742597	0.000325475459127747	0.000617283950617284
Master_cadelantosefectivo_tend6	0.000259120042870012	0.000266655197830202	0.00100714749837557
tcallcenter_lag1	0.000256624187272576	0.00094801136980234	0.000617283950617284
rf_020_023	0.000256515659012997	0.000444948163289555	0.000682261208576998
Master_fultimo_cierre_delta1	0.000255674038837928	0.000270961895068832	0.000812215724496426
Master_mconsumospesos_rank_lag1	0.000255266640933701	0.000345831332794708	0.000649772579597141
rf_011_024	0.000253353211362186	0.000561786847806271	0.000974658869395711
vmr_mpagospesos_tend6	0.000253291979404484	0.00113794992455906	0.000779727095516569
ctarjeta_master_transacciones_tend6	0.000252610884789338	0.000853656088259828	0.000357374918778428
rf_019_016	0.000252457485160863	0.000494790680932525	0.00087719298245614
Master_cconsumos_delta2	0.000251958439931217	0.000373886489336286	0.000584795321637427
rf_016_017	0.000250306743490962	0.000506478282838729	0.000487329434697856
vmr_mpagospesos_lag1	0.000249572545068895	0.000417485771372504	0.000714749837556855
Master_mconsumospesos_rank_lag2	0.000249137604350568	0.000739317828689855	0.000649772579597141
rf_014_017	0.000248120403726349	0.000585573361356628	0.000519818063677713
vm_msaldopesos_rank_delta1	0.00024708370735075	0.000805763063622396	0.000714749837556855
rf_002_020	0.000246957922097497	0.000754937163051714	0.000487329434697856
vmr_mconsumospesos_delta2	0.000245067407757218	0.000470187395485663	0.000649772579597141
ctarjeta_debito_transacciones_tend6	0.000243172971154747	0.00105653857486379	0.000487329434697856
rf_008_021	0.000242288151624763	0.000223582647752795	3.24886289798571e-05
Master_mpagospesos_rank_delta1	0.000241921598394546	0.000577630639253908	0.000682261208576998
rf_016_015	0.000241260025420778	0.00021685685190231	0.000357374918778428
mtransferencias_recibidas_rank_delta1	0.000238790302740117	0.000918879808839384	0.000649772579597141
Master_msaldopesos_rank_delta1	0.00023797038914784	0.000902746067416812	0.000682261208576998
rf_007_021	0.000237221344411035	0.000628154804728117	0.00055230669265757
mv_status07_rank_delta1	0.000236806101037004	0.00204293786395086	0.000422352176738142
rf_001_019	0.000236647286835134	0.000565618901524032	0.000617283950617284
Master_fultimo_cierre_delta2	0.000236457376780365	0.000268218750596065	0.000747238466536712
mttarjeta_visa_debitos_automaticos_rank_lag1	0.00023626775252919	0.000323173402066432	0.000584795321637427
catm_trx_tend6	0.000235532095981081	0.00153943105106934	0.000584795321637427
vm_mpagado_rank_tend6	0.000235447149365687	0.00158136206368726	0.000617283950617284
ccajas_extracciones_tend6	0.000234593060246897	0.0019048595116146	0.000389863547758285
Master_delinquency_lag2	0.00023368914495148	0.000326845681922733	0.000194931773879142
mextraccion_autoservicio_rank_lag2	0.000232247361135931	0.00028170569766165	0.000584795321637427
ctrx_quarter_lag1	0.000231732804087657	0.00107785156233259	0.00055230669265757
Master_cconsumos_lag2	0.000231080048622267	0.000421961058823057	0.000682261208576998
Master_mconsumospesos_rank_delta1	0.000228215658717357	0.000732574759989482	0.000649772579597141
ccajas_transacciones_lag1	0.000227383607660622	0.000581615539700622	0.000584795321637427
vm_mconsumosdolares_rank_lag2	0.000226211359684002	0.00117795276534551	0.000584795321637427
rf_012_025	0.000225034167008388	0.000476276704810344	0.000259909031838856
vm_msaldototal_rank_lag2	0.000224794240165507	0.000283975638017705	0.000487329434697856
Visa_fultimo_cierre_delta1	0.000224666082341069	0.000261833013977741	0.000779727095516569
cextraccion_autoservicio_tend6	0.000224509299049661	0.000656513585584125	0.000487329434697856
vmr_mconsumototal_delta1	0.000224176178826591	0.000463798870021784	0.000487329434697856
Visa_msaldodolares_rank_tend6	0.00022221216477782	0.00203407671203302	0.000682261208576998
Master_msaldototal_rank_delta1	0.000221039695136262	0.000609190834881261	0.000714749837556855
Master_fechaalta_delta1	0.000220657630051055	0.000334059075931503	0.000779727095516569
rf_014_024	0.000219702676657957	0.000611497030229529	0.00055230669265757
Visa_mpagosdolares_rank_delta2	0.00021793075331461	0.00104092742711307	0.000584795321637427
mtarjeta_visa_consumo_rank_delta1	0.000217909918701181	0.00141762858131619	0.000519818063677713
ccomisiones_otras_delta1	0.000217620187208191	0.000355428649976239	0.000454840805717999
rf_001_020	0.000217289017171147	0.000640401795074951	0.000259909031838856
rf_019_024	0.000216847955504244	0.000282527867323745	0.00087719298245614
Master_Fvencimiento_delta1	0.00021648580277396	0.000212367710186743	0.000649772579597141
vmr_msaldototal_delta2	0.000215466960025619	0.000689802145753351	0.000649772579597141
vmr_mconsumospesos_delta1	0.000215257364917031	0.00039236672942353	0.000487329434697856
mprestamos_prendarios_rank	0.000214666926898477	0.00025012723959405	3.24886289798571e-05
ccajas_consultas_delta2	0.000213146587588435	0.000416397132015789	9.74658869395711e-05
vmr_msaldopesos_delta1	0.000212849955174272	0.000343417991799482	0.000487329434697856
mautoservicio_rank_delta1	0.000212104606016714	0.000985448022864614	0.000487329434697856
vmr_msaldopesos_delta2	0.000211975443863926	0.000313581302724971	0.00055230669265757
Master_mpagominimo_rank_delta2	0.000211032871890351	0.000956373408328631	0.000584795321637427
rf_002_021	0.000210673628948741	0.000433447863849319	0.000259909031838856
mtarjeta_master_descuentos_rank_delta2	0.000208206083355224	0.000293724362524032	0.000454840805717999
Master_cconsumos_lag1	0.000208112176545556	0.00073398663554227	0.000617283950617284
vmr_msaldototal_delta1	0.000208109814155831	0.000711487039271296	0.000519818063677713
rf_012_015	0.000206770895962454	0.000793664331903764	0.000259909031838856
thomebanking_delta1	0.000206188232798003	0.000855099720666836	0.000487329434697856
mautoservicio_rank	0.000206171399556334	0.00248487425396679	0.000519818063677713
vm_mconsumototal_rank_lag2	0.000204689672504572	0.000158315475160241	0.000357374918778428
rf_003_028	0.000204081377367974	0.000510157129976499	0.000519818063677713
vm_status06_delta2	0.000203221010506116	0.00025225144027918	6.49772579597141e-05
Visa_mpagado_rank_delta2	0.000201125213887536	0.000764870940955013	0.000389863547758285
cpayroll_trx_tend6	0.000200019867414872	0.000236828674547552	9.74658869395711e-05
vmr_mconsumosdolares_tend6	0.000199607124971153	0.000691317928293744	0.000487329434697856
rf_016_014	0.000199259483367384	0.000282384376721815	0.000227420402858999
vm_cconsumos_lag2	0.000198528293203257	0.00032693249598597	0.000422352176738142
vm_mconsumototal_rank_tend6	0.000197043637584921	0.000384961804699081	0.000617283950617284
matm_other_rank_lag1	0.000196636106158112	0.000325609143788856	0.000259909031838856
ctarjeta_visa_transacciones_lag1	0.000195805416508089	0.000479044049265505	0.000389863547758285
Visa_mpagosdolares_rank	0.000195498745755715	0.00020568833512033	0.000649772579597141
ctarjeta_debito_transacciones_delta2	0.000195148082439933	0.000814835178212034	0.000422352176738142
Master_mpagado_rank_tend6	0.000194385996852228	0.000609550146144027	0.00055230669265757
internet_tend6	0.000193168857507415	0.00235746089684574	0.000422352176738142
ctarjeta_visa_delta2	0.000192017950453708	0.000245328985835704	6.49772579597141e-05
ccomisiones_mantenimiento_delta2	0.000190220272233443	0.000988786001105384	0.000194931773879142
vmr_mconsumototal_delta2	0.000189006500479401	0.000475771383988373	0.000519818063677713
rf_010_018	0.000188701638463477	0.000646430829350545	0.000454840805717999
ccuenta_debitos_automaticos_tend6	0.000187993812569354	0.000871649269965348	0.000259909031838856
Visa_mpagosdolares_rank_delta1	0.000187861828406627	0.000175395714778995	0.000454840805717999
Master_cconsumos_delta1	0.00018778965683329	0.000153834070242019	0.000519818063677713
matm_other_rank_lag2	0.000187146038919579	0.00065274162698993	0.000487329434697856
vmr_mpagospesos_delta1	0.00018660302943462	0.00104692623390137	0.000487329434697856
Master_fechaalta_delta2	0.000185604017844055	0.000193713122270946	0.000487329434697856
vmr_Master_mlimitecompra_delta2	0.000185378851646194	0.000519071989661952	0.000389863547758285
rf_012_023	0.00018483529605315	0.000268879257178744	0.000389863547758285
rf_011_026	0.000183293897410302	0.000236757334079006	0.000487329434697856
rf_017_022	0.00018300762674117	0.00138677324391212	0.000259909031838856
rf_003_017	0.000182611548730126	0.00032136416100347	0.000357374918778428
mautoservicio_rank_lag1	0.000182342814608483	0.000457678343619441	0.000454840805717999
mtarjeta_visa_consumo_rank_lag1	0.000181944640961979	0.000882524778038558	0.000487329434697856
Master_mconsumosdolares_rank_tend6	0.000180765891213799	0.000713914144568777	0.000942170240415854
Master_mconsumosdolares_rank_delta2	0.000180354003394598	0.000215759126306852	0.00055230669265757
vm_mconsumospesos_rank_lag2	0.000179128759243639	0.00031139925598527	0.000454840805717999
Visa_mpagado_rank_lag2	0.000178926315011078	0.000608193237837496	0.000422352176738142
vm_status01_delta1	0.000177117633831948	0.000558655334099314	0.000227420402858999
mforex_sell_rank_tend6	0.000176222456847692	0.00239733491096011	0.000454840805717999
rf_002_022	0.000176146119747983	0.000228192969305854	0.000357374918778428
rf_003_015	0.000176068760720544	0.000288520376718848	0.000389863547758285
rf_019_020	0.000174601140285493	0.000273052179793505	0.000422352176738142
Master_mconsumospesos_rank_delta2	0.000173087612227046	0.000444428808277051	0.00055230669265757
Master_mconsumosdolares_rank	0.000172975382788417	0.00013295011517485	0.000584795321637427
minversion2_rank	0.000171852552784585	0.00100805305549011	0.000162443144899285
rf_005_015	0.000170189891784117	0.000536435522011414	0.000357374918778428
rf_009_023	0.000169965041502429	0.000532002067244182	0.000324886289798571
ctarjeta_debito_delta1	0.000169843668312339	0.00125063619797025	0.000162443144899285
rf_008_018	0.000169034514487472	0.000534226036629965	0.000389863547758285
Master_madelantopesos_rank_tend6	0.000168423466965761	0.000181940415593941	0.000714749837556855
vmr_msaldopesos_lag1	0.000168224762865426	0.000212572285502598	0.000519818063677713
Master_mpagosdolares_rank_lag2	0.000167101632444876	0.000346225009831729	0.000649772579597141
mtransferencias_emitidas_rank_delta1	0.000166726943200518	0.000582883204949401	0.000324886289798571
vmr_mconsumosdolares	0.000166712259789148	0.000685004341808804	0.000292397660818713
mcaja_ahorro_dolares_rank_delta1	0.0001643621791594	0.000765098456774626	0.000357374918778428
Visa_fultimo_cierre_delta2	0.000162435092031381	0.000415114353023359	0.000422352176738142
Master_cconsumos	0.000162111733628965	0.000337123837270665	0.000422352176738142
cliente_vip_delta2	0.00016202841970166	0.000590805235617359	0.000259909031838856
rf_005_020	0.000161616036808945	0.000627290262606141	0.000422352176738142
matm_rank_delta2	0.000161609846190089	0.000983494391572124	0.000519818063677713
ccomisiones_mantenimiento	0.000161565600181039	0.000750381718782151	9.74658869395711e-05
Visa_mpagado_rank	0.000161556823762127	0.000820351964533151	0.000422352176738142
rf_002_008	0.000160884610580385	0.000170439486414386	9.74658869395711e-05
rf_018_015	0.0001602345766921	0.000341426576147863	0.000259909031838856
ccomisiones_otras_lag1	0.000159869148949611	0.000423170248277945	0.000324886289798571
rf_011_019	0.000158674896218858	0.000392229266326509	0.000389863547758285
rf_003_023	0.000154410620153594	0.000408316137151209	0.000357374918778428
rf_006_017	0.000153893887181772	0.00062200468057779	0.000389863547758285
mplazo_fijo_dolares_rank_delta1	0.000152136972038384	0.000992858165429134	0.000162443144899285
rf_014_030	0.000150476226316077	0.000271089462262272	0.000357374918778428
vm_msaldopesos_rank_lag1	0.000149907512561512	0.000744415838363958	0.000389863547758285
mpayroll_sobre_edad_rank_delta2	0.000149358693362496	0.000891016992678325	0.000389863547758285
ctarjeta_debito_transacciones_delta1	0.000147149502182587	0.00123871838136164	0.000259909031838856
matm_other_rank_tend6	0.000145972041298214	0.000696645882781975	0.000324886289798571
cproductos	0.000145493680796353	0.000770522311564837	0.000194931773879142
rf_014_028	0.00014500776448724	0.000781436503624774	0.000162443144899285
ctarjeta_debito_tend6	0.000143459020357021	0.0016677471844853	0.000227420402858999
Master_Fvencimiento_delta2	0.000141810491223665	0.000244943405447068	0.000487329434697856
vmr_mconsumosdolares_lag2	0.000141581567485099	0.000285570767712269	0.000292397660818713
Master_cadelantosefectivo_lag2	0.000140914447906212	0.000168926852570587	0.000487329434697856
vm_mpagospesos_rank_lag1	0.000140792593314854	0.00016788220500343	0.000259909031838856
tcuentas_lag1	0.000140163727846451	0.00142311271115549	0.000259909031838856
Visa_cadelantosefectivo_lag2	0.000139845193220006	9.13232666479272e-05	0.000454840805717999
cliente_vip	0.000138920752173036	0.000886117710740688	0.000259909031838856
mextraccion_autoservicio_rank_delta1	0.000136522971110155	0.00071238450776337	0.000357374918778428
Master_mpagado_rank_lag2	0.000136341446142593	0.000663655459198829	0.000324886289798571
ctarjeta_debito_lag2	0.00013586109618336	0.000793008053570797	0.000227420402858999
vm_mpagospesos_rank	0.000135494975810662	0.000148317913660222	0.000389863547758285
Master_mconsumosdolares_rank_lag1	0.00013532264190199	0.000113575105478327	0.000422352176738142
Master_madelantopesos_rank_lag2	0.00013476752035168	0.000119978654723097	0.000324886289798571
cmobile_app_trx_lag1	0.000134318018181334	0.00089890888582174	0.000259909031838856
vm_status02	0.00013371489726294	0.000815442246915374	0.000357374918778428
Master_cadelantosefectivo	0.000133600875197523	0.000130324552029182	0.000487329434697856
rf_020_021	0.00013290663716349	0.000257872133587901	0.000454840805717999
mpagomiscuentas_rank_delta1	0.000132547764742952	0.000443095830064635	0.000227420402858999
active_quarter_lag1	0.000131934103103998	0.000279612264240382	0.000389863547758285
matm_rank_tend6	0.0001306904022197	0.000305005242793041	0.000259909031838856
rf_020_009	0.000129989819416545	0.000518420569318016	0.000194931773879142
Master_mconsumosdolares_rank_delta1	0.000129501392032022	0.000224656173365858	0.000422352176738142
mpayroll_rank	0.000128913053176077	0.00133247541055128	0.000259909031838856
catm_trx_other_tend6	0.000128581437772862	0.000941853328929148	0.000292397660818713
rf_002_018	0.00012773279209918	0.000305924662198514	0.000129954515919428
catm_trx_delta2	0.000126026489286615	0.00032482448859761	0.000227420402858999
mprestamos_prendarios_rank_lag2	0.000125926644067412	0.000680073662867987	9.74658869395711e-05
rf_001_017	0.000125286852728345	0.000558275331401787	0.000292397660818713
Master_mpagosdolares_rank_lag1	0.000124642742050129	9.47908812256132e-05	0.000422352176738142
rf_009_021	0.000124175186768626	0.000137350823497503	0.000227420402858999
ctransferencias_recibidas_delta2	0.000124126605493714	0.00121077522845605	0.000259909031838856
mpayroll_sobre_edad_rank_lag2	0.000124020211559146	0.000716815443573326	0.000324886289798571
rf_008_015	0.000121782217173057	0.000374477634631135	0.000162443144899285
rf_020_019	0.000121646383109233	0.000227265093400957	0.000259909031838856
rf_003_022	0.000121631507122811	0.000394906648021839	0.000259909031838856
rf_007_028	0.0001214948457426	0.000534577341207105	0.000324886289798571
vm_fultimo_cierre_delta2	0.000120007451893199	0.000275905258758786	0.000324886289798571
vm_status04	0.000117713807971452	0.000188215228129394	0.000227420402858999
vm_status04_delta1	0.000117372958274503	0.000396591560550714	6.49772579597141e-05
cpagomiscuentas_delta2	0.0001167631714085	0.00080186965530243	0.000162443144899285
Master_madelantodolares_rank	0.000116552960903352	0.000100328089093211	0.000389863547758285
Visa_status_delta2	0.000115436474749355	7.78848095098917e-05	9.74658869395711e-05
cproductos_lag2	0.000114409083646815	0.000594719245409327	0.000194931773879142
rf_012_022	0.00011421846838046	0.000428412828107097	0.000324886289798571
Master_mpagosdolares_rank_delta2	0.000113825330884283	8.80598675350576e-05	0.000389863547758285
vm_mpagado_rank_delta2	0.000113779877826734	0.000902992835267028	0.000259909031838856
Visa_madelantopesos_rank_lag2	0.000113774784769315	0.000175955283145144	0.000357374918778428
rf_004_017	0.000113431177351077	0.000332238139709763	0.000227420402858999
vm_mconsumosdolares_rank_lag1	0.000113181029340046	0.00080750204376993	0.000227420402858999
Visa_status_delta1	0.000112950981277346	0.00015514869605143	6.49772579597141e-05
mtarjeta_visa_descuentos_rank_delta2	0.000112035146109826	0.000382665685179914	0.000292397660818713
cprestamos_personales_lag2	0.000111897926494683	0.0015313197387547	0.000259909031838856
rf_017_019	0.000111420497741904	0.000308634430487383	0.000292397660818713
Master_mpagado_rank_delta1	0.000110826645152412	0.000349763335138642	0.000194931773879142
vm_status04_lag2	0.000110086185932136	2.65891234073717e-05	3.24886289798571e-05
rf_003_009	0.000109533894355122	0.000383352550851224	0.000227420402858999
vm_status03	0.000109299772835544	0.000253006317796922	0.000324886289798571
mv_status07_rank_delta2	0.000108930565734935	0.00125401996725578	0.000292397660818713
cseguro_accidentes_personales_lag2	0.000107963469532111	0.000683557290816923	0.000194931773879142
vm_mconsumosdolares_rank_delta2	0.000107731603642372	0.000548918304751765	0.000324886289798571
ccaja_seguridad_lag2	0.00010745433658417	0.0004222364348309	9.74658869395711e-05
Visa_msaldodolares_rank	0.000106799719875084	0.000342758294881641	0.000227420402858999
matm_rank_delta1	0.00010651433804745	0.00115674881274162	0.000324886289798571
Visa_madelantodolares_rank_lag2	0.000106499672817259	0.000121176868721287	0.000292397660818713
Visa_msaldodolares_rank_lag1	0.000106140830443394	0.000196526347733621	0.000259909031838856
mextraccion_autoservicio_rank_lag1	0.000105170023534582	0.000195302764237159	0.000357374918778428
vm_mconsumototal_rank_delta1	0.000105157789782598	0.000343314174774637	0.000357374918778428
rf_018_024	0.00010471630333062	0.000391624086841125	0.000227420402858999
cmobile_app_trx_delta2	0.000104017995065731	0.00076405272965435	0.000324886289798571
ccajas_otras_tend6	0.000103975304202041	0.00116424289056106	0.000227420402858999
rf_013_015	0.000103589908288409	0.000259700896569746	0.000194931773879142
rf_019_026	0.000103153763321484	0.00011016623658281	9.74658869395711e-05
vmr_Visa_mlimitecompra_delta2	0.000102909226749658	0.000789655951176734	0.000259909031838856
rf_019_028	0.000101786144172881	0.000579064915533894	0.000227420402858999
Master_msaldodolares_rank_tend6	0.00010131924886819	0.000137104235572807	0.000292397660818713
rf_015_027	0.000101003455163625	0.000300887107499017	0.000162443144899285
mplazo_fijo_dolares_rank_lag2	0.000100745473827818	0.00120550907838382	0.000227420402858999
rf_013_022	0.000100618522070095	0.000414706191982005	0.000227420402858999
ccomisiones_mantenimiento_delta1	0.000100427642376667	0.0011601651485462	0.000162443144899285
mtarjeta_master_consumo_rank_delta2	0.000100255132074192	0.000471475122429884	0.000324886289798571
rf_019_015	0.000100020070660364	0.000273317839823286	0.000292397660818713
Visa_cadelantosefectivo_tend6	0.000100019345958554	0.000101314890605798	0.000357374918778428
Visa_msaldodolares_rank_delta1	9.99728369744689e-05	0.000179961324840419	0.000162443144899285
matm_rank	9.83889366976461e-05	0.00065801182538635	0.000324886289798571
vm_status05	9.72544116138118e-05	7.05926980862701e-05	0.000227420402858999
ctarjeta_debito_delta2	9.69543756101438e-05	0.000466140240809145	6.49772579597141e-05
Visa_madelantodolares_rank_lag1	9.66781101167517e-05	5.70204663243658e-05	0.000227420402858999
mtarjeta_master_consumo_rank_delta1	9.66573954991068e-05	0.0012923245810249	0.000292397660818713
rf_004_023	9.65740526819081e-05	0.000237592368415758	0.000227420402858999
rf_016_013	9.5732541884814e-05	0.000185459938684049	0.000227420402858999
rf_010_014	9.3997307725118e-05	0.000534720381995236	0.000162443144899285
Visa_status_tend6	9.32176106107412e-05	9.89538179740331e-05	0.000194931773879142
mpayroll_rank_lag1	9.31435858661514e-05	0.00031407645775508	0.000194931773879142
Master_mconsumosdolares_rank_lag2	9.30753543725607e-05	0.000108826691088927	0.000259909031838856
cseguro_accidentes_personales	9.2830509447932e-05	0.000390500541933596	0.000194931773879142
vmr_Visa_mlimitecompra_delta1	9.22625817657482e-05	0.000311722402218583	0.000162443144899285
rf_016_018	9.19591492268722e-05	0.000264764630432354	0.000194931773879142
rf_001_021	9.16618546240939e-05	0.000493544516783346	0.000292397660818713
cprestamos_personales_lag1	9.14454378216139e-05	0.00186670765461167	0.000292397660818713
cseguro_vida_lag2	9.13378654557222e-05	0.000605464127555262	9.74658869395711e-05
Master_madelantodolares_rank_lag2	9.10467216487171e-05	0.000171920543329483	0.000259909031838856
cextraccion_autoservicio_lag2	9.04629300875482e-05	0.000354088024929238	0.000194931773879142
Master_madelantopesos_rank_delta2	9.01183497580392e-05	0.000107953422579247	0.000292397660818713
rf_004_015	8.98360034601148e-05	0.000629810029546248	0.000227420402858999
rf_006_015	8.93434116037287e-05	0.000510647876831377	0.000162443144899285
vm_cconsumos_lag1	8.89874078210381e-05	7.50683453878625e-05	0.000194931773879142
Master_mpagosdolares_rank	8.84234674896675e-05	0.000172756927107632	0.000292397660818713
mv_status07_rank_lag2	8.8156323712147e-05	0.000476491176029781	0.000227420402858999
mpayroll_rank_lag2	8.76680522504523e-05	0.00028462786802648	0.000259909031838856
mpagomiscuentas_rank_lag2	8.65066711273544e-05	0.000813446962865082	0.000357374918778428
cforex_sell_tend6	8.61844337219161e-05	0.000891758465744852	0.000129954515919428
mttarjeta_master_debitos_automaticos_rank_delta2	8.58555795307771e-05	0.000544469376389842	0.000129954515919428
Master_delinquency_lag1	8.55082893328432e-05	3.6399382441423e-05	0.000129954515919428
cmobile_app_trx_delta1	8.54951596123387e-05	0.00197828945522042	0.000292397660818713
vm_status05_tend6	8.52645198613374e-05	0.000252455655743996	9.74658869395711e-05
mcuenta_debitos_automaticos_rank_delta1	8.48698140202646e-05	0.000662924961589001	0.000292397660818713
ctarjeta_master_transacciones_lag2	8.46454925927231e-05	5.44510399408325e-05	0.000129954515919428
Visa_mpagado_rank_lag1	8.42116070373232e-05	0.000183162289797966	0.000259909031838856
rf_005_021	8.33229110617202e-05	0.000389126270814418	0.000292397660818713
cforex_buy_tend6	8.30874754792208e-05	0.00170103628443109	0.000227420402858999
cmobile_app_trx	8.25573093793721e-05	0.000981994352514702	0.000194931773879142
Master_Finiciomora	8.21522361934657e-05	0.000110041908048724	9.74658869395711e-05
vmr_mpagado_lag1	8.20169443651356e-05	0.000361545847756468	0.000194931773879142
mtarjeta_master_descuentos_rank_lag2	8.18337153119925e-05	8.60264392745974e-05	0.000129954515919428
mtarjeta_visa_descuentos_rank_delta1	8.13017505844295e-05	0.000230599383168574	0.000227420402858999
vm_msaldodolares_rank_tend6	8.11929413165419e-05	0.000946962044171671	0.000194931773879142
Visa_Fvencimiento_delta1	7.97388664419306e-05	0.000175764921945342	0.000162443144899285
matm_rank_lag1	7.96377881024162e-05	0.000499507428430464	0.000194931773879142
Visa_msaldodolares_rank_lag2	7.93976857020677e-05	0.000138579444908515	0.000227420402858999
mtarjeta_master_descuentos_rank_delta1	7.93377973335225e-05	9.32921916095886e-05	0.000227420402858999
Visa_Fvencimiento_delta2	7.9025678990732e-05	0.000243318138227962	0.000227420402858999
rf_009_019	7.88176112466617e-05	0.00033313407883492	0.000227420402858999
Visa_status_lag2	7.88022692402496e-05	0.00032081089003051	0.000129954515919428
mprestamos_prendarios_rank_lag1	7.82456057441161e-05	0.00122119903351215	0.000162443144899285
ctarjeta_visa_transacciones_delta1	7.78819818655217e-05	0.00135424837761109	0.000194931773879142
cinversion1	7.76619229791247e-05	0.000750381718782151	9.74658869395711e-05
mv_status07_rank_lag1	7.74684816302458e-05	0.000523871952712735	0.000227420402858999
rf_020_027	7.71200470361566e-05	0.000182985962788697	0.000194931773879142
vmr_mpagado_tend6	7.69190303898e-05	0.000498355905104627	0.000227420402858999
Master_mpagado_rank_delta2	7.66970983328533e-05	0.000392557630399892	0.000259909031838856
Master_status_lag1	7.62964657909246e-05	0.000529561827383766	0.000129954515919428
Visa_cadelantosefectivo_delta1	7.62198761909966e-05	5.26446776861858e-05	0.000162443144899285
cextraccion_autoservicio_delta2	7.61477853420956e-05	0.000634787039308379	0.000227420402858999
vmr_mconsumosdolares_lag1	7.52738144491256e-05	0.000229877072169891	0.000259909031838856
Master_mpagado_rank_lag1	7.46157833145513e-05	0.000285404066718302	0.000194931773879142
Master_delinquency_tend6	7.43525073284084e-05	0.000308947680817115	0.000194931773879142
ccajas_depositos_tend6	7.43495459779102e-05	0.000788651337037701	0.000129954515919428
Visa_madelantopesos_rank_delta1	7.34194526931681e-05	0.000294877505179546	0.000292397660818713
vm_Fvencimiento_delta2	7.3066915843212e-05	0.000346429765073104	0.000194931773879142
Visa_madelantodolares_rank_tend6	7.29717356419207e-05	0.000105974691676764	0.000454840805717999
vmr_msaldodolares2_lag2	7.28095483040208e-05	0.000614521398289528	0.000194931773879142
mcajeros_propios_descuentos_rank_delta2	7.22249260084035e-05	0.00030675204970068	0.000194931773879142
ctarjeta_debito_transacciones_lag1	7.2156177223897e-05	0.000321822521264809	0.000194931773879142
ctransferencias_emitidas_lag2	7.21324355126092e-05	0.00114837471920551	0.000227420402858999
cseguro_vida_delta2	7.12209716824108e-05	0.00118608791779151	0.000162443144899285
rf_008_014	6.74933080359588e-05	0.000276859763640593	0.000162443144899285
mcheques_depositados_rank	6.73153762512412e-05	0.00025012723959405	3.24886289798571e-05
mttarjeta_master_debitos_automaticos_rank_lag2	6.61731932546501e-05	0.000117717440754745	0.000129954515919428
ctransferencias_recibidas_lag2	6.61273766826004e-05	0.000994774372213534	0.000162443144899285
rf_009_008	6.52843284849776e-05	0.000281312110587389	0.000194931773879142
Visa_mpagado_rank_delta1	6.46765616207282e-05	0.000100945143662892	0.000194931773879142
vm_mconsumosdolares_rank_tend6	6.46659090495525e-05	0.000135538433737948	0.000194931773879142
ctarjeta_master_descuentos_lag2	6.44906603705637e-05	0.00036831635509859	9.74658869395711e-05
mforex_buy_rank_tend6	6.41594880063285e-05	0.00123304272080666	0.000162443144899285
cplazo_fijo	6.38272218623415e-05	0.000500254479188101	6.49772579597141e-05
ccajas_extracciones_delta2	6.36784003275605e-05	0.000857282397145856	0.000162443144899285
vm_status02_delta1	6.35420985824412e-05	0.000261994946945437	0.000194931773879142
minversion2_rank_lag2	6.34349458995311e-05	0.00063899180874012	9.74658869395711e-05
Visa_msaldodolares_rank_delta2	6.33899150453298e-05	0.000122179773567883	0.000129954515919428
vm_status02_tend6	6.27815771465982e-05	0.000271570673064608	0.000129954515919428
vmr_mpagado_lag2	6.23014999777804e-05	0.000232283216144331	0.000162443144899285
catm_trx_lag2	6.21865871425238e-05	0.000650657009919126	0.000194931773879142
Visa_madelantodolares_rank	6.19706187305895e-05	5.77296427601136e-05	0.000162443144899285
internet_lag2	6.05663589784476e-05	0.000769773551514763	0.000162443144899285
vmr_msaldodolares2_delta2	5.96751850535438e-05	0.000605012154649871	0.000162443144899285
ccaja_seguridad_tend6	5.89888842213183e-05	0.0015007634375643	0.000194931773879142
rf_014_019	5.8659284747274e-05	0.000128273221179516	0.000162443144899285
mprestamos_hipotecarios_rank_lag1	5.85565104673466e-05	0.000983187078784541	0.000129954515919428
mextraccion_autoservicio_rank	5.81049216794056e-05	0.000308389281966844	0.000162443144899285
vm_status05_delta2	5.75956514271979e-05	0.000105063278956916	9.74658869395711e-05
Master_mpagado_rank	5.7535145843975e-05	0.000287953251480873	0.000227420402858999
rf_011_015	5.72148328072875e-05	0.000700928200112691	0.000129954515919428
cinversion1_lag1	5.71599750983534e-05	0.000750381718782151	9.74658869395711e-05
cpayroll_trx_delta2	5.71468125062766e-05	0.000828202114956004	0.000129954515919428
Visa_madelantopesos_rank_delta2	5.67301382734284e-05	4.66327363349594e-05	0.000129954515919428
vm_status01_lag1	5.624938280117e-05	0.000505878681044456	0.000194931773879142
ccajeros_propios_descuentos_tend6	5.6093468279238e-05	0.000933346180471248	0.000129954515919428
vmr_msaldodolares2_delta1	5.60053864285456e-05	0.000626554817044523	0.000162443144899285
Master_status_delta1	5.51951096613143e-05	3.39937782435419e-05	0.000129954515919428
vm_status02_lag2	5.48552746923494e-05	0.000141694045616625	0.000129954515919428
rf_012_019	5.44657110706043e-05	0.000213424682651997	0.000194931773879142
mcajeros_propios_descuentos_rank_delta1	5.36919631290211e-05	7.93987028323278e-05	0.000129954515919428
vm_status03_tend6	5.35689053435743e-05	0.000349478243152737	6.49772579597141e-05
vm_status06_lag2	5.34514112899181e-05	0.000127293526724956	6.49772579597141e-05
vm_mpagado_rank_delta1	5.33842340138329e-05	0.000603577518518846	0.000129954515919428
Master_status_tend6	5.29771440260598e-05	0.000435561538891548	0.000162443144899285
rf_005_017	5.26861657405118e-05	0.000282249162693789	0.000194931773879142
mcheques_emitidos_rank_lag2	5.24744192893295e-05	0.000807908135667807	0.000129954515919428
ctarjeta_master_descuentos_delta1	5.22795350820546e-05	3.93438635706917e-05	9.74658869395711e-05
rf_009_022	5.22203010905179e-05	0.000355315836675411	0.000129954515919428
mcheques_emitidos_rank_delta2	5.18698377677083e-05	3.73221304690096e-05	3.24886289798571e-05
vm_mpagado_rank_lag1	5.17588540307662e-05	9.39692513400767e-05	9.74658869395711e-05
matm_other_rank_delta1	5.15183446628983e-05	0.000411021677190367	9.74658869395711e-05
mtarjeta_master_consumo_rank	5.10610667657537e-05	0.000432672384859575	9.74658869395711e-05
rf_009_017	5.08010223751593e-05	0.000251819888920271	9.74658869395711e-05
cprestamos_personales_delta1	5.05948216200376e-05	0.0010005089583762	0.000129954515919428
cplazo_fijo_tend6	5.05219526166589e-05	0.000683316820359894	9.74658869395711e-05
Visa_cadelantosefectivo_lag1	4.95617773343046e-05	5.2175611856427e-05	0.000259909031838856
vm_msaldodolares_rank_lag2	4.89294948223233e-05	0.000176196113453212	0.000129954515919428
vm_mpagado_rank	4.8705766828477e-05	0.000251969766878149	9.74658869395711e-05
vmr_Master_mlimitecompra_delta1	4.82703159462568e-05	0.000602929966573583	0.000162443144899285
ctransferencias_emitidas_lag1	4.81333447587493e-05	0.000245477694277705	6.49772579597141e-05
vmr_mpagado_delta2	4.7501365799739e-05	0.00064618325183549	0.000129954515919428
ccajas_extracciones_lag2	4.71397342875063e-05	0.000483957365393675	9.74658869395711e-05
rf_001_006	4.70819920253758e-05	0.000625171009872802	0.000162443144899285
Visa_Finiciomora_delta1	4.63141696937776e-05	0.000732115859951584	9.74658869395711e-05
mtarjeta_master_consumo_rank_lag1	4.61221447314975e-05	0.000555961939032733	0.000194931773879142
rf_015_024	4.6064736130371e-05	0.000674276552587237	0.000162443144899285
mcheques_depositados_rank_tend6	4.60465287700879e-05	0.000880429545362094	0.000129954515919428
Master_msaldodolares_rank_delta2	4.59817886447369e-05	3.03312143653021e-05	6.49772579597141e-05
vm_mconsumosdolares_rank_delta1	4.59764570502447e-05	4.45417319082074e-05	9.74658869395711e-05
ctarjeta_visa_descuentos_tend6	4.59686516517606e-05	0.00136825494957746	0.000194931773879142
ctarjeta_visa_descuentos_delta2	4.56489439028972e-05	8.32112346312059e-05	9.74658869395711e-05
Master_msaldodolares_rank	4.53555369026823e-05	5.27249244679551e-05	0.000162443144899285
vm_msaldodolares_rank_delta2	4.52435533463235e-05	0.000454680244685313	0.000129954515919428
mttarjeta_master_debitos_automaticos_rank	4.449434476073e-05	0.000513975419392006	9.74658869395711e-05
mttarjeta_master_debitos_automaticos_rank_lag1	4.43847404662302e-05	0.000334335081678664	9.74658869395711e-05
Visa_cadelantosefectivo_delta2	4.4051354652492e-05	5.02684013480097e-05	0.000162443144899285
mttarjeta_master_debitos_automaticos_rank_tend6	4.4021891251327e-05	0.000686308801826354	0.000129954515919428
rf_003_026	4.38715768235443e-05	0.000720404597839544	9.74658869395711e-05
ctransferencias_emitidas_delta1	4.36934623543363e-05	0.000919127386354439	0.000129954515919428
ccajas_depositos_delta2	4.32146282691153e-05	0.000189237474969353	3.24886289798571e-05
Master_cadelantosefectivo_lag1	4.31316134403928e-05	4.35096791274261e-05	0.000227420402858999
rf_007_024	4.283600709927e-05	0.000239451538810425	9.74658869395711e-05
rf_020_018	4.27230781215832e-05	0.000937064881111623	0.000129954515919428
ctarjeta_debito_transacciones	4.19956164173661e-05	4.08266297782263e-05	0.000162443144899285
rf_003_024	4.19930647888359e-05	0.000316278026413665	6.49772579597141e-05
mpayroll_sobre_edad_rank_delta1	4.18605874070746e-05	0.000379241882466266	0.000129954515919428
Visa_madelantopesos_rank	4.18328906347481e-05	4.39245873757667e-05	0.000194931773879142
vmr_msaldodolares2_lag1	4.17064200237567e-05	0.000231558746039412	6.49772579597141e-05
vmr_mpagado	4.16576106841309e-05	0.00063913565919309	0.000162443144899285
rf_012_020	4.07857658255535e-05	0.000311568565899272	0.000129954515919428
vm_mconsumosdolares_rank	4.05574596652886e-05	0.0001172411779042	0.000129954515919428
vmr_msaldodolares2	4.01764410524049e-05	0.000677572698144685	0.000194931773879142
cseguro_auto	3.99991235006517e-05	0.0010005089583762	0.000129954515919428
ccajeros_propios_descuentos_delta2	3.87649576995193e-05	0.000213940439154108	6.49772579597141e-05
rf_013_018	3.87488005944731e-05	4.47381206129185e-05	0.000162443144899285
Visa_madelantodolares_rank_delta1	3.87178262645766e-05	2.79228213218664e-05	9.74658869395711e-05
rf_007_027	3.86780062818363e-05	0.000620093151856901	0.000129954515919428
vm_fechaalta_delta2	3.8603736309499e-05	5.75360429009573e-05	0.000129954515919428
Master_madelantodolares_rank_lag1	3.856243041533e-05	5.65137960609976e-05	0.000162443144899285
cforex_tend6	3.84651445243858e-05	0.000719059564617311	0.000129954515919428
rf_011_025	3.84053440072995e-05	4.52459603921645e-05	0.000129954515919428
rf_016_010	3.83676014788405e-05	0.000369339051752348	9.74658869395711e-05
active_quarter_tend6	3.80315152508906e-05	0.000778224203359489	0.000129954515919428
minversion1_pesos_rank_delta2	3.7832160800678e-05	0.000641558716166378	9.74658869395711e-05
rf_009_024	3.76426500773327e-05	0.000478036016541599	0.000129954515919428
Visa_delinquency_delta1	3.73611495678733e-05	0.000118228789081625	6.49772579597141e-05
matm_other_rank_delta2	3.723091268921e-05	0.000288910095394436	0.000129954515919428
vmr_mconsumosdolares_delta2	3.68879065589368e-05	0.000102388686107141	9.74658869395711e-05
vm_msaldodolares_rank_delta1	3.63741675182858e-05	0.000498789795495292	0.000129954515919428
vmr_mpagosdolares_delta2	3.56979134603388e-05	0.000879311848033953	0.000129954515919428
mtarjeta_visa_descuentos_rank_lag2	3.53374743425749e-05	0.000108348718945945	6.49772579597141e-05
rf_003_027	3.52144305202739e-05	0.000184860426852536	9.74658869395711e-05
ccallcenter_transacciones_delta1	3.39202560639136e-05	0.00078900345127968	0.000129954515919428
rf_018_023	3.35248410113953e-05	0.000580072318518481	0.000129954515919428
vmr_msaldodolares_lag1	3.32641025360967e-05	0.00019957167711666	6.49772579597141e-05
mprestamos_prendarios_rank_tend6	3.2687349854889e-05	0.00119715720564939	0.000162443144899285
Visa_fechaalta_delta1	3.26053788440373e-05	4.83575923291992e-05	0.000162443144899285
rf_017_014	3.23933229491818e-05	0.000178969665338802	3.24886289798571e-05
cplazo_fijo_lag2	3.22887093156985e-05	0.000909087722282819	0.000129954515919428
vmr_mpagosdolares	3.20262807179643e-05	4.59871635704121e-05	3.24886289798571e-05
ctarjeta_visa_debitos_automaticos_lag2	3.17873369678155e-05	0.000255432073653005	6.49772579597141e-05
Master_madelantopesos_rank_delta1	3.14815394211252e-05	2.63796901024852e-05	0.000129954515919428
cpagomiscuentas_lag2	3.14267684000544e-05	0.000159005219639865	6.49772579597141e-05
mforex_sell_rank_lag2	3.12490082456702e-05	0.000116764915053655	9.74658869395711e-05
mcheques_emitidos_rechazados_rank_tend6	3.11240421636352e-05	0.000257260386821051	6.49772579597141e-05
Master_cadelantosefectivo_delta2	3.09745175490114e-05	2.49622368585879e-05	0.000129954515919428
mcheques_emitidos_rechazados_rank_lag2	3.04825711744917e-05	5.82066253127376e-05	3.24886289798571e-05
ctarjeta_visa_lag2	3.04324050825355e-05	0.000477942185383095	6.49772579597141e-05
vmr_mpagado_delta1	3.03473776699797e-05	5.20232149412732e-05	3.24886289798571e-05
vm_Fvencimiento_delta1	3.03451924376671e-05	5.57035914459596e-05	9.74658869395711e-05
Master_msaldodolares_rank_lag1	3.01590735951478e-05	0.000225286182572955	0.000129954515919428
ctarjeta_master_descuentos_delta2	2.96829937404295e-05	0.000514327713559504	9.74658869395711e-05
vm_mpagosdolares_rank_tend6	2.9450389840257e-05	0.000265455184576817	9.74658869395711e-05
cprestamos_prendarios_delta2	2.88257802223244e-05	0.000926687856690636	0.000129954515919428
Visa_madelantodolares_rank_delta2	2.84995973555101e-05	2.23112142518879e-05	0.000129954515919428
rf_012_026	2.79389758893492e-05	0.000381112568094192	9.74658869395711e-05
vm_status03_lag1	2.77308499655048e-05	1.37994776932374e-05	6.49772579597141e-05
rf_005_016	2.76782368322529e-05	0.000224863447564509	9.74658869395711e-05
vm_cconsumos	2.67581882854973e-05	0.000158519150848498	6.49772579597141e-05
vm_status05_lag1	2.66421027641705e-05	1.12268126503502e-05	6.49772579597141e-05
mcheques_emitidos_rank_delta1	2.6424191002334e-05	0.000719041572065344	9.74658869395711e-05
cpayroll_trx_delta1	2.64072595244955e-05	0.00025012723959405	3.24886289798571e-05
ctarjeta_visa_descuentos	2.62876680899855e-05	0.000320596688699352	6.49772579597141e-05
vmr_mpagosdolares_lag1	2.6071257366319e-05	0.000431750176608548	6.49772579597141e-05
rf_012_017	2.54468557410786e-05	0.00027842088741194	6.49772579597141e-05
Master_Finiciomora_tend6	2.531090182692e-05	0.000399560781438936	9.74658869395711e-05
vm_mpagado_rank_lag2	2.51565444866399e-05	0.000186557754242267	6.49772579597141e-05
ccheques_depositados_tend6	2.5028132416589e-05	0.000398868607964796	6.49772579597141e-05
ctarjeta_visa_debitos_automaticos	2.48765519969234e-05	0.00014158977877798	3.24886289798571e-05
mcaja_ahorro_adicional_rank_delta1	2.42381022834454e-05	0.000611696747556354	9.74658869395711e-05
rf_013_020	2.41950748497628e-05	0.000264236369106626	6.49772579597141e-05
vmr_msaldodolares2_tend6	2.39554562142353e-05	0.000453752728631455	9.74658869395711e-05
mcaja_ahorro_adicional_rank_lag2	2.39312848453163e-05	0.000572313210408577	9.74658869395711e-05
rf_003_016	2.34436795773624e-05	0.000208179313977291	6.49772579597141e-05
cextraccion_autoservicio_delta1	2.32587278211101e-05	0.000539215191364672	9.74658869395711e-05
mcheques_depositados_rank_delta1	2.31879794704949e-05	0.000735543171212866	9.74658869395711e-05
vm_fechaalta_delta1	2.29925937535679e-05	1.01881026253414e-05	6.49772579597141e-05
mcheques_emitidos_rank_tend6	2.29259174053371e-05	0.000479603347743375	6.49772579597141e-05
vmr_msaldodolares	2.26342127453104e-05	0.000268202647262055	6.49772579597141e-05
mprestamos_hipotecarios_rank_tend6	2.22933485034181e-05	0.000500254479188101	6.49772579597141e-05
vm_status06_lag1	2.2214503273651e-05	2.73988782086106e-05	6.49772579597141e-05
mtarjeta_visa_descuentos_rank_lag1	2.20218857503724e-05	6.35359292423664e-05	6.49772579597141e-05
ccajas_consultas_lag2	2.18167205952285e-05	0.000306293329588301	6.49772579597141e-05
Master_msaldodolares_rank_lag2	2.15329714375028e-05	3.80743091039566e-05	6.49772579597141e-05
mttarjeta_master_debitos_automaticos_rank_delta1	2.13663783089461e-05	0.000246641272613359	6.49772579597141e-05
vm_status02_delta2	2.13653616173949e-05	6.51324083783273e-05	6.49772579597141e-05
mtarjeta_master_descuentos_rank_lag1	2.09239135640676e-05	0.000237844803919843	6.49772579597141e-05
ccajas_depositos	2.07375172040262e-05	0.00025012723959405	3.24886289798571e-05
rf_005_006	2.06989835760898e-05	0.000230661007659058	3.24886289798571e-05
ctransferencias_emitidas_delta2	2.06541758413218e-05	0.00062481565697147	9.74658869395711e-05
Visa_madelantopesos_rank_lag1	2.03541241291148e-05	5.84820912833401e-06	3.24886289798571e-05
ctransferencias_recibidas_lag1	2.02950344234177e-05	3.88713791560593e-05	3.24886289798571e-05
mcheques_depositados_rank_lag1	2.0110637120412e-05	0.000239963696802143	3.24886289798571e-05
vm_status05_delta1	2.01098807833496e-05	0.000173844846762269	3.24886289798571e-05
internet_delta2	1.95302450034398e-05	0.000336643706021447	6.49772579597141e-05
mv_status07_rank	1.93361075335646e-05	4.2785748799066e-05	6.49772579597141e-05
Visa_Finiciomora_lag2	1.90281954429871e-05	0.000377002259560273	6.49772579597141e-05
cproductos_delta1	1.87674942027439e-05	0.000500254479188101	6.49772579597141e-05
ctarjeta_master_descuentos_tend6	1.87081005077275e-05	0.000726380644049598	9.74658869395711e-05
ctarjeta_master_debitos_automaticos_delta2	1.84176115140791e-05	0.000750381718782151	9.74658869395711e-05
rf_009_012	1.83746102612949e-05	0.000399347749623656	6.49772579597141e-05
vm_status03_lag2	1.83157750921091e-05	4.19418981118512e-05	6.49772579597141e-05
ccajas_otras_delta2	1.82610887226095e-05	0.000273910064671254	6.49772579597141e-05
ctarjeta_visa_descuentos_lag2	1.82547802897113e-05	1.39914582227167e-05	3.24886289798571e-05
Master_madelantodolares_rank_delta2	1.81558019491406e-05	9.92424185075709e-06	6.49772579597141e-05
ccajas_depositos_delta1	1.81225527900795e-05	0.00025012723959405	3.24886289798571e-05
cliente_edad_delta2	1.7935491144322e-05	0.000208392885569129	6.49772579597141e-05
mcheques_emitidos_rank	1.79250694013998e-05	0.000750381718782151	9.74658869395711e-05
ccajas_depositos_lag2	1.78617328630972e-05	0.000323242223577702	6.49772579597141e-05
cextraccion_autoservicio_lag1	1.75069211839765e-05	0.000387946229293714	6.49772579597141e-05
ccheques_depositados_rechazados_lag2	1.73778737907932e-05	2.18092220520309e-05	3.24886289798571e-05
ccheques_emitidos_delta1	1.73547368582565e-05	0.00025012723959405	3.24886289798571e-05
Master_Finiciomora_delta1	1.71839803850701e-05	0.000140521021191188	3.24886289798571e-05
vmr_mpagosdolares_tend6	1.71044253620598e-05	5.89844433342364e-05	3.24886289798571e-05
cpagomiscuentas	1.70402373627643e-05	0.000500254479188101	6.49772579597141e-05
ctarjeta_debito_lag1	1.7020329989484e-05	0.00025012723959405	3.24886289798571e-05
ctarjeta_master_transacciones_delta2	1.6696073164089e-05	0.000197743004097575	6.49772579597141e-05
catm_trx_other_lag2	1.61810006430172e-05	7.53424619170675e-05	3.24886289798571e-05
mcheques_emitidos_rechazados_rank_delta2	1.60268603132942e-05	0.000104004777124745	3.24886289798571e-05
ctarjeta_master_transacciones_delta1	1.58238838812493e-05	0.000423695180981559	6.49772579597141e-05
rf_007_023	1.52504500652513e-05	6.65227828315155e-05	3.24886289798571e-05
vm_status03_delta2	1.52383126007929e-05	9.69053659326811e-05	3.24886289798571e-05
rf_004_018	1.51099752917516e-05	0.000460891273624046	6.49772579597141e-05
ccallcenter_transacciones_lag1	1.49115063376998e-05	0.000488662507695597	6.49772579597141e-05
ctarjeta_master_transacciones_lag1	1.48140080905805e-05	0.000318536181648183	6.49772579597141e-05
mforex_sell_rank_lag1	1.43846756842963e-05	9.31852258881495e-05	3.24886289798571e-05
rf_002_016	1.42542924835012e-05	3.75407399753989e-05	3.24886289798571e-05
vm_mpagosdolares_rank_delta2	1.40847496404012e-05	2.87055872951559e-05	3.24886289798571e-05
ccheques_emitidos	1.40564568162898e-05	0.00025012723959405	3.24886289798571e-05
mforex_sell_rank_delta2	1.39926603668735e-05	0.000108223940598059	3.24886289798571e-05
rf_001_018	1.39257291912325e-05	6.34214066491015e-05	3.24886289798571e-05
cforex_buy_delta2	1.38833708249512e-05	0.000244401469781846	3.24886289798571e-05
rf_011_010	1.3651467409258e-05	0.000109579679388712	3.24886289798571e-05
ccheques_depositados_lag2	1.35960465201113e-05	0.000175351003287359	3.24886289798571e-05
mcajeros_propios_descuentos_rank	1.34699662954036e-05	3.32190189558773e-05	3.24886289798571e-05
cseguro_vivienda_tend6	1.33253418495212e-05	0.00024605489534478	3.24886289798571e-05
rf_014_022	1.32652502881152e-05	0.000234309897197804	3.24886289798571e-05
ctarjeta_visa_descuentos_delta1	1.31687986951307e-05	3.4003314296084e-05	3.24886289798571e-05
Master_mpagosdolares_rank_delta1	1.31375677356145e-05	2.29011000680998e-05	0.000129954515919428
mcheques_emitidos_rechazados_rank_lag1	1.28939202075515e-05	0.00049649691463548	6.49772579597141e-05
mcheques_depositados_rank_lag2	1.26888167229681e-05	5.37312478994247e-05	3.24886289798571e-05
Visa_status_lag1	1.26018693778693e-05	1.29477102831574e-05	3.24886289798571e-05
vm_mpagosdolares_rank_lag1	1.25822843205372e-05	0.000489071658327308	6.49772579597141e-05
ccheques_depositados_rechazados_tend6	1.24492873933937e-05	0.000500254479188101	6.49772579597141e-05
active_quarter_delta2	1.24122783664358e-05	0.000108751572184468	6.49772579597141e-05
vmr_msaldodolares_tend6	1.23374271781559e-05	8.82924212692207e-05	3.24886289798571e-05
mcaja_ahorro_adicional_rank_delta2	1.22343407637408e-05	4.99356290993948e-06	3.24886289798571e-05
ccajeros_propios_descuentos_delta1	1.21683916626854e-05	7.45305480095927e-06	3.24886289798571e-05
ctarjeta_visa_lag1	1.21230824182653e-05	0.00025012723959405	3.24886289798571e-05
catm_trx_other_delta2	1.18842381555302e-05	1.43600356497444e-05	3.24886289798571e-05
ctarjeta_master_debitos_automaticos_tend6	1.17489224734927e-05	7.50093298174133e-05	3.24886289798571e-05
mcajeros_propios_descuentos_rank_lag1	1.17188249127909e-05	3.97407792670661e-05	3.24886289798571e-05
mforex_sell_rank_delta1	1.16891753363491e-05	0.000484576579069592	6.49772579597141e-05
ccallcenter_transacciones_lag2	1.16361107280506e-05	0.00012897888906763	6.49772579597141e-05
mtarjeta_master_descuentos_rank	1.14402892446161e-05	3.55155882888432e-05	3.24886289798571e-05
rf_008_006	1.10924856101763e-05	0.000403618731646633	6.49772579597141e-05
rf_015_020	1.10750872396512e-05	0.000469301442226847	6.49772579597141e-05
cseguro_vivienda_delta2	1.10441140733501e-05	0.000131224539478532	3.24886289798571e-05
ccomisiones_mantenimiento_lag2	1.10437207780777e-05	0.000193379360431973	3.24886289798571e-05
vm_status05_lag2	1.07621225265979e-05	1.33322111186751e-05	3.24886289798571e-05
ccajeros_propios_descuentos	1.07226917665459e-05	7.25094446472294e-05	3.24886289798571e-05
ccajas_depositos_lag1	1.0674639927578e-05	0.000500254479188101	6.49772579597141e-05
Master_Finiciomora_lag1	1.06647505295882e-05	0.00019984345461411	3.24886289798571e-05
mtarjeta_visa_descuentos_rank_tend6	1.06526654269264e-05	0.000197819382480672	3.24886289798571e-05
mforex_buy_rank_delta2	1.05036123366447e-05	0.000244967695392223	3.24886289798571e-05
mprestamos_hipotecarios_rank_lag2	1.04910606321952e-05	0.000240027750287143	3.24886289798571e-05
vm_msaldodolares_rank	9.91483418704363e-06	0.000237031270682692	6.49772579597141e-05
rf_017_013	9.90728361596985e-06	9.5983967346492e-05	3.24886289798571e-05
mtarjeta_visa_descuentos_rank	9.60231164027302e-06	5.59518886630931e-05	3.24886289798571e-05
ccheques_emitidos_rechazados_lag1	9.48227222150298e-06	0.00025012723959405	3.24886289798571e-05
cpayroll_trx_lag2	9.42009666059123e-06	0.000500254479188101	6.49772579597141e-05
cprestamos_hipotecarios_lag1	9.34774836619011e-06	0.00025012723959405	3.24886289798571e-05
vmr_msaldodolares_lag2	9.33336574425183e-06	0.00025012723959405	3.24886289798571e-05
rf_010_007	9.0560570875114e-06	0.000123086418261459	3.24886289798571e-05
Master_madelantodolares_rank_delta1	8.82824603712355e-06	5.20722446453811e-06	3.24886289798571e-05
minversion2_rank_lag1	8.43781670034087e-06	0.00025012723959405	3.24886289798571e-05
ctarjeta_master_descuentos_lag1	8.35760715487265e-06	0.000241479209454256	3.24886289798571e-05
rf_015_017	8.33540982568649e-06	0.00015077272748773	3.24886289798571e-05
cpagomiscuentas_delta1	8.29692448696254e-06	0.000200153736172767	3.24886289798571e-05
rf_018_022	8.26386383036926e-06	5.44051589333187e-05	3.24886289798571e-05
Master_delinquency_delta1	8.13813326610348e-06	1.85435738701655e-05	3.24886289798571e-05
rf_012_021	7.99088025803031e-06	0.000112409457999196	3.24886289798571e-05
ctarjeta_master_debitos_automaticos_lag2	7.50264548492139e-06	0.000186578625602548	3.24886289798571e-05
ccaja_seguridad_delta2	7.28999608364609e-06	0.000188808712455999	3.24886289798571e-05
ctarjeta_debito	7.19787073865852e-06	0.00025012723959405	3.24886289798571e-05
matm_other_rank	7.02280838039614e-06	0.00023654763088584	3.24886289798571e-05
Master_status_lag2	6.91703987839823e-06	1.25984748494935e-05	3.24886289798571e-05
minversion1_pesos_rank_lag2	6.6882548985931e-06	5.11429293363269e-06	3.24886289798571e-05
ccomisiones_mantenimiento_lag1	6.51697713463145e-06	5.05878591081696e-06	3.24886289798571e-05
ccuenta_debitos_automaticos_delta1	6.48386120725284e-06	0.000181453807026015	3.24886289798571e-05
vmr_mpagosdolares_delta1	6.0129186265815e-06	0.000174181487409556	3.24886289798571e-05
rf_018_026	5.83349453065999e-06	0.000111130727330958	3.24886289798571e-05
cliente_edad_tend6	5.71478161073786e-06	0.00025012723959405	3.24886289798571e-05
Master_cadelantosefectivo_delta1	5.45505656346877e-06	1.12147576405328e-05	6.49772579597141e-05
cprestamos_personales	5.38607228723627e-06	0.00025012723959405	3.24886289798571e-05
mcaja_ahorro_adicional_rank	5.32966466912198e-06	0.000181358806351633	3.24886289798571e-05
ctransferencias_emitidas	5.30011516189149e-06	0.00025012723959405	3.24886289798571e-05
rf_007_017	5.29903127270129e-06	0.000222067135100682	3.24886289798571e-05
ctarjeta_master_transacciones	5.0013626040386e-06	0.000242697215259608	3.24886289798571e-05
rf_019_019	4.8743573209238e-06	0.000233918379267019	3.24886289798571e-05
ccuenta_debitos_automaticos_lag2	4.8518562933172e-06	0.00022301588236586	3.24886289798571e-05
vmr_mconsumosdolares_delta1	4.71744356137273e-06	4.51780385084921e-05	3.24886289798571e-05
ccheques_emitidos_lag2	4.59837079954822e-06	0.000133767426847915	3.24886289798571e-05
ctransferencias_recibidas	4.53776900152402e-06	0.000243224486994977	3.24886289798571e-05
mforex_buy_rank_lag2	4.51701598522819e-06	0.000227441600335746	3.24886289798571e-05
minversion1_pesos_rank_delta1	4.49986866042795e-06	0.00025012723959405	3.24886289798571e-05
internet_delta1	4.46323052952949e-06	0.00023760163458002	3.24886289798571e-05
cforex_buy_lag2	4.1304788753282e-06	0.000245690995981264	3.24886289798571e-05
mpagodeservicios_rank_lag1	4.03741887227082e-06	0.00025012723959405	3.24886289798571e-05
rf_014_021	3.38546941492544e-06	0.000230709407623847	3.24886289798571e-05
mforex_buy_rank_delta1	3.24148843734378e-06	0.00025012723959405	3.24886289798571e-05
