Feature	Gain	Cover	Frequency
rf_014_015	0.190488539912592	0.0101941851420105	0.00224302711137117
rf_004_022	0.0846062987503932	0.00489510060677141	0.00461608477992328
mpasivos_margen_rank	0.0306897920346572	0.0062281072560359	0.0032182562902282
ctarjeta_visa_tend6	0.0274250108307014	0.0017008069089914	0.000227553475066641
ctrx_quarter_normalizado_lag1	0.0179853024964693	0.00138940032448954	0.000715168064495156
rf_017_021	0.0175886736361511	0.00195854196008455	0.000422599310838047
rf_013_026	0.0175249825517661	0.00118199490580533	0.00081269098238086
Master_status_delta2	0.0150251659273425	0.00061044091977633	0.000195045835771406
cdescubierto_preacordado	0.00836120695930165	0.00179813600465854	0.00136532085039984
rf_001_022	0.00809153297012001	0.00137352545675136	0.00377088615824719
rf_017_016	0.00792251822461397	0.000954729848339177	0.00172290488264742
rf_006_013	0.00789767705864041	0.00223967358192364	0.00139782848969508
mprestamos_personales_rank	0.00747407034305657	0.00357842627914851	0.00107275209674273
rf_010_019	0.00724595965520846	0.00143675280173183	0.00224302711137117
Visa_status	0.00680996414985546	0.000940865096210539	0.000487614589428516
rf_009_026	0.00664216415423452	0.00102742311952163	0.000260061114361875
cprestamos_personales_tend6	0.00585234805218341	0.00525642541508107	0.000910213900266563
cdescubierto_preacordado_delta2	0.00579704157544697	0.00304674681921213	0.000585137507314219
Visa_mpagominimo_rank	0.00535446886645638	0.00149575985659369	0.00315324101163773
foto_mes	0.00520807168047986	0.00354095863450761	0.00256810350432352
rf_009_018	0.00513726542086717	0.000975586341452496	0.000357584032247578
mprestamos_personales_rank_lag2	0.00483305026441285	0.0021182121609775	0.00100773681815227
rf_018_027	0.00481558068772395	0.00121727654531038	0.00273064170079969
mcuentas_saldo_rank_tend6	0.00458625541965543	0.00294400731231861	0.00250308822573305
ctrx_quarter_delta2	0.003815948312378	0.00228560712289706	0.00240556530784734
mcomisiones_mantenimiento_rank_tend6	0.00363565846843355	0.00215011820349529	0.00165788960405695
mtransferencias_recibidas_rank	0.00360896353513454	0.00296518779852627	0.00162538196476172
mcuentas_saldo_rank	0.00349962573336161	0.00658668513569028	0.0021780118327807
thomebanking	0.00349072135725412	0.00155744142020056	0.0042585007476757
rf_010_017	0.00335704366610303	0.000905181310090432	0.00120278265392367
mcuentas_saldo_rank_delta2	0.00334949259312795	0.00296891826189484	0.00481113061569469
Visa_delinquency	0.00320479330765131	0.000862401695903878	0.000617645146609453
rf_014_017	0.00292111249886017	0.000879598293161686	0.000845198621676094
mrentabilidad_annual_rank_lag1	0.0028663432222909	0.00202138938721657	0.00328327156881867
mrentabilidad_annual_rank_lag2	0.00285957644875502	0.00277576571666111	0.00432351602626617
ccomisiones_mantenimiento_delta2	0.00276734668472075	0.0011396594259041	0.000260061114361875
mrentabilidad_annual_rank_delta2	0.00268751477067468	0.00354959918543496	0.0070866653663611
mprestamos_personales_rank_tend6	0.00268168339173581	0.00121299221517367	0.000487614589428516
rf_014_023	0.00265998566593513	0.000842530589901063	0.000910213900266563
Visa_mconsumototal_rank	0.00251172858530187	0.00169112284096467	0.00367336324036148
rf_014_016	0.0025099891079435	0.00128367051923006	0.00081269098238086
mactivos_margen_rank	0.0024821737517395	0.00263645230267961	0.00263311878291399
rf_003_022	0.00244317732126135	0.000554090114315472	0.000357584032247578
mrentabilidad_annual_rank_delta1	0.0024385555580125	0.0024591650103604	0.0050061764514661
Visa_cadelantosefectivo_lag2	0.00238877563371073	0.000114903846585563	0.000357584032247578
rf_007_020	0.00236830105022968	0.000750955039992559	0.000617645146609453
mcomisiones_rank_lag1	0.00235020693861647	0.00158283866815117	0.00360834796177102
mactivos_margen_rank_delta2	0.00230356598852336	0.00322986845709244	0.0060464209089136
mcomisiones_otras_rank_tend6	0.00223843977682886	0.00226416862421977	0.00338079448670438
ccomisiones_mantenimiento_tend6	0.00215130617313526	0.00464414285963263	0.000715168064495156
mcomisiones_rank_delta2	0.00214837997421435	0.00197298069072255	0.00474611533710422
ctrx_quarter	0.00213457918049639	0.000955983039161747	0.000292568753657109
mcuentas_saldo_rank_delta1	0.00210019596497703	0.00251457859103841	0.00243807294714258
Visa_cconsumos_tend6	0.00206116349250253	0.00198874882509722	0.0040634549119043
rf_004_023	0.00204876502563304	0.000782877313038347	0.00052012222872375
Master_fechaalta_lag2	0.00197736955572693	0.00272118871385043	0.00507119173005656
rf_017_017	0.00196869775192174	0.00074841681475715	0.000325076392952344
rf_020_023	0.00188789417931477	0.000669493755312289	0.000780183343085625
mcomisiones_rank_delta1	0.00182433729283242	0.00262410025340282	0.00422599310838047
rf_003_018	0.00180764060863088	0.0011658988971231	0.00279565697939016
mactivos_margen_rank_delta1	0.00179893972850016	0.00280311944891133	0.00481113061569469
Master_fechaalta	0.00179077731122002	0.00258234360352748	0.00464859241921852
mprestamos_personales_rank_delta1	0.001790315403801	0.00380959618994988	0.000942721539561797
ctrx_quarter_normalizado_delta2	0.00178749723556507	0.00216301962086125	0.00195045835771406
mcomisiones_rank_tend6	0.00177796562985717	0.0019267626744621	0.00351082504388531
Master_mlimitecompra_rank_tend6	0.00176878551300503	0.00314547262238153	0.00546128340159938
rf_016_022	0.0017195601325629	0.000351981316742831	0.000195045835771406
mrentabilidad_rank_delta2	0.00169167959102078	0.00196699312544872	0.0052987452051232
tcallcenter_delta2	0.00168831264154191	0.00135098672233606	0.0010402444574475
thomebanking_lag2	0.00168713731123573	0.00204384264673168	0.00572134451596125
mcomisiones_otras_rank_lag2	0.00165787602292866	0.00214087641735666	0.00448605422274234
rf_004_021	0.00165133640599486	0.000787315833191094	0.000357584032247578
ctrx_quarter_normalizado_delta1	0.00164899139633923	0.00128162265000104	0.00081269098238086
Visa_Fvencimiento	0.00158811432153419	0.00215419171318673	0.00377088615824719
mcuenta_debitos_automaticos_rank	0.00155945237544084	0.00195669300303296	0.000910213900266563
rf_006_019	0.00155908963524581	0.00119649776467082	0.00364085560106625
ctarjeta_master_delta2	0.00154223976602674	0.000227645769199115	6.50152785904688e-05
mpasivos_margen_rank_delta1	0.00154123102619705	0.00285940101	0.0042585007476757
mrentabilidad_rank_delta1	0.00154100017257033	0.00206425412346576	0.00412847019049477
Master_fechaalta_lag1	0.00153760753371407	0.0026635369080769	0.00442103894415188
Master_Fvencimiento	0.00153577571556256	0.00271764234348155	0.00507119173005656
chomebanking_transacciones	0.00153266728574297	0.00262591851358623	0.00318574865093297
mrentabilidad_annual_rank	0.00152559245344165	0.002750650121297	0.00357584032247578
mprestamos_personales_rank_delta2	0.00152435634594195	0.00345213618791179	0.00107275209674273
mcomisiones_otras_rank_delta2	0.00151966947718363	0.00200617476677247	0.00484363825498992
mcomisiones_rank	0.00151073641699776	0.00219636859260235	0.00373837851895195
mcomisiones_rank_lag2	0.001502993892462	0.00196002246650857	0.00409596255119953
Master_Fvencimiento_lag1	0.0014943347542324	0.0021714151260995	0.00422599310838047
Visa_mpagospesos_rank_tend6	0.00148446905698217	0.00159351068136076	0.00409596255119953
chomebanking_transacciones_lag2	0.00147902069118161	0.00217763141832503	0.0039659319940186
Master_mfinanciacion_limite_rank_tend6	0.00147363691035942	0.00244210628438123	0.00468110005851375
mpayroll_sobre_edad_rank	0.0014702762668222	0.00101132499381401	0.000260061114361875
chomebanking_transacciones_delta1	0.00145975987038402	0.00251365018719471	0.00286067225798063
vm_msaldopesos_rank	0.00145781491134571	0.000495971680861831	0.000682660425199922
chomebanking_transacciones_delta2	0.00142805132851136	0.00269683154283294	0.00367336324036148
mpasivos_margen_rank_delta2	0.0014132364209019	0.00273014373125785	0.0050061764514661
Visa_mfinanciacion_limite_rank_tend6	0.00141112831513372	0.00293860457530928	0.0040634549119043
rf_020_015	0.00140297772095507	0.000568088680090752	0.00120278265392367
mcuenta_corriente_rank_lag2	0.00140261583172388	0.00232395880205782	0.0021780118327807
thomebanking_lag1	0.0013930479307761	0.00135439769128925	0.00409596255119953
cdescubierto_preacordado_delta1	0.00139204738637121	0.00174063521336297	0.000357584032247578
Master_mfinanciacion_limite_rank_delta2	0.00137210843276048	0.0019242365339133	0.0050061764514661
mcuenta_corriente_rank_tend6	0.00136752557824544	0.00316275072511692	0.00191795071841883
mrentabilidad_rank_lag2	0.00136131374685205	0.00234756372338608	0.00367336324036148
Visa_Fvencimiento_lag2	0.00135665382574935	0.00180787714416147	0.00370587087965672
cliente_edad_lag2	0.00134603024634356	0.00285836860728392	0.00269813406150445
Visa_mfinanciacion_limite_rank_delta2	0.00134019481602564	0.00254013867352542	0.0042585007476757
Visa_fechaalta_lag1	0.00133908046454024	0.00139854366894744	0.00341330212599961
vm_fechaalta	0.00133900874106601	0.00229138360309744	0.00292568753657109
rf_008_013	0.00133668783293338	0.000484531716691356	0.000845198621676094
Visa_fechaalta_tend6	0.00132057472944215	0.000702511412579565	0.000910213900266563
mactivos_margen_rank_tend6	0.00131899394884954	0.00231701001904672	0.00289317989727586
Master_mlimitecompra_rank_delta2	0.00131573093242891	0.00232274715785857	0.00484363825498992
Visa_mconsumototal_rank_tend6	0.00130842053683345	0.00191032282557248	0.00399843963331383
Master_mlimitecompra_rank	0.00127816943206374	0.0016622003928991	0.00390091671542813
mrentabilidad_annual_rank_tend6	0.0012712083409258	0.00269385597543534	0.00354333268318055
mtarjeta_visa_consumo_rank_delta2	0.00126152257866083	0.0018391430511264	0.00188544307912359
Visa_Fvencimiento_lag1	0.00124929067457844	0.00181405797621169	0.00344580976529484
ctrx_quarter_normalizado_lag2	0.00124799905259605	0.00184170297587207	0.00185293543982836
Visa_mconsumospesos_rank	0.00124188629632179	0.00185854109016353	0.00393342435472336
rf_014_025	0.00123797398934715	0.00111031189678173	0.00273064170079969
mcomisiones_otras_rank_lag1	0.00123761257914787	0.00148470819016383	0.00354333268318055
mcuentas_saldo_rank_lag1	0.00123583363875288	0.002393750513522	0.00146284376828555
Visa_mlimitecompra_rank	0.00122745779736102	0.00198876893683844	0.00318574865093297
ccaja_seguridad_lag2	0.00122100037037148	0.000723463524673082	9.75229178857031e-05
mcuenta_corriente_rank_lag1	0.00121875776103763	0.00238406441667926	0.00204798127559977
Visa_mlimitecompra_rank_tend6	0.00121760599251735	0.00271747571594134	0.00334828684740914
cliente_vip_lag1	0.00118062767240704	0.000933471473238976	0.000227553475066641
Master_fechaalta_tend6	0.00117852547034013	0.000509386300466531	0.0011377673753332
vm_fechaalta_lag1	0.00117703888754122	0.00155568561226621	0.00282816461868539
Master_mlimitecompra_rank_lag1	0.001176986332752	0.00124221228172557	0.00341330212599961
Master_mfinanciacion_limite_rank_delta1	0.00117692989694878	0.001999508342023	0.00435602366556141
Visa_mlimitecompra_rank_lag2	0.00117264530861354	0.00192361712756741	0.0031207333723425
Visa_mlimitecompra_rank_delta2	0.00116993643741714	0.002068404904584	0.00419348546908524
rf_014_019	0.00116971289660719	0.000270523560438214	0.000162538196476172
ccaja_ahorro	0.00116637401602431	0.00122626137749207	0.000162538196476172
ccaja_seguridad	0.00116345057224099	0.00196201820398732	0.000260061114361875
Visa_msaldopesos_rank	0.00115146985967572	0.00204715049890641	0.00227553475066641
Visa_mpagospesos_rank_delta2	0.00114977798531099	0.00135464891163575	0.00390091671542813
ctarjeta_visa_debitos_automaticos_tend6	0.00114864444966682	0.00212806365042898	0.000487614589428516
mrentabilidad_rank	0.00113828893243631	0.00268858661102569	0.00282816461868539
vm_mpagominimo_rank_lag2	0.0011374501616045	0.0011989580128043	0.00152785904687602
Visa_msaldopesos_rank_tend6	0.0011371400619592	0.0014956387450994	0.00243807294714258
mrentabilidad_rank_tend6	0.00113701911585729	0.00253455360770421	0.00237305766855211
Visa_mfinanciacion_limite_rank_delta1	0.00113586984836748	0.00238252057591227	0.00360834796177102
Visa_fechaalta	0.00113088400270904	0.00209370450473841	0.00279565697939016
Visa_fechaalta_lag2	0.0011301398809965	0.00191092855946272	0.00299070281516156
Visa_mconsumototal_rank_delta2	0.00111956450254938	0.00125929852903483	0.0032182562902282
rf_009_015	0.00111773748448572	0.00162162257332943	0.00201547363630453
mcuenta_corriente_rank	0.00110177377861648	0.00264641846433981	0.00185293543982836
mcuentas_saldo_rank_lag2	0.00109686069164241	0.00245013192764165	0.00237305766855211
Visa_mpagospesos_rank_lag1	0.00109206505144459	0.00110940642737977	0.00282816461868539
rf_012_027	0.00108567983380312	0.00103928137262577	0.00331577920811391
vm_status01	0.00108497347516887	0.00099969855499027	0.000487614589428516
vmr_Master_mlimitecompra	0.00108179865645494	0.00176836595255172	0.00279565697939016
Visa_mconsumospesos_rank_tend6	0.00107482766420944	0.00141118910265978	0.00360834796177102
Master_mfinanciacion_limite_rank_lag2	0.0010708488435921	0.0015709206972891	0.00338079448670438
ctrx_quarter_tend6	0.00106229501153532	0.00162278737834189	0.00139782848969508
ctrx_quarter_delta1	0.0010595491517506	0.000710134556387359	0.000747675703790391
numero_de_cliente	0.00105706663108797	0.00283261172964487	0.00237305766855211
rf_016_015	0.00105159740219333	0.00039119797719494	0.000617645146609453
vmr_msaldopesos_delta2	0.00104229115070537	0.000879305614401266	0.00100773681815227
vm_fultimo_cierre_tend6	0.00104154905023699	0.00192356746568009	0.0021780118327807
Visa_mpagospesos_rank	0.00103218498262642	0.000945935283814572	0.00289317989727586
mpasivos_margen_rank_lag2	0.00102940317864459	0.00222976360964572	0.002080488914895
ccallcenter_transacciones_delta2	0.00102457909817495	0.000529805186789481	0.000292568753657109
Master_mlimitecompra_rank_lag2	0.00101824584084854	0.00126370855755418	0.00328327156881867
mactivos_margen_rank_lag2	0.00100734237252413	0.00273258377944072	0.00286067225798063
Master_fultimo_cierre_tend6	0.00100662647890367	0.00188097714884733	0.00295819517586633
Master_mfinanciacion_limite_rank	0.00100658809081745	0.00231454871240055	0.00347831740459008
mcomisiones_mantenimiento_rank_delta2	0.00100571725371868	0.00275102898063274	0.00143033612899031
vm_Fvencimiento_lag1	0.0010034427983801	0.00168717705847187	0.00292568753657109
mcomisiones_otras_rank	0.000999973386793362	0.00175871566872186	0.00269813406150445
rf_016_020	0.000999487653394844	0.000914530447058303	0.00315324101163773
Visa_mconsumospesos_rank_lag1	0.000995039254500939	0.000879275270370649	0.00269813406150445
vm_fechaalta_lag2	0.000993178560486716	0.00238417750111894	0.00308822573304727
Master_Fvencimiento_lag2	0.000991023048162459	0.00144234862909877	0.00331577920811391
rf_012_028	0.000988328305967379	0.000429750509139755	0.000227553475066641
mcomisiones_otras_rank_delta1	0.00098362082703598	0.00183734331491517	0.00328327156881867
Visa_mconsumospesos_rank_delta1	0.000983129264185689	0.00132953719748486	0.00370587087965672
chomebanking_transacciones_lag1	0.000983113430917176	0.00157840349995529	0.00279565697939016
Visa_mpagospesos_rank_lag2	0.000977861524904867	0.00110936488075645	0.00328327156881867
tcallcenter	0.000972006335889943	0.000839897804198153	0.000845198621676094
Visa_mpagominimo_rank_lag1	0.000969630154773011	0.00179423194520784	0.00247058058643781
vm_msaldototal_rank	0.000956447127787963	0.0005573552731448	0.000585137507314219
Visa_mconsumototal_rank_delta1	0.000953339937208735	0.00148453071286848	0.00334828684740914
rf_007_026	0.000948659619673296	0.000729360410692623	0.00224302711137117
cliente_edad	0.000948002437354942	0.00164371082238323	0.00162538196476172
Visa_mpagominimo_rank_tend6	0.000947456857840894	0.00185979101723862	0.00256810350432352
Visa_mfinanciacion_limite_rank	0.000945299205449563	0.00163899285487876	0.00269813406150445
ccajas_consultas_tend6	0.000943410849838451	0.0037689088143162	0.000747675703790391
rf_005_013	0.000940809296311098	0.000682218224639254	0.000975229178857031
Visa_Finiciomora	0.000936635000513348	0.00311983156367329	0.000487614589428516
cliente_edad_lag1	0.000935825022766773	0.00219126956052735	0.002080488914895
vm_Fvencimiento	0.000934799047674746	0.00161399546009903	0.00282816461868539
Visa_mlimitecompra_rank_delta1	0.000934724941664503	0.00185893565077093	0.00331577920811391
vm_Fvencimiento_lag2	0.000933574876135707	0.00128192397328181	0.00263311878291399
Visa_status_lag2	0.00092650583622287	0.000339983869219176	0.000162538196476172
Visa_mpagominimo_rank_lag2	0.000920784713859078	0.00103256272791664	0.00234055002925688
rf_004_019	0.000920046267837441	0.000940950482901343	0.00279565697939016
mactivos_margen_rank_lag1	0.000917449245150304	0.0021403248440327	0.00204798127559977
rf_013_024	0.000914502930370682	0.000715986896664281	0.00243807294714258
Visa_msaldototal_rank_tend6	0.000913378295616834	0.0015361134478906	0.00253559586502828
Master_mfinanciacion_limite_rank_lag1	0.000909483718508616	0.00136170178172862	0.0032182562902282
Visa_mconsumototal_rank_lag2	0.000906874027315016	0.00109515029018182	0.0032182562902282
cliente_antiguedad	0.000905000220620239	0.00148115035257408	0.00185293543982836
Visa_mfinanciacion_limite_rank_lag1	0.000904659762252917	0.00135006952108505	0.00260061114361875
ctrx_quarter_normalizado_tend6	0.000903338999504623	0.00229077125350285	0.00191795071841883
internet	0.00089955388560832	0.000955540845483029	0.000162538196476172
Master_mlimitecompra_rank_delta1	0.000898502862992651	0.00130443183441014	0.00351082504388531
rf_011_021	0.00089774104353097	0.000994737305984524	0.00269813406150445
mpasivos_margen_rank_lag1	0.00089754467964531	0.00170657298048361	0.00214550419348547
rf_015_025	0.000894713555566121	0.000968722239457063	0.00328327156881867
Visa_cconsumos_lag2	0.000886219353687228	0.00117218108176395	0.00211299655419024
Visa_mpagospesos_rank_delta1	0.000877418379671002	0.00135693591652466	0.0032182562902282
vm_mpagospesos_rank_tend6	0.000868919880527049	0.000914855145827775	0.00120278265392367
Visa_delinquency_tend6	0.000866566787132369	0.000569161923755017	0.000325076392952344
ctarjeta_visa_transacciones_tend6	0.000862160159111971	0.00200305947569901	0.00133281321110461
internet_lag1	0.000860983593512141	0.00120114710526884	0.000195045835771406
Visa_delinquency_lag1	0.000859938054619151	0.000660747794162306	0.000552629868018985
Visa_cconsumos	0.00085807118140503	0.00121294025984218	0.00243807294714258
rf_002_015	0.000854517595802839	0.00120872931991905	0.00295819517586633
rf_019_021	0.000853574489395529	0.000587366930774464	0.000650152785904688
Visa_mpagominimo_rank_delta2	0.000841821696679202	0.00182811987632994	0.00250308822573305
Visa_mconsumosdolares_rank_lag2	0.000840359745014736	0.00152491059056401	0.00247058058643781
vm_mlimitecompra_rank_tend6	0.000838374966087477	0.00357707499948278	0.00214550419348547
vm_Fvencimiento_tend6	0.000831795999949459	0.000543458324588328	0.00110525973603797
Visa_Fvencimiento_tend6	0.000828558398876633	0.00109569701198926	0.00133281321110461
mplazo_fijo_dolares_rank	0.000828490781057242	0.00119273157649876	0.000195045835771406
Visa_mconsumototal_rank_lag1	0.000824565789341743	0.000945924169431265	0.00318574865093297
rf_005_014	0.000812319668518265	0.000552162474486823	0.000487614589428516
rf_017_018	0.000812228850019408	0.000709202359539824	0.00178792016123789
rf_009_025	0.000811332411682628	0.0012141695459197	0.00256810350432352
cproductos_tend6	0.000799228104022125	0.00129880381061536	0.000195045835771406
vm_mlimitecompra_rank_delta2	0.000794576571130837	0.00188651502264417	0.00247058058643781
mrentabilidad_rank_lag1	0.000794493146608137	0.00194337770720289	0.00247058058643781
ccomisiones_otras_tend6	0.000794372442305526	0.00129062256598865	0.00146284376828555
rf_003_021	0.000787536335841682	0.00117027055455722	0.000877706260971328
rf_010_015	0.000786912165502329	0.000824587476564463	0.00136532085039984
Master_mpagominimo_rank_tend6	0.000783600391802815	0.00251460858223147	0.00175541252194266
rf_017_020	0.000782470498028582	0.000661573345855727	0.00149535140758078
mcomisiones_mantenimiento_rank	0.000780346451790188	0.00305426499384425	0.00214550419348547
rf_009_016	0.000779786156611018	0.000422912252495981	0.000130030557180938
Visa_mfinanciacion_limite_rank_lag2	0.000776918092208437	0.00127867442751474	0.00227553475066641
Master_Fvencimiento_tend6	0.000775047963819636	0.000884145663703329	0.00139782848969508
mtransferencias_emitidas_rank	0.000772043217424123	0.00307499023138327	0.00162538196476172
mcuenta_corriente_rank_delta2	0.000771121585492029	0.0021353478055459	0.00126779793251414
vmr_msaldopesos2_tend6	0.000770658656820899	0.00193834668456861	0.00152785904687602
mcomisiones_mantenimiento_rank_delta1	0.000767845167960058	0.00181419867019085	0.0010402444574475
Visa_mconsumospesos_rank_lag2	0.000766605074904151	0.00137644545223243	0.00247058058643781
Visa_mconsumospesos_rank_delta2	0.000762765657294305	0.00101923296574639	0.0030232104544568
vm_Finiciomora_lag1	0.000758478368268914	0.00189098706236562	0.000585137507314219
vm_mfinanciacion_limite_rank_delta2	0.000758470164231773	0.00206306135607625	0.00234055002925688
cliente_antiguedad_lag1	0.000745820321050279	0.00123161057140087	0.00175541252194266
mcomisiones_mantenimiento_rank_lag2	0.000745572652923481	0.00149189090448073	0.00143033612899031
cliente_antiguedad_lag2	0.000743875405525844	0.00192055255689396	0.0019829659970093
vmr_Visa_mlimitecompra	0.000743571605241454	0.00100234554240518	0.00188544307912359
Visa_cconsumos_lag1	0.000742836272932692	0.00120851488288874	0.00211299655419024
rf_004_016	0.000739976206707847	0.000403492513948582	0.000357584032247578
Visa_msaldototal_rank	0.000734039404300056	0.00068706568353019	0.00139782848969508
Master_delinquency	0.000731391627673582	0.000535750940811818	0.000325076392952344
thomebanking_delta2	0.000730426399783388	0.00128099327599392	0.000975229178857031
Visa_Finiciomora_lag1	0.000729160218340823	0.00103222894357986	0.000227553475066641
vm_Finiciomora_tend6	0.000728562501723259	0.00110302156700741	0.000390091671542813
Visa_Finiciomora_delta1	0.000726010548466531	0.000488843568158159	9.75229178857031e-05
mcaja_ahorro_rank_lag1	0.000724255960643767	0.00208897851017933	0.000910213900266563
mpasivos_margen_rank_tend6	0.000723949445520969	0.00212684909531981	0.0021780118327807
Visa_fultimo_cierre_tend6	0.000718497947128487	0.00113245139549189	0.00195045835771406
mcaja_ahorro_dolares_rank_delta2	0.000717781434885168	0.00190309777074774	0.000617645146609453
rf_017_015	0.00071127989324641	0.00108736995723868	0.000845198621676094
ctarjeta_visa_transacciones_delta2	0.000705632516635126	0.00144497197639681	0.000715168064495156
Visa_msaldototal_rank_delta1	0.000697085466961457	0.00147013432273832	0.00178792016123789
Visa_mconsumosdolares_rank	0.000696643334047465	0.00145431335093825	0.00201547363630453
mcaja_ahorro_rank_delta2	0.000696252709589319	0.00186774812180198	0.00165788960405695
mcaja_ahorro_dolares_rank	0.000696171523341878	0.00273631247862146	0.00117027501462844
cdescubierto_preacordado_lag1	0.000695638291714441	0.0017658268452224	0.0011377673753332
Visa_msaldopesos_rank_delta2	0.000693932129325898	0.000945414054521226	0.002080488914895
mtarjeta_visa_consumo_rank_lag2	0.000691923297004941	0.00184169344925781	0.00185293543982836
Visa_msaldototal_rank_delta2	0.000690516638559661	0.000850475168730849	0.0019829659970093
mcaja_ahorro_rank_lag2	0.000689061381150212	0.00145380297140003	0.00149535140758078
vmr_mpagominimo_lag2	0.000687353971909319	0.000893188361245734	0.00175541252194266
mtransferencias_emitidas_rank_lag2	0.000686951133289087	0.00188698447302481	0.00146284376828555
Visa_mconsumosdolares_rank_tend6	0.000684743527430282	0.00150750229076702	0.00227553475066641
mprestamos_personales_rank_lag1	0.000683348463959141	0.00112671381563308	0.000650152785904688
vm_fechaalta_tend6	0.000675924621765666	0.000649234880825205	0.000552629868018985
mtarjeta_visa_consumo_rank	0.000675477420034421	0.000369717843684946	0.000650152785904688
cdescubierto_preacordado_lag2	0.000675260447924672	0.001421767261077	0.000942721539561797
Visa_mpagominimo_rank_delta1	0.000672201406930981	0.00139865013768278	0.00201547363630453
vmr_mpagominimo_delta1	0.000666248315238452	0.000802754681907946	0.000715168064495156
rf_005_019	0.000665333801450254	0.000689571624128373	0.00279565697939016
mautoservicio_rank_delta2	0.000661279605711153	0.00127530826893235	0.00143033612899031
vm_mpagominimo_rank_lag1	0.000659933421774779	0.00108710682862435	0.00107275209674273
mttarjeta_visa_debitos_automaticos_rank_tend6	0.000659701851212304	0.00161211986381126	0.00117027501462844
cliente_vip_delta1	0.000653901657916901	0.00142613803641721	0.00052012222872375
Visa_mconsumosdolares_rank_lag1	0.000647565669239955	0.00077562376658021	0.0019829659970093
rf_014_030	0.0006423212642275	0.000590674430111628	0.000455106950133281
vmr_mpagominimo	0.000641354666203423	0.000699253134082761	0.00146284376828555
Visa_msaldopesos_rank_lag1	0.000639744037510318	0.000705132201805255	0.00152785904687602
vm_mlimitecompra_rank	0.000636070167160808	0.000791512924239782	0.00178792016123789
rf_007_015	0.000635784946295357	0.0015029281927798	0.00172290488264742
vm_mlimitecompra_rank_delta1	0.000632717168838637	0.00218628061377273	0.00201547363630453
mcaja_ahorro_rank_delta1	0.000631532418683998	0.00205632330530102	0.00169039724335219
Visa_fultimo_cierre_lag2	0.000631300558125108	0.000821316143077743	0.00133281321110461
Visa_msaldototal_rank_lag1	0.000625938539579146	0.000775107212384604	0.00165788960405695
vmr_mconsumospesos	0.00062536821500554	0.000401159816594963	0.000747675703790391
Visa_msaldopesos_rank_delta1	0.000624068419882948	0.00124523362979728	0.00204798127559977
vmr_Master_mlimitecompra_lag1	0.000620394366327619	0.0013619663216932	0.0019829659970093
mcaja_ahorro_rank_tend6	0.000619871120301023	0.00178800109843274	0.00152785904687602
vmr_Master_mlimitecompra_lag2	0.000613887716133996	0.000886349751764395	0.00204798127559977
mtransferencias_emitidas_rank_tend6	0.000611499260909501	0.00107529197454074	0.00117027501462844
ccomisiones_mantenimiento_delta1	0.000610577874523301	0.000684455391222067	9.75229178857031e-05
Visa_status_delta2	0.000608143361236227	0.000394660813270229	0.000292568753657109
rf_020_025	0.000606908951729555	0.000677218251710717	0.0021780118327807
vmr_msaldopesos2_lag2	0.000603438704073691	0.00103779275093775	0.00133281321110461
vmr_msaldopesos2	0.000600625166218952	0.000579111413840254	0.00100773681815227
Visa_mlimitecompra_rank_lag1	0.000599952539285936	0.000853668436906246	0.00214550419348547
mpayroll_rank_tend6	0.000599331290474824	0.00109026075541122	0.000390091671542813
vmr_Visa_mlimitecompra_lag1	0.00059774272524328	0.00112030496230628	0.00152785904687602
ctrx_quarter_lag1	0.000596998408097639	0.00046598286946452	0.00052012222872375
vm_Finiciomora	0.000596918587576327	0.00109141982681324	0.000227553475066641
Visa_mconsumosdolares_rank_delta1	0.000590027743704393	0.000872045893285736	0.00156036668617125
vm_mpagominimo_rank	0.000586997960443184	0.00138055795047483	0.000975229178857031
Master_mpagospesos_rank_tend6	0.000586043787975458	0.00127596410575686	0.00130030557180938
vmr_Visa_mlimitecompra_lag2	0.000574671058546726	0.00112747162251396	0.00156036668617125
vm_mlimitecompra_rank_lag2	0.000573597458836698	0.000475363408975703	0.00146284376828555
mcuenta_corriente_rank_delta1	0.000572978884814872	0.000837267400148808	0.0010402444574475
rf_007_016	0.000572954431264775	0.000297366472103271	0.000357584032247578
mextraccion_autoservicio_rank_lag2	0.000572728661334133	0.000686348452969317	0.00110525973603797
rf_004_015	0.000571838881208901	0.000381717672862167	0.000130030557180938
vm_msaldototal_rank_delta2	0.000569287993281279	0.000978210129797491	0.00136532085039984
cproductos_delta2	0.000569118585864319	0.00218682248406365	0.000390091671542813
Master_delinquency_delta1	0.00056780588842727	0.000138386509697443	0.000130030557180938
Visa_msaldototal_rank_lag2	0.000566079401284183	0.00051699047925519	0.00156036668617125
rf_013_016	0.000561521186631685	0.00085471239505259	0.00182042780053313
rf_001_015	0.000559816353961297	0.000492894231617245	0.000715168064495156
rf_011_019	0.000559362536188857	0.000439723903970042	0.000585137507314219
vm_mfinanciacion_limite_rank_tend6	0.000557629005672668	0.00123615961792095	0.00169039724335219
Master_cconsumos_tend6	0.000557628279105011	0.00116980286836441	0.00149535140758078
mcuenta_debitos_automaticos_rank_tend6	0.000556588787245871	0.00227458950529225	0.000715168064495156
mpayroll_sobre_edad_rank_tend6	0.000555787750321001	0.000626727725372	0.000325076392952344
ccajas_transacciones_lag2	0.000555053095891149	0.000951282272488587	0.00133281321110461
ctrx_quarter_lag2	0.000553986899610642	0.000995271766686569	0.00136532085039984
Master_fultimo_cierre_lag1	0.000537711218019688	0.00105145118130008	0.00178792016123789
mttarjeta_visa_debitos_automaticos_rank_delta2	0.000537361121314855	0.000761677597183378	0.000780183343085625
vm_mconsumototal_rank_delta2	0.00053709066776907	0.000789864908181636	0.000975229178857031
vmr_mpagospesos_tend6	0.000534988395810523	0.00163819244286187	0.0011377673753332
rf_011_017	0.00053410933798315	0.000495986764667747	0.00120278265392367
Visa_cconsumos_delta1	0.000529280768149852	0.000514529701865365	0.0011377673753332
Visa_msaldopesos_rank_lag2	0.000528839591766427	0.000791727714107661	0.00156036668617125
mttarjeta_visa_debitos_automaticos_rank_delta1	0.000528264804022383	0.00128875076270471	0.000617645146609453
Master_msaldototal_rank_tend6	0.00052737407893368	0.0009807351236242	0.00123529029321891
active_quarter_lag2	0.000525525155511268	0.000711436174165767	0.000747675703790391
Master_fultimo_cierre_lag2	0.000524681471346838	0.00114315957455192	0.00178792016123789
ctransferencias_recibidas_delta2	0.000522412613044165	0.00122842788835243	0.000227553475066641
cmobile_app_trx_lag2	0.000521011271375938	0.00153126678288419	0.000910213900266563
vm_mconsumospesos_rank_delta2	0.000519243773976279	0.000715652671280546	0.00081269098238086
rf_016_019	0.000519237170514141	0.000714191835550794	0.00123529029321891
mautoservicio_rank_lag2	0.000514228343561671	0.00113507456637114	0.00146284376828555
mtransferencias_recibidas_rank_lag2	0.000512577616125497	0.00096809145409969	0.00126779793251414
ccajas_transacciones_delta2	0.000511442619051801	0.000472033151615577	0.000422599310838047
mcaja_ahorro_rank	0.000509473486266877	0.00280823532898007	0.000910213900266563
mtransferencias_recibidas_rank_tend6	0.000502488233389212	0.00151595072164006	0.00120278265392367
vm_msaldopesos_rank_lag1	0.000502243064731101	0.000781286368456389	0.000617645146609453
mtransferencias_recibidas_rank_lag1	0.000501079234230736	0.00209847354548046	0.00123529029321891
rf_001_019	0.000500560766338386	0.000509336373951041	0.000910213900266563
mpagomiscuentas_rank	0.000499078457854543	0.00135126740461926	0.000650152785904688
rf_003_025	0.000493322080701587	0.000427759005711786	0.000325076392952344
Master_mconsumototal_rank_tend6	0.000493216698316978	0.000837309211400297	0.00123529029321891
Visa_mpagosdolares_rank_tend6	0.000491057104004141	0.00108781409152401	0.00136532085039984
Master_mconsumospesos_rank_tend6	0.000490222516362338	0.00176843960739348	0.00143033612899031
rf_020_016	0.00048593507232487	0.000967016799085164	0.000910213900266563
vmr_msaldopesos_tend6	0.000484376411901288	0.00063472178967032	0.00120278265392367
Master_msaldopesos_rank_lag1	0.000481550267509447	0.000608992256942581	0.00100773681815227
mtarjeta_visa_consumo_rank_tend6	0.000481539637257392	0.00176721781911422	0.0010402444574475
vmr_msaldopesos2_delta2	0.000480479698430207	0.00101052890405729	0.00133281321110461
cpagomiscuentas_tend6	0.000477933963228246	0.00140242920442597	0.000390091671542813
vmr_mpagominimo_lag1	0.00047688713754186	0.000707251432431865	0.00107275209674273
vmr_mpagominimo_tend6	0.000473426455074365	0.000997828604103548	0.00107275209674273
tcallcenter_delta1	0.000472471840991908	0.000474722920585284	0.000422599310838047
Visa_Finiciomora_tend6	0.000470418327319982	0.00159619630448907	0.000357584032247578
rf_005_022	0.000470098985247932	0.000548704930975013	0.00165788960405695
rf_010_013	0.000469604056583526	0.000775355962868144	0.00110525973603797
ccaja_ahorro_tend6	0.000468801336879276	0.000952055163175386	0.000162538196476172
Visa_mconsumosdolares_rank_delta2	0.000465425343265276	0.000869807403562053	0.00133281321110461
ctransferencias_recibidas_tend6	0.000465180832990233	0.00171781764906169	0.00100773681815227
Master_msaldopesos_rank	0.000460137051789721	0.000996762858237546	0.0011377673753332
rf_002_026	0.000458737044105188	0.000994878970266994	0.000942721539561797
mcomisiones_mantenimiento_rank_lag1	0.00045697624887408	0.00150130840372688	0.000942721539561797
vm_mconsumospesos_rank_tend6	0.000455412561896841	0.000702426643354501	0.0010402444574475
Master_mconsumototal_rank_lag2	0.000451397406013807	0.00121655666846777	0.0011377673753332
vm_fultimo_cierre	0.000450189202764702	0.000560443924982083	0.00117027501462844
rf_008_022	0.000448306663424479	0.000592212184430616	0.00178792016123789
Master_mpagominimo_rank	0.000446803126138462	0.0013603127484434	0.00146284376828555
vmr_Master_mlimitecompra_tend6	0.000446366567068799	0.00154129028064875	0.00110525973603797
Visa_fultimo_cierre	0.000444646700154275	0.000928599580346643	0.00110525973603797
ccaja_ahorro_delta2	0.000442942789586363	0.00158793276050025	0.000260061114361875
vm_fultimo_cierre_lag1	0.00043929373456197	0.00193333471516285	0.00130030557180938
ctrx_quarter_normalizado	0.00043751213981018	0.00235334531973116	0.000682660425199922
Master_fultimo_cierre	0.000437033112659271	0.000795141770389547	0.00123529029321891
rf_002_017	0.000436428067368145	0.00044582014321398	0.00143033612899031
mpagomiscuentas_rank_tend6	0.000435528731423674	0.00185449369045192	0.000910213900266563
Visa_fultimo_cierre_lag1	0.000434763607162448	0.000698454133416129	0.0010402444574475
mtransferencias_recibidas_rank_delta2	0.000434453220877414	0.000842741851393289	0.00100773681815227
vm_mfinanciacion_limite_rank_lag2	0.000433113736051475	0.00067537396975687	0.00130030557180938
Master_mconsumosdolares_rank	0.000432818568492102	0.000148090336627837	0.000357584032247578
ccomisiones_otras_lag2	0.000429962599310017	0.000720226857477153	0.000975229178857031
vmr_msaldototal_lag2	0.000428389003982091	0.000446039343551426	0.000975229178857031
vmr_msaldototal	0.000427969762530793	0.00078514111885734	0.000845198621676094
Master_fultimo_cierre_delta1	0.000425935913619817	0.000882813613684914	0.00133281321110461
rf_015_029	0.000424060505485704	0.000659146881919128	0.00120278265392367
Master_msaldototal_rank	0.000419378273356315	0.00105141880845346	0.00117027501462844
cplazo_fijo_tend6	0.00041744103071725	0.00136106314573542	0.000195045835771406
rf_001_006	0.000417053502470091	0.00119778738597201	0.000227553475066641
rf_007_018	0.00041670957140164	0.000506891209623481	0.00052012222872375
mtransferencias_emitidas_rank_delta2	0.000415849339242646	0.00192375023553892	0.000877706260971328
internet_tend6	0.000412793790200109	0.00274776267508133	0.000487614589428516
ctarjeta_debito_transacciones_tend6	0.00041185268066715	0.00192622988973849	0.000975229178857031
rf_012_015	0.000408562916586766	0.000495134661947537	0.000260061114361875
Master_mpagominimo_rank_lag2	0.000408462678016948	0.000411001073757043	0.00123529029321891
Master_mpagospesos_rank_delta2	0.000400290598439051	0.00115671629948605	0.0011377673753332
vmr_msaldototal_tend6	0.000393322296585867	0.0009008056832337	0.0011377673753332
rf_009_022	0.000393087361176652	0.000554237335789596	0.000162538196476172
ccajas_transacciones_delta1	0.000392334151689188	0.00141491074508922	0.000617645146609453
vm_msaldopesos_rank_tend6	0.000388985252345587	0.000808464299389703	0.000975229178857031
matm_rank_lag2	0.000388976600124728	0.000760993974400601	0.00100773681815227
vm_mpagospesos_rank_delta2	0.000387646629447785	0.00069524869234473	0.000942721539561797
Master_msaldopesos_rank_delta2	0.000387130904667051	0.000890834846475762	0.00117027501462844
rf_007_017	0.000385488963892522	0.000158162437767017	3.25076392952344e-05
Master_msaldopesos_rank_lag2	0.000384438100566359	0.00076230564804962	0.00120278265392367
cprestamos_personales_delta2	0.00038405379432075	0.000912472257330491	0.000162538196476172
ccallcenter_transacciones_tend6	0.000383190822088948	0.00157242528487695	0.00052012222872375
mttarjeta_visa_debitos_automaticos_rank_lag2	0.000379935628374998	0.000512406325397363	0.00100773681815227
mtransferencias_emitidas_rank_lag1	0.000379758905177161	0.00137099869873682	0.0011377673753332
Master_mpagospesos_rank_lag2	0.000378361237603996	0.00130811881054879	0.00123529029321891
Visa_cconsumos_delta2	0.000374606076577143	0.000624551423269202	0.0010402444574475
mautoservicio_rank_tend6	0.000374360410601289	0.000909491926625756	0.000942721539561797
ccajas_transacciones	0.000373230184469568	0.00089479183156126	0.000682660425199922
vm_mfinanciacion_limite_rank_delta1	0.000372521506537193	0.00136032280431402	0.00139782848969508
vmr_msaldopesos	0.000370296990934234	0.000853837446100026	0.0011377673753332
tcallcenter_lag2	0.000370068297381667	0.000879610995314037	0.00081269098238086
vm_fultimo_cierre_lag2	0.00036884289886756	0.000880385650188662	0.00117027501462844
vmr_msaldopesos2_lag1	0.000368430508030582	0.000940458980172873	0.000942721539561797
Master_mpagosdolares_rank_tend6	0.000366962371328723	0.000607921042094317	0.00133281321110461
rf_006_014	0.000365864064785821	0.000807867651066773	0.000780183343085625
thomebanking_tend6	0.000365103347737728	0.00332928361665505	0.00081269098238086
mautoservicio_rank	0.000362847936615919	0.00183281182206397	0.000650152785904688
ctransferencias_emitidas_tend6	0.000362223014516891	0.00130789766960474	0.000682660425199922
mcaja_ahorro_dolares_rank_tend6	0.000361388568601384	0.00140853920433495	0.000715168064495156
tcallcenter_tend6	0.00036023800930224	0.00118835762562046	0.000487614589428516
ccomisiones_otras_delta1	0.000357372447080811	0.000518347757159525	0.000422599310838047
Master_mconsumospesos_rank_lag2	0.000356616726393249	0.000856783904398492	0.000910213900266563
mpayroll_rank_delta2	0.000356016983564329	0.000993861122100482	0.000422599310838047
internet_lag2	0.000355521310422581	0.00157220643737707	0.000422599310838047
cmobile_app_trx_tend6	0.000355021413972827	0.00271167700697434	0.00081269098238086
Master_msaldototal_rank_delta2	0.000351190550421214	0.00108713876042401	0.00107275209674273
rf_016_013	0.00034991452117103	0.000252885210548646	0.000390091671542813
vm_status01_delta1	0.000348224833548972	0.000832892390757816	0.000325076392952344
Visa_mpagado_rank_tend6	0.000346316763606612	0.000818790090738337	0.00081269098238086
rf_018_019	0.000345751375503158	0.00108083955137063	0.000910213900266563
vm_status05_tend6	0.000343684429975796	0.00130804303868164	0.000292568753657109
vm_mpagominimo_rank_tend6	0.000340068704704156	0.000658620889318651	0.000910213900266563
mplazo_fijo_dolares_rank_delta2	0.000339742647084768	0.000561748541879796	0.000130030557180938
mcaja_ahorro_dolares_rank_lag1	0.000339370622528068	0.00142622959776541	0.000910213900266563
rf_014_024	0.000339105697373435	0.000505656719191872	0.000585137507314219
ccajas_transacciones_tend6	0.000338729448640734	0.00173528002121556	0.000585137507314219
Master_mconsumototal_rank_delta2	0.00033784437788876	0.000878173446863595	0.000910213900266563
vmr_msaldototal_delta2	0.000337541652893308	0.000595240589253624	0.000942721539561797
vmr_mconsumospesos_tend6	0.000337343706148698	0.00128212156231838	0.000942721539561797
mcuenta_debitos_automaticos_rank_delta2	0.000337259654995723	0.00230424920745053	0.000877706260971328
rf_015_019	0.000336085773651257	0.000313462480785503	0.000585137507314219
Master_mpagospesos_rank	0.000335778921979365	0.000693329961664604	0.000780183343085625
chomebanking_transacciones_tend6	0.000335373988658036	0.0012069776578261	0.000942721539561797
Master_mpagominimo_rank_lag1	0.000333062713234553	0.000985440741813883	0.0010402444574475
vmr_mpagominimo_delta2	0.000329868358211841	0.000733780583291975	0.000845198621676094
Visa_msaldodolares_rank_tend6	0.000327297256579688	0.00143573213086479	0.000682660425199922
cproductos	0.000324277668931924	0.000486511576479671	6.50152785904688e-05
mpayroll_sobre_edad_rank_delta2	0.000320553252949926	0.00106377041668329	0.000325076392952344
Master_mpagosdolares_rank	0.000317909151399898	0.000510684742706852	0.000845198621676094
rf_011_024	0.000317378860177763	0.000578704856755632	0.00120278265392367
vm_mfinanciacion_limite_rank	0.000317023335355783	0.000539793136169337	0.00100773681815227
vmr_mpagospesos_delta2	0.000316929699436482	0.00112387567846716	0.00081269098238086
rf_011_022	0.000316873081069539	0.000296773528574777	9.75229178857031e-05
rf_003_028	0.000316394434070599	0.00033664029224096	0.000585137507314219
vmr_mpagospesos	0.000315516107583127	0.000956724174467669	0.00100773681815227
vm_msaldototal_rank_tend6	0.000314770831945595	0.000905517035033819	0.00100773681815227
rf_009_021	0.000314355718522731	0.000685167241010069	0.000780183343085625
Master_mconsumosdolares_rank_tend6	0.000314278405276918	0.000555336865852476	0.00120278265392367
vm_cconsumos_tend6	0.000314114609475364	0.0009421895602213	0.000780183343085625
vmr_mconsumospesos_lag1	0.000313036194997979	0.000448285154654588	0.000845198621676094
Master_cadelantosefectivo_tend6	0.000312219192292204	0.000286140680334937	0.00107275209674273
ccomisiones_otras	0.000309274213443977	0.000847545382007344	0.000552629868018985
rf_013_021	0.000308202990219896	0.000517751549883551	0.00081269098238086
Master_cadelantosefectivo_delta1	0.0003074672664431	7.66252930102072e-05	0.000195045835771406
Master_msaldototal_rank_delta1	0.000307263239119077	0.00121557110493848	0.000877706260971328
mprestamos_prendarios_rank_lag1	0.000306376891783595	0.00114666845592948	0.000162538196476172
vm_mpagominimo_rank_delta2	0.000305089353544412	0.000977237533048729	0.00081269098238086
Master_mpagominimo_rank_delta1	0.000303593904215543	0.000941173299823832	0.000650152785904688
vmr_mconsumospesos_lag2	0.000301316021087263	0.000476453765261885	0.0010402444574475
rf_011_015	0.000301073863214444	0.000532333267944888	9.75229178857031e-05
Master_msaldototal_rank_lag2	0.000299438065355163	0.00060278143369931	0.00081269098238086
rf_019_023	0.000298471242738984	0.000529401628824165	0.000845198621676094
rf_012_016	0.000298088057978983	0.000452308826039929	0.000845198621676094
rf_012_023	0.000296149581083579	0.000333763695780424	0.000422599310838047
Master_mpagominimo_rank_delta2	0.000294863794486482	0.00163969800075302	0.000780183343085625
rf_018_021	0.000293983245888345	0.00059299671875707	0.000682660425199922
vm_status02_delta2	0.000292101091379094	0.000563450012829086	0.000292568753657109
rf_001_013	0.000288617423042408	0.000259628112840396	0.000747675703790391
rf_011_016	0.000287227677392806	0.000351674524479799	0.000617645146609453
rf_002_024	0.000286550152188775	0.000317503617630326	0.000942721539561797
Master_mconsumototal_rank_delta1	0.000285689946264404	0.000465883633899278	0.000715168064495156
rf_006_018	0.000284528241989065	0.00105799137841056	0.00081269098238086
vm_mfinanciacion_limite_rank_lag1	0.000283909131346301	0.000442111908612022	0.00081269098238086
ccomisiones_otras_delta2	0.000281379181605659	0.000487648683743256	0.000747675703790391
Master_msaldototal_rank_lag1	0.000281342222320441	0.000199033818191013	0.000747675703790391
rf_019_024	0.000281285193896601	0.000358559620310367	0.000975229178857031
vm_msaldopesos_rank_delta1	0.00028071802124547	0.000571442842195927	0.000715168064495156
vm_msaldopesos_rank_lag2	0.000280616614781463	0.000478400811156627	0.000910213900266563
Visa_fultimo_cierre_delta1	0.000279512900170345	0.00021061632873787	0.000650152785904688
vm_fultimo_cierre_delta1	0.000279287801108585	0.000302141599293319	0.000910213900266563
cmobile_app_trx_delta2	0.000278707267414307	0.000715181721340256	0.000487614589428516
vm_mconsumototal_rank_tend6	0.000275609431254321	0.000447466218665517	0.00081269098238086
vm_cconsumos_lag2	0.00027406754720638	0.000370686559220489	0.000422599310838047
mextraccion_autoservicio_rank_tend6	0.000273474677492525	0.00126749159371998	0.000715168064495156
Master_msaldopesos_rank_tend6	0.000273381430405082	0.00055197335355182	0.00081269098238086
Master_mconsumototal_rank_lag1	0.000272986292201741	0.000417902135487441	0.000747675703790391
vmr_mpagospesos_lag2	0.000270349937816242	0.000417483052669251	0.000845198621676094
ccajas_consultas_delta1	0.000269696642044887	0.000348707160555589	6.50152785904688e-05
vmr_mconsumototal_lag2	0.000268595723398191	0.000601072817789324	0.000747675703790391
rf_018_025	0.00026757133837553	0.000701370600521544	0.000682660425199922
mpayroll_rank_delta1	0.000267036370295811	0.00180100148673577	0.000422599310838047
tcallcenter_lag1	0.000266392271340476	0.000892357164151268	0.000715168064495156
rf_001_020	0.000266388706890219	0.000691095000316575	0.000390091671542813
catm_trx_tend6	0.000265988398321716	0.00156203060199369	0.000682660425199922
vm_mlimitecompra_rank_lag1	0.000265904743188632	0.000484070822621677	0.000780183343085625
Master_cconsumos_lag2	0.000265461194613726	0.000633500795275584	0.00081269098238086
Master_cconsumos_lag1	0.000265225890182124	0.00064801997287847	0.000715168064495156
Master_cconsumos	0.000264878259565706	0.000744533131675844	0.00081269098238086
cliente_vip	0.000264867960675157	0.000692576212415723	0.000195045835771406
rf_015_015	0.000262123655810999	0.000344001895203471	0.0010402444574475
vmr_mconsumototal_tend6	0.000261896153289099	0.000661164583536321	0.000780183343085625
vm_mconsumototal_rank_lag2	0.000260446227174511	0.000530219594509932	0.000747675703790391
ctarjeta_debito_transacciones_lag2	0.000260320589050641	0.00066019401560356	0.000715168064495156
vmr_mconsumototal	0.000259759587799879	0.000911975373829151	0.000747675703790391
Master_mconsumototal_rank	0.00025709543453034	0.000486210341408292	0.000682660425199922
mcuenta_debitos_automaticos_rank_lag2	0.000256849816776588	0.00129605670554129	0.000747675703790391
mttarjeta_visa_debitos_automaticos_rank	0.000256035074592963	0.000460690923450692	0.000715168064495156
Visa_madelantodolares_rank_tend6	0.000255721674827125	0.000100886315791149	0.00052012222872375
ctarjeta_visa_transacciones_lag2	0.000255347383341357	0.000959550844412714	0.00081269098238086
ctarjeta_visa_transacciones	0.000254964839655506	0.0022322451162425	0.000682660425199922
rf_002_021	0.000254953212674281	0.000609544359522892	0.00052012222872375
rf_016_014	0.000253915931880985	0.000682533661422637	0.000357584032247578
mtransferencias_recibidas_rank_delta1	0.000253865570899551	0.000907791955236119	0.000715168064495156
mttarjeta_visa_debitos_automaticos_rank_lag1	0.0002519371907991	0.000601921303924489	0.000942721539561797
Master_msaldopesos_rank_delta1	0.000251553622988183	0.000820386945349514	0.000747675703790391
rf_019_017	0.000251363289929394	0.000709517796323206	0.000617645146609453
mcaja_ahorro_dolares_rank_lag2	0.000249858973386088	0.00051261696942385	0.000715168064495156
Master_mpagado_rank_tend6	0.000244046069818751	0.000810134632423854	0.000682660425199922
vmr_Visa_mlimitecompra_tend6	0.000243770328696371	0.000594791162404817	0.00052012222872375
vmr_msaldopesos2_delta1	0.000243759055963075	0.000665386196795798	0.000715168064495156
mpagomiscuentas_rank_lag2	0.000242541990243168	0.000481660236375518	0.000455106950133281
vmr_msaldopesos_lag2	0.000242033599336301	0.000330226322769464	0.000617645146609453
vmr_mconsumototal_lag1	0.000240979305284405	0.000741598405226425	0.000617645146609453
ccajas_extracciones_tend6	0.000240782259891914	0.00224124529685829	0.00052012222872375
vm_mpagospesos_rank_lag1	0.000240757629353476	0.000351756559213732	0.000357584032247578
rf_019_016	0.00024017429798889	0.000264539964586999	0.000715168064495156
rf_019_020	0.000238625136566881	0.000647869487656868	0.000715168064495156
vm_msaldototal_rank_lag2	0.000236162479556699	0.000515774865633325	0.000650152785904688
rf_018_015	0.00023370985785328	0.000632456572501066	0.000227553475066641
rf_015_023	0.000233532677469468	0.000541873819291937	0.000422599310838047
vmr_mpagospesos_delta1	0.000230913499836398	0.000541506338967672	0.000715168064495156
Visa_status_tend6	0.000230117798838771	0.000658232679787424	0.000422599310838047
vm_msaldototal_rank_delta1	0.000229783038817922	0.00107193498973505	0.000650152785904688
vm_mconsumototal_rank	0.000229383187215007	0.000746319548268981	0.000617645146609453
mextraccion_autoservicio_rank_delta2	0.00022662959197174	0.000939164771983337	0.000552629868018985
rf_008_019	0.000225970041730775	0.000455636260699532	0.000780183343085625
Visa_delinquency_delta2	0.000225867794955707	0.000831942199194451	0.000422599310838047
vm_cconsumos_lag1	0.00022478135507422	0.000404487956929697	0.000227553475066641
vm_msaldopesos_rank_delta2	0.00022392950354205	0.000588312800077654	0.000650152785904688
vm_mpagominimo_rank_delta1	0.000223595485092179	0.00149356256065575	0.000877706260971328
mtarjeta_master_consumo_rank_lag2	0.000222979005896477	0.00102437619072644	0.000650152785904688
rf_013_019	0.000222162073824986	0.000954674982097772	0.000455106950133281
mpayroll_sobre_edad_rank_delta1	0.000219318222715915	0.000784479636631786	0.000292568753657109
vm_status06	0.000218468337992117	0.000155180519293238	0.000130030557180938
vmr_msaldototal_delta1	0.000216564365499387	0.00040681562634801	0.000617645146609453
Visa_mpagado_rank_lag1	0.000214623855018113	0.000360989347994445	0.000487614589428516
Visa_mpagosdolares_rank_delta2	0.000212822777037093	0.000728504426759195	0.000715168064495156
Master_mconsumospesos_rank	0.000212767385924939	0.000219039178887427	0.000617645146609453
mpayroll_rank	0.000211665498555273	0.000894697271093758	0.000260061114361875
Master_mconsumospesos_rank_delta2	0.000208904664878764	0.000623044454027787	0.000617645146609453
vm_status02	0.00020890077466146	0.000541792402023743	0.000487614589428516
cextraccion_autoservicio_tend6	0.000208847665139241	0.000795006545392644	0.000487614589428516
ccomisiones_otras_lag1	0.000207737335493506	0.000363125426614798	0.000455106950133281
vm_mpagospesos_rank_delta1	0.000206457429588343	0.00109933873671015	0.000650152785904688
vmr_msaldototal_lag1	0.000205592516587832	0.000257051781147934	0.000682660425199922
Master_delinquency_lag1	0.000204045295222509	0.000613175675535613	0.000390091671542813
ctarjeta_debito_tend6	0.000202801326223646	0.00165544284784839	0.000227553475066641
vm_status04	0.000201991317719069	0.000193478478934686	0.000292568753657109
Visa_mpagosdolares_rank	0.000200564330908276	0.000203214149455349	0.00081269098238086
Visa_Finiciomora_lag2	0.000200405114841105	0.0012317964285884	0.000195045835771406
rf_003_023	0.000195327923124195	0.000646709975207886	0.000487614589428516
rf_007_021	0.000195314920923214	0.000558352833151307	0.000455106950133281
mautoservicio_rank_lag1	0.000194188380128686	0.000643641170483651	0.000487614589428516
Master_fechaalta_delta1	0.00019155659044882	0.000236411577462147	0.000650152785904688
Master_fultimo_cierre_delta2	0.000191184928223189	0.000242665182260211	0.000552629868018985
mextraccion_autoservicio_rank_lag1	0.000189755069386642	0.0005025608341845	0.000422599310838047
vm_mconsumospesos_rank_lag2	0.000188807514223103	0.000233565148613445	0.000487614589428516
rf_002_022	0.000188754550089007	0.000392604916986592	0.000325076392952344
vmr_msaldopesos_lag1	0.00018765064667973	0.000316744752236747	0.000552629868018985
Master_madelantopesos_rank_tend6	0.0001868245986152	0.000260695446475442	0.000845198621676094
Master_mpagosdolares_rank_lag2	0.000186703339096433	0.000221735651770874	0.000845198621676094
vm_mconsumospesos_rank	0.000185098963720139	0.000366878118749984	0.000455106950133281
vm_status05_delta2	0.000184832298030971	0.000551757505171245	0.000227553475066641
mtarjeta_visa_consumo_rank_delta1	0.000184129255651505	0.000969306009208859	0.000617645146609453
mcaja_ahorro_dolares_rank_delta1	0.00018407519696997	0.00104971151568435	0.000455106950133281
Visa_mpagado_rank	0.000183462032321734	0.000842885809119933	0.000487614589428516
thomebanking_delta1	0.000183272016011046	0.000775531852394448	0.00052012222872375
Visa_fechaalta_delta1	0.000182051675701673	0.000203169162665772	0.000422599310838047
mpagomiscuentas_rank_delta2	0.000181199621683991	0.000473456939400972	0.000292568753657109
rf_017_019	0.000181079927655923	0.000777765843439173	0.000357584032247578
vmr_mpagospesos_lag1	0.000179663544209876	0.000412236446282565	0.00052012222872375
tcuentas_lag2	0.000177831708503228	0.00173803506513485	0.000357584032247578
ctarjeta_master_transacciones_tend6	0.000177741920215531	0.00139255619188301	0.000260061114361875
ctarjeta_debito_transacciones_delta2	0.000175422041395559	0.00050064783711481	0.000292568753657109
Visa_mpagado_rank_delta2	0.000173901360822151	0.000745247627745586	0.000357584032247578
vm_mconsumosdolares_rank_lag2	0.000173382789322114	0.000735545476793627	0.000422599310838047
vm_status01_tend6	0.000172122330434772	0.00050570382300684	0.000422599310838047
ctarjeta_master_descuentos_delta2	0.00017192758304263	0.000378886327819381	0.000162538196476172
rf_009_019	0.000171629259089453	0.00028737411225385	0.000325076392952344
ccallcenter_transacciones_delta1	0.000170885691058833	0.000951527582805865	0.000162538196476172
vm_mconsumosdolares_rank_lag1	0.000170678512982086	0.00112156256359842	0.000422599310838047
rf_010_020	0.000170337116576555	0.000487914194011147	0.000552629868018985
vmr_mconsumospesos_delta2	0.000169783424050023	0.000258878333014124	0.000487614589428516
vm_mpagado_rank_tend6	0.00016953271080406	0.000809350891981921	0.000455106950133281
ctarjeta_debito_transacciones_delta1	0.000168958314061846	0.00138644045836359	0.000292568753657109
cprestamos_personales	0.000166450134836545	0.000427224456800349	9.75229178857031e-05
mplazo_fijo_dolares_rank_delta1	0.000165863450356631	0.000394086305504522	6.50152785904688e-05
rf_005_020	0.000165590579022222	0.000564761951106279	0.00052012222872375
Visa_fultimo_cierre_delta2	0.000165242845688145	0.000152920771106246	0.000455106950133281
rf_008_017	0.000162913445031035	0.00120459309335038	0.000390091671542813
vmr_mconsumototal_delta2	0.000162455134467191	0.000689896940363584	0.000487614589428516
Visa_mpagado_rank_lag2	0.000162337511677397	0.000385798151095521	0.000422599310838047
vmr_msaldopesos_delta1	0.000161659740452791	0.000408110981259634	0.000292568753657109
Master_cadelantosefectivo_lag1	0.000160036884577767	0.000102374849269777	0.000325076392952344
Master_mconsumosdolares_rank_lag2	0.000159886703595889	0.000212731060685523	0.000422599310838047
Master_fechaalta_delta2	0.0001590624776382	0.000215419682933142	0.000422599310838047
vm_status01_lag1	0.000158934316650632	0.00096043126234754	0.000325076392952344
Master_mconsumospesos_rank_delta1	0.000157581057011964	0.000571645635586586	0.00052012222872375
vm_mpagospesos_rank_lag2	0.00015732990919944	0.000162413248335023	0.000455106950133281
rf_018_024	0.000157158883805584	0.000241281970794827	0.000260061114361875
vmr_mpagado_tend6	0.000156439124165261	0.000819683034406731	0.000390091671542813
vmr_mconsumosdolares_lag2	0.000154799697299055	0.000568663099647067	0.000487614589428516
mpagomiscuentas_rank_lag1	0.0001541798458821	0.00149940563894659	0.000422599310838047
Master_madelantodolares_rank_tend6	0.000154160313557254	0.000123800557585323	0.00052012222872375
ccajas_transacciones_lag1	0.000153794812899307	0.000459117532537609	0.00052012222872375
mtarjeta_master_consumo_rank_tend6	0.000153615088562382	0.00114268042113824	0.000390091671542813
mforex_sell_rank_tend6	0.000152821920261138	0.0013803162567426	0.000292568753657109
vm_Fvencimiento_delta2	0.00015177541539155	0.00010043741819869	0.000195045835771406
vm_status05_lag1	0.000151677985886511	0.000104354179801743	9.75229178857031e-05
Master_mconsumosdolares_rank_delta2	0.000150915055466978	0.000311397675353341	0.000487614589428516
rf_010_016	0.000150536284955566	0.000451867161617559	0.000227553475066641
Master_madelantopesos_rank	0.00015045286885846	8.70796054420036e-05	0.000390091671542813
cseguro_vida_lag2	0.000150318146892737	0.00101391164600525	0.000227553475066641
mextraccion_autoservicio_rank	0.00015016020295046	0.000521594303807282	0.000585137507314219
mplazo_fijo_dolares_rank_lag2	0.00014925345284316	0.00152178524361993	0.000357584032247578
rf_004_017	0.00014653676182207	0.000209545995983519	0.000195045835771406
vm_status05_delta1	0.00014644691413139	2.50151248673884e-05	3.25076392952344e-05
rf_002_020	0.000146322015967972	0.00043929873470385	0.000357584032247578
Visa_mpagosdolares_rank_lag2	0.000145851985995658	0.000161007455265458	0.00052012222872375
ctarjeta_debito_delta2	0.000144616731536537	0.000521970605070679	9.75229178857031e-05
rf_012_025	0.000143844408121953	0.000714556846012102	0.000292568753657109
rf_003_015	0.000143637781218094	0.000455280688643097	0.000390091671542813
rf_007_028	0.000143513926268715	0.000563300586120179	0.000292568753657109
mextraccion_autoservicio_rank_delta1	0.000143410921495302	0.000580480600012418	0.000390091671542813
mpagomiscuentas_rank_delta1	0.000143327388423143	0.000621084882399478	0.000260061114361875
Master_cconsumos_delta1	0.000143223213221083	0.000154471403996368	0.000487614589428516
vm_mconsumospesos_rank_delta1	0.000142452297033341	0.000498155833600456	0.000422599310838047
rf_008_018	0.000141400030684657	0.000421604724688354	0.000422599310838047
rf_006_015	0.000141395798696763	0.00036011766278936	0.000260061114361875
Master_Fvencimiento_delta1	0.000141255783965896	9.77973993256911e-05	0.000390091671542813
rf_005_015	0.000141126287903055	0.000411647119339115	0.000422599310838047
Visa_cadelantosefectivo_tend6	0.00014100629021453	0.000186393412413982	0.000487614589428516
Visa_madelantodolares_rank	0.000140047259289689	7.75634880963517e-05	0.000292568753657109
rf_008_010	0.000139457431062839	0.000474259909490214	9.75229178857031e-05
vm_msaldototal_rank_lag1	0.000138005806864635	0.000962426999826293	0.00052012222872375
cmobile_app_trx_lag1	0.000137694035459348	0.00123951580884213	0.000357584032247578
mtransferencias_emitidas_rank_delta1	0.000137431361976167	0.000906282339712964	0.000455106950133281
active_quarter_lag1	0.000135319682340391	0.000174778529020508	0.000325076392952344
matm_rank_tend6	0.000134974109959368	0.000475428772134676	0.000292568753657109
Master_mpagospesos_rank_lag1	0.000134017659673729	0.000270085953647845	0.000585137507314219
Visa_mpagosdolares_rank_lag1	0.000133945795354756	0.000194823760361801	0.000487614589428516
rf_009_023	0.000133807512939662	0.000491374383804697	0.000325076392952344
vm_status01_delta2	0.000132152737861496	9.76800808352274e-05	6.50152785904688e-05
vm_status04_delta2	0.000132039452845732	0.00099199514063637	0.000260061114361875
Visa_madelantopesos_rank_delta2	0.000131618861277694	6.41042345396401e-05	0.000260061114361875
vm_mconsumospesos_rank_lag1	0.000131454397472297	0.000126783799199972	0.000357584032247578
mcheques_emitidos_rank_lag2	0.000131289504283691	0.000851483049236141	0.000195045835771406
mtarjeta_master_consumo_rank_delta2	0.00013047612093016	0.000349199192540406	0.000357584032247578
rf_014_028	0.000130424800007363	0.00107146950877702	0.000357584032247578
ctarjeta_debito_lag2	0.000130349919427309	0.00129566567330954	0.000325076392952344
Visa_fechaalta_delta2	0.000129913335979367	0.000337460815999075	0.000325076392952344
vmr_mconsumospesos_delta1	0.000129738102602932	0.00032978633432553	0.000357584032247578
Master_cadelantosefectivo	0.000129685221911042	0.000350242709639793	0.00052012222872375
Visa_msaldodolares_rank	0.000128933000811918	0.00048718337920401	0.000292568753657109
matm_other_rank_lag2	0.000128547884895507	0.000396002478112299	0.000390091671542813
mpayroll_sobre_edad_rank_lag2	0.000128080912888424	0.0004416361953646	0.000292568753657109
rf_019_015	0.000127822430977408	0.000182701849386984	0.000227553475066641
mautoservicio_rank_delta1	0.000127204207853193	0.000680281146405733	0.000357584032247578
vm_mconsumototal_rank_delta1	0.000127064723137987	0.000272166989608011	0.000357584032247578
mplazo_fijo_dolares_rank_tend6	0.000126287128861414	0.000762554839580116	0.000162538196476172
Master_mpagospesos_rank_delta1	0.000126099118789438	0.000628572801210368	0.00052012222872375
ctarjeta_visa_delta2	0.000125912323702586	0.000209536822206822	6.50152785904688e-05
Master_status_tend6	0.000125878952245684	0.000362657122956247	0.000227553475066641
matm_other_rank_tend6	0.00012526322757298	0.00100916192311991	0.000325076392952344
Master_cadelantosefectivo_lag2	0.00012525138193317	0.000127390415184122	0.000455106950133281
ctransferencias_recibidas_lag2	0.000124562462511317	0.00131206000615324	0.000325076392952344
vm_cconsumos_delta2	0.000123704646811104	0.000377233724872887	6.50152785904688e-05
mv_status07_rank_delta2	0.000122900592980943	0.00099814474656206	0.000357584032247578
mcuenta_debitos_automaticos_rank_lag1	0.000122650467903348	0.000491974119456323	0.000325076392952344
vmr_msaldodolares2_tend6	0.000119621166918417	0.00118658593999568	0.000357584032247578
mpayroll_sobre_edad_rank_lag1	0.000119101663686652	0.000989041360958423	0.000292568753657109
mpayroll_rank_lag1	0.000118619458476125	0.000715345526179948	0.000292568753657109
Visa_mpagosdolares_rank_delta1	0.000118016834839846	0.000109678939709144	0.000390091671542813
rf_010_018	0.000117387568626403	0.000813285030835066	0.000325076392952344
Master_Fvencimiento_delta2	0.000117231761924302	0.000106756386155727	0.000227553475066641
active_quarter	0.000116729698893129	0.000190759777284624	0.000422599310838047
Master_mconsumospesos_rank_lag1	0.000116648232939688	0.000375467420020973	0.000455106950133281
tcuentas_lag1	0.000116053241450946	0.000647733998031791	0.000162538196476172
rf_003_017	0.000114417791600924	0.000427441540112403	0.000292568753657109
vm_status06_delta2	0.000113566769269305	0.000242520607067828	3.25076392952344e-05
Visa_madelantopesos_rank_tend6	0.000112767145436983	0.000116500083731001	0.000357584032247578
vmr_mpagado_lag2	0.000112708066864283	0.000537824390764329	0.000325076392952344
vm_mpagospesos_rank	0.000110850433852377	9.33228897412829e-05	0.000325076392952344
rf_020_019	0.000109088792798395	0.000232077409019339	0.000292568753657109
minversion2_rank	0.000108794252199877	0.000735756826495245	9.75229178857031e-05
matm_other_rank_delta2	0.000107446166452574	0.000461213475884908	0.000292568753657109
Master_madelantopesos_rank_lag2	0.000107338927656919	0.000145518591823724	0.000422599310838047
vm_mconsumosdolares_rank_tend6	0.000107329413685929	0.000408921096309573	0.000260061114361875
vm_mconsumototal_rank_lag1	0.000107201144471008	0.000206888070604081	0.000357584032247578
rf_007_025	0.000107080919884786	0.000277259229559876	0.000260061114361875
ctarjeta_master_transacciones_delta2	0.000106175139937213	0.000637167483254228	0.000162538196476172
rf_020_027	0.00010597046831375	0.000365712078806044	0.000292568753657109
ccajeros_propios_descuentos_delta1	0.000105903957451326	0.000173872001105849	0.000162538196476172
ccajas_otras_tend6	0.000105623343724631	0.00158972879191704	0.000292568753657109
rf_017_022	0.000104994134032177	0.000725875434060111	0.000195045835771406
cseguro_accidentes_personales	0.000103759144648698	0.000535433651631218	0.000260061114361875
vmr_mpagado_delta2	0.000103196252284291	0.00074395809465379	0.000260061114361875
vmr_mconsumosdolares	0.000101699559123868	0.000598035239189618	0.000260061114361875
rf_013_015	0.000101429454029079	0.000177500670836832	0.000162538196476172
cliente_vip_delta2	0.000100588870890261	0.000501978652201747	0.000195045835771406
matm_rank_delta2	0.00010025880078921	0.000460456551097939	0.000325076392952344
rf_003_009	0.000100244784397566	0.000387774747136357	9.75229178857031e-05
rf_016_017	9.93986450454411e-05	0.000525976722787146	0.000292568753657109
Master_cconsumos_delta2	9.83671320716288e-05	0.00013078065493035	0.000390091671542813
Master_madelantodolares_rank	9.79144297665148e-05	0.000147842997494559	0.000422599310838047
vmr_Visa_mlimitecompra_delta2	9.77853139912669e-05	0.000196267483469635	0.000195045835771406
ccaja_ahorro_delta1	9.77334999423321e-05	0.000496512316221268	9.75229178857031e-05
Visa_cadelantosefectivo	9.75080662302029e-05	7.78978016894777e-05	0.000227553475066641
rf_010_010	9.74690120913123e-05	0.000563676005289663	0.000162538196476172
rf_019_028	9.73423025437664e-05	0.000345152674922712	0.000130030557180938
mttarjeta_master_debitos_automaticos_rank_delta2	9.70834617736315e-05	0.00093363007372458	0.000292568753657109
mcheques_depositados_rank_delta2	9.6971760837427e-05	0.000277072931325395	6.50152785904688e-05
ccajas_depositos	9.6598837586817e-05	0.000735756826495245	9.75229178857031e-05
vmr_mconsumosdolares_tend6	9.65831416368444e-05	0.000635829699625376	0.000260061114361875
ctarjeta_visa_transacciones_lag1	9.56495307133797e-05	0.000445723112883522	0.000227553475066641
vm_Finiciomora_delta1	9.53998320352828e-05	0.000623736985959088	9.75229178857031e-05
rf_019_026	9.43969268534332e-05	0.000299121662571878	0.000195045835771406
rf_012_020	9.43063180450736e-05	0.000207216385958597	0.000260061114361875
ctarjeta_visa_transacciones_delta1	9.42941602344478e-05	0.00121130185860769	0.000227553475066641
mcajeros_propios_descuentos_rank_delta1	9.37418329212179e-05	0.000229966734703688	0.000227553475066641
Master_mconsumosdolares_rank_lag1	9.36100120046249e-05	7.92164438804116e-05	0.000292568753657109
cforex_sell_tend6	9.29124956622929e-05	0.00137201240106194	0.000227553475066641
cextraccion_autoservicio_lag2	9.1627173507016e-05	0.000477460410835699	0.000260061114361875
Master_mpagosdolares_rank_lag1	9.16036264796753e-05	0.000115390056750553	0.000390091671542813
cprestamos_personales_lag2	9.15365006844824e-05	0.00135430612994105	0.000227553475066641
rf_004_025	9.04673831130759e-05	2.52833696264111e-05	6.50152785904688e-05
rf_010_007	9.01902126233585e-05	0.000605672849337589	0.000130030557180938
rf_004_020	8.98030380816353e-05	0.000407322036463614	0.000227553475066641
rf_018_017	8.97328313500243e-05	0.0003591531813046	0.000292568753657109
Master_mpagado_rank_lag2	8.92570533253164e-05	0.000404066139620376	0.000260061114361875
mttarjeta_master_debitos_automaticos_rank_tend6	8.91517679113314e-05	0.00142489331369621	0.000292568753657109
vm_status04_tend6	8.89683051873311e-05	9.2385929586617e-05	3.25076392952344e-05
cmobile_app_trx	8.86416175301356e-05	0.000515358340887483	0.000162538196476172
vm_status01_lag2	8.81738391072075e-05	0.000721711421533171	0.000162538196476172
ccajas_consultas_delta2	8.80601974022951e-05	0.000558029016475748	0.000130030557180938
rf_013_017	8.79685719620533e-05	0.000314294383555099	0.000195045835771406
Visa_Fvencimiento_delta2	8.77199897345506e-05	0.00023379299347124	0.000195045835771406
Master_mpagosdolares_rank_delta2	8.75180126060072e-05	0.000261761015922661	0.000325076392952344
vm_fechaalta_delta2	8.74828801490146e-05	0.000122148483895177	0.000195045835771406
rf_013_022	8.73523145612238e-05	0.000380843253165951	0.000260061114361875
ccomisiones_mantenimiento	8.70922982087576e-05	0.000728676699700455	9.75229178857031e-05
catm_trx_other_tend6	8.7048054920886e-05	0.000879932871382986	0.000260061114361875
vm_status03	8.57814343980488e-05	3.90472102113718e-05	6.50152785904688e-05
ccajas_depositos_tend6	8.53343132948259e-05	0.00133548992004911	0.000195045835771406
Visa_delinquency_lag2	8.4935479493544e-05	0.000246450952917145	0.000195045835771406
vm_cconsumos	8.43027048083398e-05	0.000388729172750505	0.000130030557180938
matm_rank_lag1	8.42795137750776e-05	0.00057203772633103	0.000227553475066641
Master_madelantodolares_rank_delta2	8.33886003056805e-05	4.61589159682566e-05	0.000195045835771406
ctarjeta_visa_descuentos_tend6	8.31279934495836e-05	0.000882801970045259	0.000162538196476172
mtarjeta_visa_descuentos_rank_delta1	8.29921513036272e-05	0.00019031449627721	0.000195045835771406
vm_status03_delta2	8.0823651086642e-05	0.000389054665404499	9.75229178857031e-05
ccajas_otras_delta2	7.97858934419995e-05	0.00037191919725488	9.75229178857031e-05
Master_mconsumosdolares_rank_delta1	7.93312282954936e-05	6.88336692649807e-05	0.000292568753657109
rf_003_019	7.86226981246499e-05	0.000213644557142096	0.000162538196476172
ccajas_consultas_lag2	7.84445252498938e-05	0.000345511687145409	0.000162538196476172
vmr_mpagado_lag1	7.84199345846912e-05	0.000417056031005841	0.000227553475066641
Visa_madelantopesos_rank_delta1	7.79196402163217e-05	2.28739301023385e-05	9.75229178857031e-05
rf_017_013	7.70842106253821e-05	0.000617520693733555	0.000227553475066641
mtarjeta_master_consumo_rank_lag1	7.67524000711632e-05	0.000129170833538648	0.000162538196476172
Master_delinquency_tend6	7.65943718602272e-05	0.000105328011481984	0.000162538196476172
mprestamos_prendarios_rank_lag2	7.63636230051176e-05	0.000790372994275675	0.000162538196476172
Master_mpagado_rank_lag1	7.60339836435085e-05	0.000625324578584176	0.000227553475066641
Master_msaldodolares_rank_tend6	7.58835701355687e-05	9.75616156226764e-05	0.000227553475066641
vmr_Master_mlimitecompra_delta1	7.51819216240548e-05	0.000625730959250015	0.000227553475066641
ccaja_seguridad_tend6	7.49820075285792e-05	0.0017167659284889	0.000227553475066641
rf_016_016	7.48723797293748e-05	0.000285398662935101	9.75229178857031e-05
mtarjeta_visa_consumo_rank_lag1	7.43458702005138e-05	9.91816693037717e-05	0.000292568753657109
ctransferencias_emitidas_lag2	7.41685718244739e-05	0.000940858568715581	0.000195045835771406
Master_msaldodolares_rank_lag2	7.38811492681344e-05	6.46498096249921e-05	0.000195045835771406
rf_016_018	7.36649432941256e-05	0.000383328023510216	0.000195045835771406
rf_012_019	7.33762664939698e-05	0.000197777892877312	0.000162538196476172
Master_mpagado_rank_delta1	7.27130698863047e-05	0.000565178299433338	0.000227553475066641
mtarjeta_master_descuentos_rank_delta1	7.22862575510344e-05	0.000153502335623259	0.000195045835771406
Visa_madelantopesos_rank	7.18348129057473e-05	7.21229974675313e-05	0.000227553475066641
rf_006_017	7.17483198646328e-05	0.000302380646743812	0.000195045835771406
vm_mpagado_rank_lag2	7.16884644419572e-05	0.000283815745407754	0.000162538196476172
rf_001_017	7.13775436656941e-05	0.000588184014366318	0.000292568753657109
vmr_Master_mlimitecompra_delta2	7.13055425028619e-05	0.000315490326482699	0.000227553475066641
mplazo_fijo_dolares_rank_lag1	7.09716391462718e-05	0.000358854945352527	0.000130030557180938
minversion2_rank_lag2	7.03806809065031e-05	0.000216691662356065	3.25076392952344e-05
mv_status07_rank	7.00603545222271e-05	0.00044538844645283	0.000195045835771406
cproductos_delta1	6.96886410310074e-05	0.00049050455099683	6.50152785904688e-05
vmr_mconsumosdolares_lag1	6.96129795322802e-05	0.000254474743780342	0.000195045835771406
cextraccion_autoservicio_delta2	6.91987194000468e-05	0.0009373570087175	0.000227553475066641
cplazo_fijo	6.91920212389742e-05	0.000735756826495245	9.75229178857031e-05
vm_mpagado_rank_delta2	6.91263212001502e-05	0.000726297780625781	0.000195045835771406
mtarjeta_master_consumo_rank_delta1	6.84499645938531e-05	0.000826019644242033	0.000195045835771406
rf_011_025	6.76180298784436e-05	0.000601262467980675	0.000227553475066641
mtarjeta_visa_descuentos_rank_delta2	6.7444427947989e-05	0.00010730866515482	0.000195045835771406
Master_delinquency_delta2	6.71609187666234e-05	0.00052338019114407	0.000130030557180938
ctarjeta_visa_lag2	6.60922129813098e-05	0.000858545710571449	0.000130030557180938
rf_020_021	6.59452095843688e-05	6.8761513982876e-05	0.000292568753657109
vmr_mconsumototal_delta1	6.5735364612033e-05	0.000284183931407149	0.000227553475066641
ctarjeta_debito_delta1	6.50065396424314e-05	0.00122626137749207	0.000162538196476172
rf_005_017	6.48802445595376e-05	0.000315087209564338	0.000162538196476172
vm_status06_lag1	6.48670229201386e-05	5.15743551299404e-05	6.50152785904688e-05
rf_020_018	6.4315939543358e-05	0.000691268067142357	0.000130030557180938
ctransferencias_emitidas_delta1	6.42930240965398e-05	0.00118497550113824	0.000162538196476172
ccheques_depositados_tend6	6.40714764652053e-05	0.000453130320101349	9.75229178857031e-05
Master_mpagado_rank_delta2	6.36761520511412e-05	0.000377246691653412	0.000130030557180938
vm_status02_tend6	6.33467535564242e-05	0.000225578582113388	9.75229178857031e-05
matm_rank	6.26596452135461e-05	0.000752176122596686	0.000292568753657109
vmr_mpagosdolares_delta2	6.25017409622606e-05	0.000474352176513541	0.000162538196476172
minversion1_pesos_rank	6.24746743590054e-05	0.000245252275498415	3.25076392952344e-05
ccajeros_propios_descuentos_delta2	6.24626101284222e-05	9.1131680251351e-05	0.000162538196476172
vm_status02_delta1	6.22920961698418e-05	7.11219972947626e-05	0.000162538196476172
vmr_Visa_mlimitecompra_delta1	6.18658084253027e-05	0.000201286597836091	9.75229178857031e-05
ccajeros_propios_descuentos_tend6	6.1046820847834e-05	0.00141608666448499	0.000195045835771406
rf_012_022	6.08460810780123e-05	0.000367878325038231	0.000130030557180938
ctarjeta_master_descuentos_delta1	6.08154711817268e-05	0.000129485476437508	0.000130030557180938
mttarjeta_master_debitos_automaticos_rank	6.0796472263123e-05	0.00102685910867349	0.000162538196476172
ctarjeta_debito_transacciones_lag1	6.0704082882543e-05	0.000293186405467109	0.000227553475066641
mcuenta_debitos_automaticos_rank_delta1	6.05803878075462e-05	0.000531122417630154	0.000195045835771406
Master_msaldodolares_rank_lag1	6.03743429986763e-05	3.38698481968772e-05	0.000130030557180938
Visa_mpagado_rank_delta1	6.01633726246117e-05	9.56502063220309e-05	0.000162538196476172
vm_msaldodolares_rank_tend6	6.00969964360746e-05	0.0012806609912168	0.000227553475066641
cpayroll_trx_delta2	5.93812403940925e-05	0.000769819235793387	0.000130030557180938
vm_status03_lag1	5.92580475574199e-05	3.15288591604736e-05	0.000130030557180938
Master_madelantodolares_rank_lag2	5.89634384606845e-05	8.51988048001483e-05	0.000260061114361875
mcheques_emitidos_rank_delta1	5.88727036583256e-05	0.000977016127476501	0.000130030557180938
rf_002_018	5.86467287416171e-05	0.000162502163401479	6.50152785904688e-05
matm_other_rank_lag1	5.86084471805703e-05	0.00024974389770474	0.000130030557180938
vmr_msaldodolares2_lag2	5.81632969544169e-05	0.000606709750732627	0.000162538196476172
Visa_cadelantosefectivo_delta1	5.79640295105975e-05	4.91136659495073e-05	0.000227553475066641
vm_status02_lag1	5.72671781290604e-05	5.16189890819514e-05	0.000195045835771406
rf_011_026	5.71939464564807e-05	0.000105968058825446	0.000260061114361875
Master_mpagado_rank	5.70026771225854e-05	0.000632280241927805	0.000195045835771406
rf_004_024	5.66874469175526e-05	0.00134878395741587	0.000195045835771406
cforex_buy_tend6	5.65701751207298e-05	0.00147151365299049	0.000195045835771406
vm_fultimo_cierre_delta2	5.64673591348814e-05	0.000132074069235364	0.000260061114361875
Master_mpagosdolares_rank_delta1	5.62491217958337e-05	5.28914977612218e-05	0.000292568753657109
rf_015_024	5.61986284461077e-05	0.000440280593438701	0.000130030557180938
rf_001_021	5.57487733646461e-05	0.000266507827898093	0.000357584032247578
rf_006_020	5.56402965491059e-05	0.000678489260830335	0.000162538196476172
ctarjeta_visa_debitos_automaticos_lag2	5.51716645134421e-05	0.000577794182999581	0.000162538196476172
active_quarter_tend6	5.50428685378178e-05	0.00115755093674678	0.000195045835771406
Visa_cadelantosefectivo_lag1	5.477599507383e-05	4.66885251537786e-05	0.000227553475066641
mtarjeta_master_consumo_rank	5.42474528236975e-05	0.000942855452916421	0.000195045835771406
vm_mconsumosdolares_rank	5.41222771751095e-05	7.05828614949775e-05	0.000130030557180938
cmobile_app_trx_delta1	5.39945745941269e-05	0.00128316331522994	0.000195045835771406
Visa_madelantopesos_rank_lag2	5.3508148245566e-05	4.44877008401922e-05	0.000227553475066641
ccaja_ahorro_lag2	5.29880629188125e-05	0.000241720724307283	0.000130030557180938
vm_Finiciomora_lag2	5.28799353839999e-05	0.000675722220433826	9.75229178857031e-05
vmr_mpagosdolares_tend6	5.28105312707826e-05	0.000312418610848549	9.75229178857031e-05
ctarjeta_master_transacciones_lag2	5.23831167682821e-05	0.000785994103671464	0.000162538196476172
cpagomiscuentas_delta2	5.04357619240719e-05	0.000627967861204654	9.75229178857031e-05
cforex_tend6	4.98114276162101e-05	0.00106547382823919	0.000162538196476172
Visa_delinquency_delta1	4.97250469982934e-05	0.000273051553384229	9.75229178857031e-05
vm_mconsumosdolares_rank_delta2	4.95846631009399e-05	0.000165545652030404	0.000130030557180938
mv_status07_rank_lag1	4.94384403514261e-05	0.00136910801864314	0.000260061114361875
vm_status05	4.91407280591067e-05	4.08194250925046e-05	9.75229178857031e-05
vmr_msaldodolares2_delta2	4.83892624153915e-05	0.000488197522576087	0.000130030557180938
Master_madelantodolares_rank_delta1	4.81819698726212e-05	3.0493810162653e-05	0.000130030557180938
mcajeros_propios_descuentos_rank_delta2	4.80928301353059e-05	0.00013409459355308	9.75229178857031e-05
cseguro_vida_delta2	4.80608279307356e-05	0.000896983129260583	0.000130030557180938
cprestamos_personales_delta1	4.78580424198104e-05	0.00049050455099683	6.50152785904688e-05
Visa_madelantodolares_rank_lag2	4.77830596052557e-05	3.29081894126399e-05	0.000162538196476172
mforex_sell_rank_delta2	4.76245339028092e-05	0.000238899346925717	9.75229178857031e-05
rf_015_027	4.75760941603352e-05	0.000504885857321073	0.000162538196476172
ccajas_extracciones_lag2	4.74601064444437e-05	0.000369077355294527	9.75229178857031e-05
Visa_madelantodolares_rank_lag1	4.72613543689745e-05	2.97704931537789e-05	0.000162538196476172
vmr_mpagado	4.72186959744027e-05	0.000182026959333948	9.75229178857031e-05
rf_018_023	4.71813496712882e-05	0.000317394414403864	9.75229178857031e-05
Visa_status_lag1	4.69067093350176e-05	4.41906998195972e-05	6.50152785904688e-05
mcheques_depositados_rank_tend6	4.6873143665621e-05	0.000781617859348993	0.000130030557180938
Master_status	4.66595148046093e-05	4.79033448911217e-05	0.000130030557180938
cseguro_vivienda_tend6	4.66202133567223e-05	0.000413485226635569	6.50152785904688e-05
ccallcenter_transacciones_lag2	4.65761737749723e-05	0.000449986272766312	0.000162538196476172
vm_mpagado_rank_lag1	4.65617296275975e-05	0.000250764303943601	0.000162538196476172
rf_003_026	4.64906719957158e-05	0.000725623596247875	9.75229178857031e-05
Visa_cadelantosefectivo_delta2	4.54542339652961e-05	8.7270666983616e-05	0.000162538196476172
cseguro_accidentes_personales_lag2	4.5240712789145e-05	0.000413260821944035	9.75229178857031e-05
cinversion1_lag2	4.52247249779383e-05	0.000217826035128519	3.25076392952344e-05
Visa_msaldodolares_rank_lag1	4.52161904780604e-05	7.56804822197133e-05	0.000130030557180938
rf_008_014	4.50463006576767e-05	0.000259346548463283	0.000130030557180938
rf_009_017	4.48374864220411e-05	0.000269237820350245	0.000130030557180938
cseguro_vivienda_lag2	4.34773875741201e-05	0.000181294997804724	6.50152785904688e-05
catm_trx_other_lag2	4.32778765509436e-05	3.7782993214886e-05	9.75229178857031e-05
Visa_Fvencimiento_delta1	4.31642991314518e-05	4.91427750486449e-05	0.000130030557180938
mforex_sell_rank_lag2	4.29149536162979e-05	0.000341418330340921	0.000130030557180938
rf_010_014	4.27591897711444e-05	0.000227526333683259	0.000130030557180938
Master_status_delta1	4.25578109445685e-05	4.96244865346768e-05	9.75229178857031e-05
Master_madelantopesos_rank_delta1	4.23816178980164e-05	1.70435539638567e-05	9.75229178857031e-05
minversion2_rank_lag1	4.19678131886566e-05	0.000959801006246514	0.000130030557180938
mv_status07_rank_tend6	4.16130680647413e-05	9.98697025561153e-05	6.50152785904688e-05
mpayroll_rank_lag2	4.10938762239589e-05	0.000262527114486329	0.000162538196476172
minversion1_pesos_rank_tend6	4.10744115751145e-05	0.000322782949701193	6.50152785904688e-05
cseguro_auto	4.08359614893752e-05	0.000981009101993659	0.000130030557180938
ctarjeta_visa	4.04116326870594e-05	0.000206567341257219	6.50152785904688e-05
Visa_msaldodolares_rank_delta2	4.01775201041026e-05	0.000319568952318835	0.000162538196476172
mprestamos_hipotecarios_rank_tend6	4.0115561164819e-05	0.000701161985311058	9.75229178857031e-05
matm_other_rank_delta1	3.99599074457445e-05	0.000462316181485876	9.75229178857031e-05
ctarjeta_debito_transacciones	3.98677953892815e-05	5.02842927817961e-05	6.50152785904688e-05
ccheques_depositados_lag2	3.95617853952788e-05	0.000289205427427171	9.75229178857031e-05
mcajeros_propios_descuentos_rank_lag2	3.93260277022991e-05	8.19485533579552e-05	6.50152785904688e-05
vmr_mconsumosdolares_delta2	3.90841376684459e-05	6.28443398033293e-05	9.75229178857031e-05
mtarjeta_master_descuentos_rank_lag2	3.875539938771e-05	0.000115285263993657	9.75229178857031e-05
cinversion1	3.85076157099035e-05	0.00122626137749207	0.000162538196476172
Visa_msaldodolares_rank_lag2	3.84108626258245e-05	7.91262938824764e-05	0.000162538196476172
rf_005_006	3.81211908935065e-05	0.000436581267985266	6.50152785904688e-05
rf_015_022	3.77695526270028e-05	0.000604028097026922	0.000130030557180938
cprestamos_hipotecarios_lag1	3.64079670770151e-05	0.000735756826495245	9.75229178857031e-05
mv_status07_rank_delta1	3.63255534391618e-05	0.00109439345360424	0.000162538196476172
cplazo_fijo_lag2	3.5749712038088e-05	0.000979628625019406	0.000162538196476172
ctarjeta_debito_lag1	3.55931783953674e-05	0.000479995548742411	6.50152785904688e-05
ccuenta_debitos_automaticos_tend6	3.54313760606295e-05	0.000860355414443895	0.000130030557180938
cprestamos_personales_lag1	3.49705418193495e-05	0.000880300175288468	0.000130030557180938
ccajas_extracciones_delta2	3.46879073062291e-05	0.000585956815444725	9.75229178857031e-05
Master_cadelantosefectivo_delta2	3.45526483402477e-05	0.000163327450466726	0.000162538196476172
cprestamos_prendarios_delta2	3.41879663720491e-05	0.000409475933381015	6.50152785904688e-05
rf_012_021	3.40825578121531e-05	0.000203692156146945	6.50152785904688e-05
rf_017_014	3.38598948152104e-05	0.000109334040989059	9.75229178857031e-05
rf_012_026	3.36540805658655e-05	0.000487658827823258	0.000130030557180938
vmr_msaldodolares2	3.35304637709133e-05	0.000573847165575303	9.75229178857031e-05
mcaja_ahorro_adicional_rank	3.33221844333758e-05	0.000441742223052974	6.50152785904688e-05
vm_msaldodolares_rank_lag2	3.32506963332985e-05	0.000597512863174184	0.000130030557180938
cpayroll_trx_tend6	3.32273729317442e-05	0.00024043145584366	9.75229178857031e-05
catm_trx_lag2	3.25289834469286e-05	0.000589478222555854	0.000162538196476172
mforex_buy_rank_lag2	3.24097209720419e-05	8.73078913467556e-06	3.25076392952344e-05
matm_rank_delta1	3.23252824790656e-05	0.000416853855080922	0.000130030557180938
ccomisiones_mantenimiento_lag2	3.19446384680779e-05	0.00032189803308741	9.75229178857031e-05
mcheques_emitidos_rechazados_rank_lag1	3.15599135534967e-05	0.00122383650132452	0.000162538196476172
mprestamos_prendarios_rank_tend6	3.12736003953425e-05	0.00144888335722699	0.000195045835771406
mforex_buy_rank_tend6	3.03336309114233e-05	0.00119761784752188	0.000162538196476172
Visa_madelantopesos_rank_lag1	3.01384869568978e-05	2.68892215955029e-05	9.75229178857031e-05
ctarjeta_master_transacciones_delta1	3.01310843686646e-05	0.000893821704675455	0.000130030557180938
ctarjeta_master_debitos_automaticos_tend6	2.96722904435581e-05	0.00039677210505162	6.50152785904688e-05
vmr_msaldodolares2_delta1	2.9527312444233e-05	0.000460062872584451	9.75229178857031e-05
ctarjeta_master_descuentos_tend6	2.94827450167939e-05	0.000421941331725655	6.50152785904688e-05
rf_007_024	2.93611153737011e-05	0.000161347237840847	6.50152785904688e-05
rf_018_026	2.90154344940784e-05	0.000449934493853604	9.75229178857031e-05
mprestamos_prendarios_rank_delta2	2.89508376825816e-05	4.76895253265472e-06	3.25076392952344e-05
rf_008_015	2.88943842335098e-05	0.00011565662553114	9.75229178857031e-05
catm_trx_delta2	2.85819207427776e-05	0.000168688640852745	6.50152785904688e-05
cliente_edad_delta2	2.85669121314361e-05	0.000154059289720092	6.50152785904688e-05
ctarjeta_visa_delta1	2.84767313500536e-05	0.000202005504375398	6.50152785904688e-05
mtarjeta_master_descuentos_rank_delta2	2.84747913950852e-05	6.12431629319778e-05	9.75229178857031e-05
ccajas_otras_lag2	2.84581824293934e-05	0.000323527613382768	6.50152785904688e-05
vm_Fvencimiento_delta1	2.80124731642033e-05	5.42098753239818e-05	9.75229178857031e-05
ctarjeta_visa_descuentos_delta2	2.76146291414001e-05	0.000142266752612487	9.75229178857031e-05
ctarjeta_visa_descuentos_lag1	2.737260402679e-05	3.15726110185713e-05	3.25076392952344e-05
rf_014_021	2.72695195069065e-05	0.000332691422419464	6.50152785904688e-05
Visa_madelantodolares_rank_delta2	2.71387028126683e-05	2.50413230566123e-05	0.000130030557180938
rf_003_027	2.6933842740699e-05	0.000411737092918268	9.75229178857031e-05
vm_mpagosdolares_rank_lag1	2.63351615705806e-05	0.000566454160069479	9.75229178857031e-05
ccheques_emitidos_lag2	2.61341852738108e-05	0.000120527107073211	6.50152785904688e-05
Master_madelantopesos_rank_lag1	2.60678094073788e-05	3.37674370935476e-05	0.000130030557180938
ctarjeta_master_descuentos_lag2	2.58159762397142e-05	0.000380333314674695	6.50152785904688e-05
mtarjeta_visa_descuentos_rank_lag1	2.58013045165259e-05	4.76202809543563e-05	6.50152785904688e-05
ccaja_seguridad_delta2	2.55664796402599e-05	0.00059050427419576	9.75229178857031e-05
vmr_msaldodolares2_lag1	2.54926835037136e-05	8.86149781074258e-05	6.50152785904688e-05
mttarjeta_master_debitos_automaticos_rank_lag2	2.5385054519968e-05	0.000401718975926579	9.75229178857031e-05
ccajas_depositos_lag1	2.50881117539694e-05	0.000482925600094091	6.50152785904688e-05
Visa_msaldodolares_rank_delta1	2.50880089515458e-05	7.54652513048776e-05	9.75229178857031e-05
Master_Finiciomora	2.49886510873267e-05	0.000203542200181691	3.25076392952344e-05
ctarjeta_master_descuentos_lag1	2.49620689303206e-05	0.000292692962132031	6.50152785904688e-05
mcheques_depositados_rank	2.47471288637277e-05	0.000245252275498415	3.25076392952344e-05
cpagomiscuentas	2.46351268439081e-05	0.000452580510965213	6.50152785904688e-05
mv_status07_rank_lag2	2.45925742354714e-05	0.000221661026625812	9.75229178857031e-05
vm_status03_tend6	2.41590821838906e-05	0.000711567076902495	9.75229178857031e-05
vmr_msaldodolares_tend6	2.40350200021854e-05	0.000399855464325424	9.75229178857031e-05
rf_020_009	2.38155555439714e-05	0.000102424334738311	6.50152785904688e-05
vmr_mpagosdolares_lag2	2.28829156829768e-05	0.000348504278955539	6.50152785904688e-05
Master_msaldodolares_rank_delta2	2.28036655930538e-05	3.36101597488131e-05	6.50152785904688e-05
vm_msaldodolares_rank_delta2	2.2515122246176e-05	0.000397565989573555	9.75229178857031e-05
vm_status03_lag2	2.24025893969558e-05	0.000109719868866719	9.75229178857031e-05
rf_018_018	2.23055718475392e-05	0.000261961868706711	6.50152785904688e-05
Master_Finiciomora_tend6	2.22437772836347e-05	0.000614241333192224	0.000130030557180938
vm_cconsumos_delta1	2.21010112995176e-05	5.71013791716517e-05	6.50152785904688e-05
rf_003_016	2.20689581006053e-05	0.000181044483133358	6.50152785904688e-05
mcheques_depositados_rank_lag1	2.20263528703476e-05	0.000185698587038506	3.25076392952344e-05
matm_other_rank	2.20243407638102e-05	0.000591264374520817	9.75229178857031e-05
ctarjeta_master_debitos_automaticos_delta2	2.20203583226962e-05	0.000439360393068387	6.50152785904688e-05
ccajeros_propios_descuentos	2.15395456917007e-05	1.68557561697234e-05	3.25076392952344e-05
vm_fechaalta_delta1	2.11217490475995e-05	2.19028329132293e-05	6.50152785904688e-05
vm_mpagosdolares_rank_delta2	2.08757816363574e-05	0.000519133261789284	9.75229178857031e-05
vmr_mconsumosdolares_delta1	2.06843955308438e-05	0.00039487172192489	6.50152785904688e-05
cplazo_fijo_delta2	2.05557780354165e-05	0.000194281360814536	3.25076392952344e-05
ccajas_consultas	2.02206301998841e-05	0.000245252275498415	3.25076392952344e-05
vm_mpagado_rank_delta1	2.00188314837261e-05	0.00049050455099683	6.50152785904688e-05
cforex_buy_delta2	1.99890486180193e-05	0.000245252275498415	3.25076392952344e-05
vm_status05_lag2	1.96295954007908e-05	0.000177161682145965	0.000130030557180938
mcheques_emitidos_rechazados_rank_lag2	1.96079971947885e-05	0.00012151946272563	3.25076392952344e-05
Master_status_lag2	1.95421515644055e-05	0.000177142893545613	3.25076392952344e-05
ccajeros_propios_descuentos_lag1	1.93971583752764e-05	6.7638432012512e-05	3.25076392952344e-05
mtarjeta_master_descuentos_rank_lag1	1.89436244622991e-05	4.63176046632523e-05	6.50152785904688e-05
cpagomiscuentas_lag2	1.8864280521087e-05	0.000179948922493088	3.25076392952344e-05
internet_delta2	1.84019186195186e-05	0.000387232082960918	6.50152785904688e-05
rf_012_017	1.79502752946467e-05	0.000116257419695462	3.25076392952344e-05
ccajas_depositos_delta1	1.79312294503984e-05	0.000245252275498415	3.25076392952344e-05
vm_msaldodolares_rank_delta1	1.7481852118788e-05	0.000114206463137739	3.25076392952344e-05
catm_trx_other_delta2	1.74396065613893e-05	0.000153210891794318	6.50152785904688e-05
Master_madelantopesos_rank_delta2	1.70815427365457e-05	1.21668095550015e-05	6.50152785904688e-05
mcaja_ahorro_adicional_rank_delta1	1.67781811933696e-05	0.000705340023131219	9.75229178857031e-05
ccuenta_debitos_automaticos_lag1	1.67279051120901e-05	4.11308924532771e-05	3.25076392952344e-05
ctarjeta_visa_descuentos	1.6608895167695e-05	0.000188775683445526	3.25076392952344e-05
vmr_mpagosdolares_lag1	1.58934464479975e-05	0.00022956449987924	6.50152785904688e-05
rf_009_012	1.55749062219244e-05	0.000647928676158448	9.75229178857031e-05
minversion1_pesos_rank_delta2	1.54654216408719e-05	0.000485445565985495	6.50152785904688e-05
vmr_mpagado_delta1	1.54307419620995e-05	1.71299109579649e-05	6.50152785904688e-05
mprestamos_prendarios_rank_delta1	1.53789336093412e-05	0.000974810187018217	0.000130030557180938
ccheques_depositados_rechazados_delta2	1.53485678349058e-05	8.07848068581899e-06	3.25076392952344e-05
mcaja_ahorro_adicional_rank_lag2	1.51230301675554e-05	0.000330289039646697	6.50152785904688e-05
rf_016_010	1.51159924058648e-05	0.000246811729327669	6.50152785904688e-05
mprestamos_prendarios_rank	1.50389746746373e-05	0.000245252275498415	3.25076392952344e-05
ctransferencias_recibidas	1.47975837343442e-05	0.000245252275498415	3.25076392952344e-05
ccomisiones_mantenimiento_lag1	1.44154006707151e-05	0.000189313848942007	3.25076392952344e-05
vm_mpagosdolares_rank_lag2	1.42669809601741e-05	7.94296459792469e-05	6.50152785904688e-05
mcajeros_propios_descuentos_rank_tend6	1.42607532761559e-05	0.000707260606208563	9.75229178857031e-05
vmr_mpagosdolares_delta1	1.42008414342082e-05	8.37398214676145e-06	3.25076392952344e-05
rf_004_018	1.40509826253611e-05	0.000396120502277894	6.50152785904688e-05
mcheques_depositados_rank_delta1	1.38879325567229e-05	0.000440305556696446	6.50152785904688e-05
ctarjeta_visa_debitos_automaticos	1.30611894993245e-05	0.00049050455099683	6.50152785904688e-05
cextraccion_autoservicio_delta1	1.30549784969661e-05	0.000441969715073204	6.50152785904688e-05
rf_015_017	1.30348221695465e-05	1.91773391400352e-05	3.25076392952344e-05
vm_status04_lag2	1.29543558103172e-05	2.59584360982298e-05	9.75229178857031e-05
cproductos_lag1	1.25726843175872e-05	0.000485830688188025	6.50152785904688e-05
cliente_edad_tend6	1.23079488185129e-05	0.000245252275498415	3.25076392952344e-05
ccallcenter_transacciones_lag1	1.21103392333018e-05	0.000464073665398657	6.50152785904688e-05
ccuenta_debitos_automaticos_delta1	1.17997242874676e-05	0.00049050455099683	6.50152785904688e-05
vmr_msaldodolares_delta2	1.14905637653666e-05	0.000367092555780298	6.50152785904688e-05
rf_001_018	1.09944962312075e-05	3.79610879759734e-05	3.25076392952344e-05
ccheques_depositados_rechazados_tend6	1.07576098815411e-05	0.00049050455099683	6.50152785904688e-05
Master_delinquency_lag2	1.06489108303528e-05	0.000192065099857468	3.25076392952344e-05
cinversion1_tend6	1.05943761790224e-05	0.000245252275498415	3.25076392952344e-05
mcajeros_propios_descuentos_rank_lag1	1.02600572727942e-05	7.09411680425441e-05	3.25076392952344e-05
mcheques_depositados_rechazados_rank_tend6	1.01853923337082e-05	0.00049050455099683	6.50152785904688e-05
rf_011_010	1.01037227250045e-05	2.53764305342602e-05	3.25076392952344e-05
mforex_sell_rank_delta1	9.53540244688453e-06	0.000470854938775635	6.50152785904688e-05
ccheques_emitidos	9.53141186837562e-06	0.00049050455099683	6.50152785904688e-05
rf_018_022	9.50326000787371e-06	0.000225930096537822	3.25076392952344e-05
mcajeros_propios_descuentos_rank	9.46820953513572e-06	6.10913545695055e-05	3.25076392952344e-05
mtarjeta_visa_descuentos_rank_lag2	9.32043118694404e-06	4.58305124043495e-05	3.25076392952344e-05
ctarjeta_master_descuentos	9.24099719189394e-06	7.97022129984445e-05	3.25076392952344e-05
vm_mpagosdolares_rank	8.97494994474531e-06	5.29812067122005e-05	3.25076392952344e-05
mcheques_emitidos_rank_lag1	8.89233612697498e-06	0.000431614902834824	6.50152785904688e-05
cproductos_lag2	8.79443702643317e-06	2.00319117232026e-05	3.25076392952344e-05
mttarjeta_master_debitos_automaticos_rank_delta1	8.66118881075681e-06	2.96605842521866e-05	3.25076392952344e-05
Master_msaldodolares_rank	8.33109917995758e-06	9.24575556123738e-06	6.50152785904688e-05
Master_madelantodolares_rank_lag1	8.22797004002483e-06	1.08690729898118e-05	6.50152785904688e-05
rf_011_018	8.10990905151018e-06	0.00049050455099683	6.50152785904688e-05
vm_Finiciomora_delta2	8.0981548556765e-06	0.000229016543140323	3.25076392952344e-05
vm_status06_lag2	8.07930112176183e-06	9.82537947164123e-06	6.50152785904688e-05
rf_013_018	7.9491834297543e-06	1.63307338725504e-05	9.75229178857031e-05
ctransferencias_emitidas_lag1	7.78251127097757e-06	0.000241705552291975	3.25076392952344e-05
active_quarter_delta2	7.36820719681115e-06	1.01067674299715e-05	3.25076392952344e-05
Master_Finiciomora_lag2	7.36681190481483e-06	0.000214889191653707	3.25076392952344e-05
rf_007_027	7.28873631223704e-06	0.000185696381803723	3.25076392952344e-05
ctarjeta_debito	7.11138450063662e-06	0.000245252275498415	3.25076392952344e-05
rf_003_024	7.05757787491236e-06	0.000170488553482754	3.25076392952344e-05
cextraccion_autoservicio	7.0503090112037e-06	0.000203450638833494	3.25076392952344e-05
cforex_delta2	6.88025373045495e-06	0.000198811089477915	3.25076392952344e-05
vmr_msaldodolares_lag2	6.8071831782963e-06	5.67715642574834e-06	3.25076392952344e-05
mcheques_emitidos_rank_tend6	6.6031445085408e-06	0.000220620420436338	3.25076392952344e-05
mprestamos_hipotecarios_rank_lag1	6.42372796858191e-06	0.000245252275498415	3.25076392952344e-05
mforex_buy_rank_delta2	6.42069651769722e-06	0.000237497876116328	3.25076392952344e-05
mcaja_ahorro_adicional_rank_lag1	6.17045534660019e-06	0.000148981427899013	3.25076392952344e-05
rf_019_022	6.16976529550404e-06	0.000168033509703366	3.25076392952344e-05
ccheques_emitidos_delta2	6.02828963098779e-06	4.30153978895681e-05	3.25076392952344e-05
ccajas_depositos_lag2	5.99808741819191e-06	0.000155656144331269	3.25076392952344e-05
mtarjeta_visa_descuentos_rank_tend6	5.96510438627739e-06	0.000173362327242767	3.25076392952344e-05
rf_006_012	5.9436113561055e-06	0.000236668619628471	3.25076392952344e-05
cextraccion_autoservicio_lag1	5.76993113712992e-06	0.000245252275498415	3.25076392952344e-05
rf_002_008	5.72710728219316e-06	0.000111239011004137	3.25076392952344e-05
rf_008_021	5.68721180447107e-06	0.000232730158515152	3.25076392952344e-05
mttarjeta_master_debitos_automaticos_rank_lag1	5.18701481359507e-06	0.000236806402697723	3.25076392952344e-05
rf_005_016	5.16345868254371e-06	0.000148856964447852	3.25076392952344e-05
ctarjeta_visa_debitos_automaticos_lag1	4.80465381226194e-06	0.000245252275498415	3.25076392952344e-05
mcaja_ahorro_adicional_rank_tend6	4.32786512309478e-06	0.000222342355964415	3.25076392952344e-05
vm_mpagosdolares_rank_tend6	4.14947308116663e-06	0.000200519528969119	3.25076392952344e-05
ccheques_emitidos_lag1	3.75895868128813e-06	0.000245252275498415	3.25076392952344e-05
ccheques_emitidos_tend6	3.65170835765669e-06	0.000232678644230617	3.25076392952344e-05
catm_trx_lag1	3.58774517798412e-06	0.000238184145180845	3.25076392952344e-05
cforex_sell_delta2	3.56597574762865e-06	0.000190359571276178	3.25076392952344e-05
vm_mpagado_rank	3.52960593191437e-06	0.000206920355241307	3.25076392952344e-05
Visa_madelantodolares_rank_delta1	3.51369542596024e-06	4.54728233225221e-06	3.25076392952344e-05
cpayroll_trx	3.46199177435096e-06	0.000245252275498415	3.25076392952344e-05
ctarjeta_visa_debitos_automaticos_delta2	3.20011439964778e-06	0.000234753152695825	3.25076392952344e-05
cpayroll_trx_lag2	3.19884632225999e-06	0.000241589997989338	3.25076392952344e-05
mpagodeservicios_rank_lag2	3.17426515068489e-06	0.000240781647127225	3.25076392952344e-05
mpagodeservicios_rank_lag1	3.08139306152872e-06	0.000245252275498415	3.25076392952344e-05
vm_status06_delta1	2.94053800900462e-06	0.000235554005759675	3.25076392952344e-05
cprestamos_hipotecarios_lag2	2.89017024640814e-06	0.00021583594305081	3.25076392952344e-05
rf_005_021	2.78732360970521e-06	5.66701234574583e-06	3.25076392952344e-05
vmr_madelantopesos_lag2	2.766690702185e-06	0.00024136929809224	3.25076392952344e-05
vm_status02_lag2	2.43209485328025e-06	4.5046771962417e-06	3.25076392952344e-05
mtarjeta_master_descuentos_rank	1.74535459190275e-06	4.72969935351461e-06	3.25076392952344e-05
vm_status04_lag1	1.19074568873761e-06	4.84613575006507e-06	3.25076392952344e-05
vm_mpagosdolares_rank_delta1	4.27073376120764e-07	4.69670904115864e-06	3.25076392952344e-05
