Feature	Gain	Cover	Frequency
rf_006_013	0.208209242643087	0.00834589428817488	0.00219131097560976
rf_011_017	0.0889981163372062	0.00435655813418786	0.00262004573170732
ctarjeta_visa_tend6	0.0405470038642363	0.0022871779008835	0.000333460365853659
rf_018_027	0.0217334557239186	0.00230992428440501	0.00323932926829268
mcuenta_corriente_rank	0.0205816104356947	0.00526257530905889	0.00290586890243902
rf_017_021	0.0153838459901106	0.00141418244033408	0.000571646341463415
Master_status_delta2	0.0142430069887498	0.000928205899980626	0.000333460365853659
rf_009_026	0.0134318144226608	0.00171710657820846	0.000571646341463415
mprestamos_personales_rank	0.0118710727915124	0.00418389376234029	0.00100038109756098
mpayroll_sobre_edad_rank_lag1	0.0108920096535827	0.000148585900212846	0.000142911585365854
rf_003_018	0.00997440524585496	0.00227019155397466	0.00333460365853659
mcaja_ahorro_rank_lag2	0.00779812394652924	0.00265238681519129	0.00181021341463415
rf_016_022	0.00704747322994056	0.000925309952369495	0.000285823170731707
rf_013_026	0.00695535250041287	0.00133796536295302	0.000666920731707317
cdescubierto_preacordado_delta2	0.006365480858861	0.00187404394743519	0.000428734756097561
cdescubierto_preacordado	0.00608852070774256	0.00285741661400305	0.00209603658536585
vm_mpagospesos_rank	0.00599212442878295	0.000308289393216646	0.000238185975609756
ctrx_quarter_delta2	0.00570707469373366	0.00355283683078183	0.00228658536585366
mcuentas_saldo_rank_delta2	0.00561593088139505	0.00324155883449784	0.00385861280487805
ccomisiones_mantenimiento_tend6	0.00548296107036104	0.00367891940211544	0.000571646341463415
mcuentas_saldo_rank_tend6	0.00521798897453368	0.00280116585822474	0.00276295731707317
ctarjeta_master_delta2	0.005009167674695	0.00056283357755451	9.52743902439024e-05
rf_010_019	0.00490810609308617	0.0013166453159314	0.00281059451219512
mcomisiones_rank_lag2	0.00459772319526545	0.0020418320935976	0.00447789634146341
cdescubierto_preacordado_lag1	0.00452947017871098	0.00235487890643449	0.00152439024390244
foto_mes	0.00429693144938679	0.00428042667682006	0.00262004573170732
mprestamos_personales_rank_tend6	0.00420575377137657	0.00359544639365756	0.00104801829268293
mcomisiones_mantenimiento_rank_tend6	0.00414740612945003	0.00225242878620143	0.00166730182926829
rf_014_016	0.00375731872738435	0.00143378398085709	0.000666920731707317
Visa_mpagospesos_rank	0.00318062777461086	0.00152873524811525	0.00262004573170732
rf_006_019	0.00291811235951317	0.00150686298519418	0.00490663109756098
thomebanking	0.00288085916586754	0.00211557707561919	0.00423971036585366
mrentabilidad_annual_rank_delta1	0.00284146990200565	0.00360685336881889	0.0057641006097561
mprestamos_personales_rank_delta1	0.00275495833186332	0.00535506762263404	0.00142911585365854
mactivos_margen_rank	0.00274340442843262	0.00362349882860519	0.00276295731707317
Visa_delinquency	0.00272494447136615	0.00115486875665316	0.000714557926829268
mrentabilidad_annual_rank_lag2	0.00258480228868366	0.0033770404921238	0.00447789634146341
Visa_status	0.00246886163735287	0.00164003529185796	0.000476371951219512
Visa_mpagominimo_rank	0.00242295670303087	0.00186911210192747	0.00295350609756098
mcomisiones_rank_delta2	0.00239511234230411	0.00273065492330848	0.00485899390243903
ctrx_quarter_delta1	0.00237025919446407	0.00187974278896862	0.00104801829268293
cproductos_tend6	0.00235115006259879	0.00246364751815739	0.000428734756097561
mcuentas_saldo_rank_delta1	0.00234127757796238	0.00262789192498047	0.00228658536585366
cdescubierto_preacordado_delta1	0.00222218853931218	0.00301967198163448	0.000524009146341463
rf_014_023	0.00219178249583067	0.000851911565471333	0.00157202743902439
mcuentas_saldo_rank	0.00214241452640197	0.00588168499653517	0.001953125
rf_016_015	0.0021240634187898	0.00132577294032125	0.00123856707317073
mactivos_margen_rank_delta1	0.00205740715166241	0.00300647388889352	0.00509717987804878
mrentabilidad_rank_delta2	0.0020343938339595	0.0025687887616908	0.00543064024390244
mpasivos_margen_rank	0.00197125656492066	0.00188627247649115	0.00133384146341463
rf_007_020	0.00195256352387253	0.00175654992626843	0.000428734756097561
tcallcenter_delta1	0.00193573726966974	0.00100065715696472	0.000333460365853659
mpasivos_margen_rank_lag1	0.00189559179779356	0.00204395586815895	0.00233422256097561
mrentabilidad_annual_rank_delta2	0.00188249840103284	0.002996387187611	0.00609756097560976
mpasivos_margen_rank_delta2	0.00183107271835828	0.00256471178887357	0.00543064024390244
mcuenta_corriente_rank_lag2	0.00183029659550205	0.00350454037335125	0.00238185975609756
mcomisiones_rank_tend6	0.00181569453897385	0.00184106046344508	0.00295350609756098
mrentabilidad_annual_rank	0.00178435480702389	0.00234358317091829	0.00366806402439024
Visa_mconsumototal_rank	0.00178146393561775	0.00141973964379907	0.00452553353658537
mactivos_margen_rank_delta2	0.00177573801065982	0.00283534855337725	0.005859375
Master_fechaalta_lag1	0.00175670175377509	0.00336426160558728	0.00447789634146341
mpayroll_rank_tend6	0.00174311046803268	0.00170987626676351	0.000714557926829268
rf_003_022	0.00166023642227731	0.00091034994577437	0.000524009146341463
mcuentas_saldo_rank_lag2	0.00165971633824084	0.00357096053005279	0.00257240853658537
ctarjeta_visa_transacciones_delta2	0.00165743891935	0.00143378119322875	0.00076219512195122
vm_Finiciomora	0.00163663088149507	0.00213879297539944	0.000524009146341463
Visa_mpagospesos_rank_tend6	0.00163054912330675	0.00235613771974566	0.00404916158536585
vm_fechaalta	0.00162242957410004	0.0012276208120094	0.001953125
vm_fechaalta_tend6	0.00160371287335893	0.000834627207818685	0.000952743902439024
rf_014_025	0.00157429922310082	0.000935040500945712	0.00281059451219512
mprestamos_personales_rank_lag1	0.00157173696777686	0.00265562258797131	0.00100038109756098
vm_msaldototal_rank	0.00155998423910203	0.000336854486290156	0.00076219512195122
Visa_Finiciomora	0.00155385717491201	0.00295567294651707	0.000524009146341463
rf_002_015	0.00153538413754411	0.00123604250270857	0.00323932926829268
mprestamos_personales_rank_delta2	0.00153036640761521	0.00328862037257444	0.000809832317073171
Master_mfinanciacion_limite_rank_tend6	0.0015087295410073	0.00327604418644139	0.00509717987804878
Master_mlimitecompra_rank_delta2	0.00147721250352835	0.00263117468920963	0.00581173780487805
cprestamos_personales_tend6	0.00146970724848559	0.00395791414009911	0.000619283536585366
mcomisiones_otras_rank_lag1	0.0014590956346611	0.00216052904276454	0.00471608231707317
mrentabilidad_annual_rank_lag1	0.00144511302754795	0.00229801593437536	0.00309641768292683
vm_msaldopesos_rank	0.00144126422067617	0.000424728894406189	0.00076219512195122
chomebanking_transacciones	0.0014224978134471	0.00258907114724945	0.00266768292682927
mcomisiones_otras_rank_delta2	0.00142117053639139	0.00277352333738708	0.00571646341463415
mcuentas_saldo_rank_lag1	0.00141815095767803	0.0015392330582056	0.00104801829268293
Visa_cconsumos_tend6	0.00140200232440929	0.00199798070866915	0.00347751524390244
cliente_vip_lag1	0.00139796921049933	0.00160412612555444	0.000333460365853659
Master_fultimo_cierre_tend6	0.00139641296788717	0.00189591594486784	0.00328696646341463
Master_fechaalta_lag2	0.00138426252151856	0.00341690078973669	0.00490663109756098
mv_status07_rank_tend6	0.00137972006464798	0.000118832481001876	9.52743902439024e-05
Visa_mpagominimo_rank_lag2	0.00134964070342035	0.00183431387188897	0.00238185975609756
chomebanking_transacciones_delta2	0.00133414827641587	0.00337849656332597	0.00414443597560976
thomebanking_lag2	0.00133250947353805	0.00184100776399506	0.00528772865853659
mcuenta_debitos_automaticos_rank	0.00133101272723018	0.00186559663710415	0.00076219512195122
cliente_edad_lag1	0.00132977394371595	0.00255986596161172	0.00285823170731707
cprestamos_personales_lag1	0.00132809617301286	0.00237988008304927	0.000333460365853659
mtarjeta_visa_consumo_rank	0.00132588938018691	0.00162025653781913	0.000714557926829268
mrentabilidad_rank_delta1	0.0013208998250073	0.00186213002214885	0.00390625
Visa_msaldopesos_rank	0.00131352788135967	0.00110689566410986	0.00200076219512195
mttarjeta_visa_debitos_automaticos_rank_tend6	0.00130546770018181	0.00214584049807191	0.00152439024390244
Visa_fechaalta_lag1	0.00130158551126068	0.00159126958365706	0.00357278963414634
mrentabilidad_annual_rank_tend6	0.00129622762052235	0.00334221080170833	0.00347751524390244
mpasivos_margen_rank_delta1	0.00129478464964602	0.00266357237301602	0.00428734756097561
Master_mlimitecompra_rank	0.00129366299549761	0.00163395043017173	0.00414443597560976
mcomisiones_otras_rank_lag2	0.00128945322509059	0.00200866144027619	0.00390625
internet	0.0012874651975376	0.000839921445010413	0.000238185975609756
Visa_mconsumospesos_rank	0.00127988955518588	0.00225431163002781	0.0040015243902439
cdescubierto_preacordado_tend6	0.00127729083250217	0.000724304294180742	9.52743902439024e-05
Visa_mfinanciacion_limite_rank_delta2	0.0012739554161409	0.00221100728397475	0.00447789634146341
Visa_fechaalta_lag2	0.00126771049129658	0.0019522361258662	0.00352515243902439
mrentabilidad_rank_tend6	0.00126458014179473	0.00334739247181287	0.00290586890243902
rf_010_013	0.00124565536291541	0.000794262083988104	0.00109565548780488
ctrx_quarter_normalizado_delta2	0.00124411656019252	0.00213985877863421	0.00219131097560976
rf_007_016	0.00123856767476963	0.000378004526614348	0.000333460365853659
tcallcenter	0.0012301068983728	0.00162578639597757	0.00114329268292683
rf_004_022	0.00122345626270905	0.00102525917175026	0.00266768292682927
Visa_mconsumototal_rank_tend6	0.00120010131999744	0.00159975870841317	0.0040015243902439
mactivos_margen_rank_lag2	0.00119952420648954	0.00209086899821258	0.00352515243902439
ccaja_ahorro	0.00119750223650381	0.00110722287857912	0.000142911585365854
cprestamos_personales_delta2	0.0011958203860725	0.00180520612049889	0.000238185975609756
mactivos_margen_rank_lag1	0.00118638976306207	0.00270251182406775	0.0020483993902439
rf_017_020	0.00118535131121531	0.000554718393228378	0.000952743902439024
rf_011_016	0.00118466674194172	0.000686763303345523	0.000714557926829268
Visa_mpagominimo_rank_tend6	0.00117666343453475	0.00206493316963914	0.00300114329268293
internet_lag1	0.00117431795202848	0.00175343322504173	0.000285823170731707
mcomisiones_otras_rank_delta1	0.00116598458104444	0.00207491088792804	0.00395388719512195
vm_Fvencimiento	0.00116497368098626	0.0022930854163097	0.00357278963414634
rf_012_027	0.00116143934445158	0.00116541727503043	0.0038109756097561
cliente_edad_lag2	0.0011489630038882	0.00187748627020067	0.00219131097560976
vm_fultimo_cierre_tend6	0.00114153903558316	0.00239679554455179	0.00247713414634146
mcomisiones_rank_lag1	0.00114109208086242	0.00166167087185866	0.00295350609756098
chomebanking_transacciones_lag2	0.00114030143746747	0.00196189658550134	0.00390625
Master_mfinanciacion_limite_rank_delta1	0.00113483247011361	0.00171872658850578	0.00438262195121951
Visa_msaldopesos_rank_tend6	0.00113081104035645	0.00211146651851769	0.00338224085365854
rf_006_014	0.00112710316188939	0.00109330770163413	0.000809832317073171
Visa_fechaalta_tend6	0.00112624725638763	0.000563663361589951	0.000952743902439024
mcomisiones_rank_delta1	0.00111511996807188	0.00223211494026582	0.00428734756097561
chomebanking_transacciones_delta1	0.00111244867505666	0.00309764831798557	0.00266768292682927
cliente_edad	0.00111110093479678	0.0018863920790213	0.00209603658536585
Visa_mpagospesos_rank_delta2	0.00111094826550136	0.00181666964469223	0.00404916158536585
mcomisiones_rank	0.00110488133470842	0.00256313863728118	0.00395388719512195
Visa_mlimitecompra_rank_delta2	0.00110229274510751	0.0017225538694704	0.0038109756097561
Master_mlimitecompra_rank_tend6	0.00109770725021452	0.001688844141926	0.00443025914634146
ccaja_seguridad_lag2	0.00108881899709462	0.000209134249679751	4.76371951219512e-05
Visa_Fvencimiento	0.00107290986060559	0.00240329045309219	0.00290586890243902
mcuenta_corriente_rank_lag1	0.00106916443525955	0.00194851331459218	0.00142911585365854
mpagomiscuentas_rank	0.00106695519178318	0.00134606461797436	0.00104801829268293
Master_mlimitecompra_rank_lag2	0.0010637164356788	0.00160183535878119	0.00328696646341463
Master_mfinanciacion_limite_rank_delta2	0.00106035759106748	0.0017565292181722	0.00423971036585366
Visa_mconsumospesos_rank_lag2	0.00105655829859577	0.00151016844868266	0.00362042682926829
Visa_mlimitecompra_rank	0.00105446024881469	0.00177081236205789	0.00333460365853659
Master_fechaalta	0.00105311361858319	0.00153262691002007	0.00362042682926829
Visa_mconsumototal_rank_lag2	0.00105238886260147	0.00145219692975423	0.0038109756097561
Visa_mlimitecompra_rank_tend6	0.00104901713228632	0.00269730333963348	0.00376333841463415
mrentabilidad_rank	0.00104644412011314	0.00133247081475354	0.00228658536585366
Visa_fultimo_cierre_tend6	0.00104421325783138	0.00201972938673388	0.00295350609756098
mcaja_ahorro_rank_tend6	0.00104408442658693	0.00175059117157848	0.00200076219512195
Visa_mconsumototal_rank_lag1	0.0010331544851179	0.00115275746004723	0.00271532012195122
rf_019_026	0.00103108702977077	0.000652681493790028	0.000238185975609756
Master_mlimitecompra_rank_lag1	0.00102097344679109	0.00148186512718456	0.00423971036585366
vm_Fvencimiento_lag1	0.00101657651056042	0.00166730121738149	0.00323932926829268
ctrx_quarter	0.00101549431528524	0.000581751087180926	0.000333460365853659
thomebanking_lag1	0.00101533495330632	0.00131479141034206	0.00390625
Visa_mfinanciacion_limite_rank_tend6	0.00101416792672654	0.00281612759049455	0.00333460365853659
mcaja_ahorro_rank	0.00101253311218494	0.00145032231606866	0.00123856707317073
ccajas_transacciones_delta1	0.00100680193241128	0.00163049284182249	0.000619283536585366
Master_Fvencimiento_lag2	0.00100420704971885	0.00166691440076347	0.00342987804878049
rf_009_024	0.00100305468047727	0.000377448461132911	9.52743902439024e-05
mcomisiones_otras_rank_tend6	0.000994565071689791	0.00167382612611259	0.00304878048780488
Visa_msaldototal_rank_tend6	0.000981738211947111	0.00121027260439338	0.00233422256097561
Master_mfinanciacion_limite_rank	0.000978574180421813	0.00181412799136851	0.00342987804878049
Visa_mconsumospesos_rank_lag1	0.00097384750041677	0.00123281801318611	0.00323932926829268
numero_de_cliente	0.000971717246983837	0.00306970513151997	0.00257240853658537
Visa_mfinanciacion_limite_rank_delta1	0.000955591462688175	0.00214545500889595	0.00433498475609756
mcuenta_corriente_rank_tend6	0.000955160402922147	0.00358962794959398	0.001953125
rf_007_026	0.000949244883685537	0.00137104813960966	0.00228658536585366
cliente_vip_delta1	0.000947043357630453	0.00169423634434219	0.00076219512195122
Master_Fvencimiento	0.000946633813524095	0.00225733899440348	0.00362042682926829
rf_009_015	0.00092582268462414	0.00150721834143524	0.0017625762195122
Master_Fvencimiento_lag1	0.000923998593151199	0.0017726235240127	0.00319169207317073
mactivos_margen_rank_tend6	0.000923941230068325	0.00189450248455599	0.00247713414634146
mrentabilidad_rank_lag2	0.000920700023923255	0.00150600957268996	0.00238185975609756
Visa_Fvencimiento_lag2	0.000918910545040273	0.0020641959083157	0.00314405487804878
mplazo_fijo_dolares_rank	0.000917645509005813	0.00222882062729069	0.000333460365853659
rf_017_016	0.000916215865645265	0.000994836058017002	0.00200076219512195
Master_mfinanciacion_limite_rank_lag1	0.000915432267048227	0.00144521670839451	0.00314405487804878
Visa_cconsumos	0.000909076076930232	0.00162324912321267	0.00247713414634146
rf_011_021	0.000905514050249812	0.00108119426180528	0.00276295731707317
mtransferencias_recibidas_rank	0.000898974593277562	0.00265761295460503	0.00119092987804878
vm_status01	0.000892781582380433	0.00117698633086803	0.000571646341463415
vm_Finiciomora_delta1	0.000881322845696579	0.000648535626729575	0.000190548780487805
Visa_cconsumos_lag1	0.000879101592055861	0.00141777463130881	0.00181021341463415
Visa_mconsumospesos_rank_delta2	0.000878735303111883	0.0012628213897381	0.0038109756097561
Visa_mlimitecompra_rank_lag2	0.000872501963534623	0.00145493862859729	0.00285823170731707
Visa_mfinanciacion_limite_rank	0.000869862412602898	0.00100133959493083	0.00257240853658537
Visa_mfinanciacion_limite_rank_lag1	0.0008689186613289	0.00134040334305139	0.00281059451219512
rf_004_021	0.000867959200919256	0.00127070878500571	0.00076219512195122
Visa_mpagominimo_rank_lag1	0.000866424085321414	0.00119524755313702	0.00252477134146342
rf_001_006	0.00086232065154177	0.0019536787899035	0.000476371951219512
mcomisiones_mantenimiento_rank_lag2	0.000857227614186803	0.00139337770632246	0.00142911585365854
Visa_mconsumospesos_rank_delta1	0.000854639826663367	0.00139481970663873	0.00323932926829268
Visa_mconsumototal_rank_delta2	0.000853735807053096	0.00135149956402508	0.00366806402439024
Visa_mpagospesos_rank_lag1	0.000847864250574833	0.00184369848906279	0.00338224085365854
ccallcenter_transacciones_delta2	0.000846965165278129	0.000516122749671742	0.000333460365853659
Visa_msaldopesos_rank_lag1	0.000838118145487194	0.000789095679467329	0.00166730182926829
mcomisiones_mantenimiento_rank	0.000836002010046249	0.00251018312368745	0.00161966463414634
ccajas_consultas_tend6	0.000832825594640289	0.00403381103845385	0.000809832317073171
vm_Fvencimiento_lag2	0.000832361514753587	0.00182936012358716	0.00309641768292683
chomebanking_transacciones_lag1	0.000826788147281159	0.00136167334550713	0.00223894817073171
rf_001_022	0.000823217927685151	0.00101784089450876	0.00362042682926829
ccaja_seguridad_lag1	0.000817497092054697	0.000738148585719415	9.52743902439024e-05
rf_009_018	0.000816524103396216	0.00100363115816933	0.00038109756097561
Visa_mpagospesos_rank_delta1	0.000816497141578754	0.00164629657059475	0.00338224085365854
vm_fechaalta_lag2	0.000814389855815538	0.00129431654568384	0.00262004573170732
Visa_fechaalta	0.000811036950897898	0.00210533891319694	0.00238185975609756
mcaja_ahorro_rank_delta1	0.000805811017378076	0.00182542837293195	0.00171493902439024
ctarjeta_visa_transacciones_tend6	0.000802448797819926	0.00237542293082435	0.00123856707317073
rf_013_024	0.000801144356024404	0.00094349989099955	0.00233422256097561
active_quarter_lag2	0.000797961137884817	0.000477169891455151	0.000524009146341463
rf_008_019	0.000797884320148358	0.00049467579918861	0.00138147865853659
Visa_mconsumototal_rank_delta1	0.000794667766679013	0.00124700120068422	0.00323932926829268
ccaja_seguridad	0.000794078017247033	0.00258352005001795	0.000333460365853659
rf_005_013	0.000786003683540121	0.00066437227606507	0.00147675304878049
vm_status04	0.000784674634002816	0.000500968803790778	0.000476371951219512
ctarjeta_master_descuentos_delta2	0.000784389261207505	0.000421941398811848	0.000142911585365854
Visa_msaldototal_rank	0.000783686676207646	0.000641249031741025	0.00181021341463415
Master_mlimitecompra_rank_delta1	0.000783598366934358	0.00119102509266936	0.00376333841463415
Master_mfinanciacion_limite_rank_lag2	0.000776012137487764	0.0010150589741711	0.00247713414634146
cliente_antiguedad	0.000775234884672494	0.00197088615591633	0.00209603658536585
rf_010_015	0.000768214333956646	0.000656689970596653	0.00100038109756098
Visa_mlimitecompra_rank_lag1	0.000766666702289695	0.00164611696768322	0.00238185975609756
ctrx_quarter_normalizado	0.000764112685978145	0.00125306084097119	0.000666920731707317
mcaja_ahorro_rank_lag1	0.000761484123972134	0.00208737902027692	0.00100038109756098
mrentabilidad_rank_lag1	0.000759393201499004	0.00119753367386305	0.00219131097560976
Visa_delinquency_tend6	0.000758727985989167	0.000870379337725797	0.000619283536585366
mtransferencias_emitidas_rank	0.000757132071600564	0.00287486305233195	0.00152439024390244
mcaja_ahorro_dolares_rank	0.000756773114747952	0.00261276160756828	0.00109565548780488
vm_status05	0.000753039832684193	0.000251507395123532	0.000428734756097561
Visa_mpagominimo_rank_delta2	0.000752638127488567	0.00220676995615595	0.00257240853658537
vmr_msaldopesos2_tend6	0.000744335158885296	0.00152610147031215	0.00157202743902439
mpasivos_margen_rank_lag2	0.000740281918144781	0.00178644976233928	0.00242949695121951
Visa_mpagospesos_rank_lag2	0.000730742256455738	0.0013951652398085	0.00304878048780488
vm_mfinanciacion_limite_rank_delta2	0.000726109663891221	0.0023090911817644	0.00238185975609756
Visa_mlimitecompra_rank_delta1	0.000725341882216593	0.00118778799244728	0.00285823170731707
mttarjeta_visa_debitos_automaticos_rank_delta1	0.000723785266254144	0.00156170253731215	0.00128620426829268
Visa_Fvencimiento_lag1	0.000712782238531826	0.000719763247617248	0.00214367378048781
rf_007_015	0.000712066910086626	0.00127761772272649	0.00166730182926829
rf_007_021	0.00070765858705722	0.0010166565506975	0.000714557926829268
Visa_delinquency_lag1	0.000707091848984933	0.000354033046810145	0.000571646341463415
Visa_msaldototal_rank_delta2	0.000704801455570567	0.00148260265399642	0.00257240853658537
rf_011_022	0.000700589114270377	0.000373885341139421	9.52743902439024e-05
Master_mpagominimo_rank_tend6	0.000696839758842188	0.00159321070219013	0.00123856707317073
rf_015_025	0.000687129058181719	0.000862125701192184	0.00223894817073171
ctrx_quarter_normalizado_lag2	0.000685160692972856	0.00179328940758422	0.001953125
Visa_mconsumosdolares_rank_lag1	0.000683146808649474	0.00181727495827432	0.00242949695121951
rf_002_017	0.000682807773626234	0.000696933633478197	0.00161966463414634
rf_005_019	0.000682328373679318	0.000991957765385348	0.00285823170731707
Visa_Fvencimiento_tend6	0.000681275486256411	0.000855065036843263	0.00128620426829268
rf_008_022	0.000680581205698968	0.000811877638436212	0.00200076219512195
mpasivos_margen_rank_tend6	0.000680318119323893	0.00193164988881865	0.001953125
mcaja_ahorro_dolares_rank_delta2	0.000679578251721065	0.00253248096453487	0.00114329268292683
Master_fechaalta_tend6	0.000678273248774547	0.000514589023108714	0.00119092987804878
vm_mpagominimo_rank	0.000678089881989294	0.000790441971210641	0.00123856707317073
Visa_Finiciomora_delta1	0.000677516257758742	0.000743682957180878	0.000190548780487805
rf_009_025	0.000670384647293024	0.00142466060428185	0.00247713414634146
vm_fechaalta_lag1	0.000667657188809975	0.0016360019918847	0.0020483993902439
Visa_mconsumosdolares_rank	0.000667415891138222	0.00133595906701451	0.00209603658536585
rf_004_019	0.000666281488982358	0.000907705813923154	0.00281059451219512
Visa_msaldopesos_rank_delta1	0.000662905424810682	0.00107326133527481	0.001953125
Visa_msaldototal_rank_delta1	0.000662389097975086	0.00138107045995198	0.00238185975609756
vmr_Master_mlimitecompra_lag2	0.000661735421087676	0.000977525417011448	0.0017625762195122
mcomisiones_mantenimiento_rank_delta2	0.000660910369505106	0.00247423413412195	0.00138147865853659
cliente_antiguedad_lag2	0.000658694817767362	0.00149452029612054	0.00190548780487805
ctrx_quarter_normalizado_tend6	0.000654029577768287	0.00198633267002863	0.00147675304878049
vmr_mpagominimo	0.000652169290684251	0.00104203896867363	0.00142911585365854
Visa_mconsumospesos_rank_tend6	0.000651862390002614	0.0008859948352131	0.00262004573170732
vm_mlimitecompra_rank_lag1	0.00065077979485304	0.00120828197227125	0.00200076219512195
vm_mpagominimo_rank_lag1	0.000648712494982565	0.00123888548538127	0.000952743902439024
mtransferencias_recibidas_rank_lag2	0.000645884727095271	0.00154684554022134	0.00190548780487805
vmr_Master_mlimitecompra	0.000642664885714388	0.00115264091063384	0.00238185975609756
Master_delinquency	0.000639835354433664	0.000839325556266997	0.000333460365853659
Visa_msaldopesos_rank_delta2	0.000636623151927306	0.000942134218602075	0.00214367378048781
rf_003_019	0.00063220809725269	0.00035610332545624	0.000142911585365854
rf_014_024	0.000627599488100748	0.000452697169526836	0.000619283536585366
mcaja_ahorro_rank_delta2	0.000623747040378353	0.000952083529630765	0.00152439024390244
mcomisiones_otras_rank	0.000622188953324457	0.000720827723409954	0.00219131097560976
rf_013_017	0.000616042041453042	0.000416895791519077	0.000285823170731707
vmr_mpagominimo_lag1	0.000611371712442247	0.000652624812013811	0.00109565548780488
cliente_antiguedad_lag1	0.000608976013846734	0.00244457429957663	0.00166730182926829
ctrx_quarter_tend6	0.000607324390865892	0.00150211326473791	0.00119092987804878
Visa_msaldototal_rank_lag2	0.000603394548424743	0.00077368367884874	0.00190548780487805
Visa_cconsumos_lag2	0.000600341597561361	0.0013530472287298	0.00219131097560976
Visa_msaldototal_rank_lag1	0.000599350091791085	0.000987139681662685	0.00171493902439024
vmr_mpagominimo_tend6	0.00059852045424888	0.00149895766945868	0.00147675304878049
internet_tend6	0.000596769951983312	0.00156088642592999	0.000428734756097561
vm_msaldototal_rank_lag1	0.000596634898929025	0.00048587313261651	0.000666920731707317
ccomisiones_otras	0.000596271258102084	0.000890266278292994	0.000666920731707317
Visa_delinquency_delta2	0.000596057149937058	0.000739686161864434	0.000476371951219512
mtransferencias_emitidas_rank_lag2	0.000592163922353366	0.00219186742780228	0.00128620426829268
rf_016_020	0.000590079229703717	0.000767316735723497	0.00276295731707317
mtransferencias_recibidas_rank_tend6	0.000588926336894146	0.00127389212382413	0.00123856707317073
Master_msaldototal_rank	0.000587797461625906	0.00223585925610131	0.00157202743902439
Visa_mconsumosdolares_rank_lag2	0.000587652942619158	0.000857988462505159	0.00223894817073171
vmr_msaldopesos_delta2	0.000585525537916539	0.000777782687204264	0.000952743902439024
Visa_mpagominimo_rank_delta1	0.000584308213631668	0.00111369402590654	0.00190548780487805
ccajas_consultas_delta2	0.000583469926124021	0.000882601362315642	0.000190548780487805
Visa_mfinanciacion_limite_rank_lag2	0.000574048489361611	0.000829090048728884	0.00190548780487805
rf_015_029	0.000572536818743375	0.000781525542853487	0.00152439024390244
ccaja_ahorro_tend6	0.000570295992498265	0.0014276334107886	0.000190548780487805
Master_mconsumospesos_rank_tend6	0.000569882910716945	0.00235141614106119	0.0018578506097561
vmr_Visa_mlimitecompra	0.000569247249478909	0.00105904323605035	0.0017625762195122
vm_Finiciomora_lag1	0.00056885205458427	0.00153646919108003	0.000333460365853659
thomebanking_delta2	0.000568402937628038	0.00108213913506784	0.00100038109756098
Master_mpagominimo_rank_lag2	0.000564297396935349	0.00131409370679218	0.00190548780487805
mtransferencias_recibidas_rank_delta2	0.000561208687890367	0.00182094108777213	0.00138147865853659
vmr_Visa_mlimitecompra_lag1	0.000560718774522923	0.00114229124307805	0.00171493902439024
vmr_mpagominimo_delta2	0.000546356727843559	0.00129713085560791	0.00114329268292683
rf_010_010	0.000543637084752942	0.000533172548311331	0.000190548780487805
vm_mlimitecompra_rank_delta2	0.000542350864653233	0.00155599705856838	0.00166730182926829
vm_mlimitecompra_rank_tend6	0.000534775147130054	0.00164889756057882	0.00157202743902439
ccomisiones_otras_tend6	0.000528629914269278	0.000981783851159096	0.00157202743902439
Visa_mconsumosdolares_rank_tend6	0.000523167415520418	0.0005254778976317	0.001953125
mttarjeta_visa_debitos_automaticos_rank_delta2	0.000522290809782545	0.00151600255656262	0.00076219512195122
mprestamos_personales_rank_lag2	0.000520077801156983	0.00260393438331796	0.000857469512195122
vm_msaldototal_rank_delta2	0.000516106687844695	0.000292296636694193	0.00109565548780488
mautoservicio_rank_delta2	0.000512205336082	0.00103312333678171	0.00109565548780488
vmr_msaldopesos_delta1	0.000508808638695928	0.00065985445973773	0.000714557926829268
rf_019_028	0.000505914610850831	0.000528695218967004	0.000285823170731707
rf_017_018	0.000504987408881973	0.000746828596644619	0.0017625762195122
ctrx_quarter_lag2	0.000504133475193685	0.00133380263737833	0.00133384146341463
rf_011_019	0.00049845930168891	0.000575717332014243	0.000333460365853659
vmr_mpagospesos_tend6	0.000497916568016015	0.000989302881253398	0.00100038109756098
rf_006_018	0.000494673452566062	0.00167679680871203	0.00114329268292683
vmr_Master_mlimitecompra_lag1	0.000492651643756911	0.000683103280081217	0.00200076219512195
rf_002_026	0.000491613835440521	0.0011139889835336	0.000714557926829268
rf_015_015	0.000489815459889485	0.000662676070593167	0.00166730182926829
vm_mfinanciacion_limite_rank_delta1	0.000489470750945692	0.000911830441910552	0.00157202743902439
mtarjeta_visa_consumo_rank_delta2	0.000487664833184699	0.000563423758297042	0.00119092987804878
Master_madelantopesos_rank	0.000487013747796196	0.00016747035653182	0.000571646341463415
vmr_Visa_mlimitecompra_lag2	0.000484311505220749	0.000878212573357115	0.0017625762195122
rf_010_017	0.000483890180830543	0.000615627806937228	0.000905106707317073
thomebanking_tend6	0.000483493226908603	0.00239711054655404	0.000571646341463415
rf_020_025	0.000483174545803614	0.000513897558536548	0.0020483993902439
ctarjeta_visa_debitos_automaticos_tend6	0.00047900945080299	0.00173080498386409	0.000571646341463415
vm_mfinanciacion_limite_rank_tend6	0.000475165082226406	0.00119292293659109	0.00171493902439024
rf_002_024	0.000473165717584311	0.000899931383975359	0.00166730182926829
vm_mfinanciacion_limite_rank	0.000472829645997539	0.00124252639347982	0.00138147865853659
rf_014_017	0.000466681760316066	0.000439651865367673	0.000524009146341463
Master_Fvencimiento_tend6	0.00046448527233816	0.00080340550493854	0.00138147865853659
mpayroll_sobre_edad_rank_delta2	0.000461046662031356	0.00237025878295509	0.000666920731707317
rf_014_030	0.000460901314058969	0.000666177199042176	0.000428734756097561
rf_012_025	0.00045880493843244	0.000669319652644959	0.000333460365853659
vmr_mconsumospesos	0.000458626269122762	0.000426461737279113	0.000714557926829268
Master_mpagominimo_rank	0.000457865605855056	0.00105783911335231	0.00114329268292683
cdescubierto_preacordado_lag2	0.000457522605385107	0.00122508194631402	0.00119092987804878
rf_019_017	0.000457029416179776	0.000814697789105376	0.000666920731707317
vm_mlimitecompra_rank	0.000454703695186463	0.000556172606011654	0.00138147865853659
rf_019_016	0.000454481742795609	0.0003413884974107	0.000952743902439024
Master_msaldototal_rank_lag1	0.00045443414807304	0.000797923965671303	0.00147675304878049
Master_mconsumototal_rank_tend6	0.000454175469767792	0.00138171413660977	0.00133384146341463
vm_mfinanciacion_limite_rank_lag2	0.000451616746137823	0.00115639013800498	0.00147675304878049
vm_msaldototal_rank_delta1	0.000450240526817088	0.00117786071695688	0.000952743902439024
tcuentas_lag1	0.000449694051415315	0.000614820323928495	0.000190548780487805
rf_009_021	0.000447583897549129	0.000587765859926065	0.000571646341463415
Visa_mconsumosdolares_rank_delta2	0.000444110197851495	0.00106088984070833	0.00161966463414634
Visa_cconsumos_delta2	0.000441475143030789	0.000592582350718249	0.00147675304878049
rf_006_017	0.000439253978367639	0.00094820341647192	0.000428734756097561
rf_011_024	0.000439166093790209	0.000846738656484435	0.00119092987804878
mcuenta_corriente_rank_delta2	0.000437534230373357	0.00202060894984679	0.00100038109756098
vmr_msaldopesos_lag2	0.000436891867900578	0.000291282470955788	0.00104801829268293
mtarjeta_visa_consumo_rank_lag2	0.000433384683016179	0.000996973637975841	0.00161966463414634
vmr_mconsumospesos_lag1	0.000431022975849728	0.000846291839485027	0.00133384146341463
vmr_msaldopesos	0.000430677842531276	0.00100295894150712	0.00119092987804878
mpagomiscuentas_rank_tend6	0.00042724319096411	0.00182659253962381	0.00076219512195122
vm_mpagominimo_rank_tend6	0.000426397870831451	0.000781143770515313	0.00147675304878049
vm_fultimo_cierre	0.000424360267828803	0.000606375668481589	0.00123856707317073
vmr_mconsumospesos_lag2	0.000423616987110898	0.000410712699119972	0.000952743902439024
rf_001_015	0.000423463579329968	0.000579393019094928	0.00109565548780488
vm_mconsumospesos_rank_lag2	0.000420562509561421	0.000715807337516436	0.000857469512195122
tcuentas_lag2	0.000419086028417448	0.0011643904985924	0.000238185975609756
Visa_msaldopesos_rank_lag2	0.000417504880211314	0.00077994694874863	0.00142911585365854
Master_fultimo_cierre_lag2	0.000413973276107044	0.000676055491920335	0.00142911585365854
mtransferencias_emitidas_rank_lag1	0.00041200207428088	0.00166366535356279	0.00104801829268293
chomebanking_transacciones_tend6	0.000411869296839888	0.00148041569319272	0.00119092987804878
rf_006_015	0.000408542365445756	0.00126149461139316	0.000476371951219512
mautoservicio_rank_lag2	0.000406773057250603	0.000877438541888445	0.00123856707317073
Master_mpagospesos_rank_tend6	0.000404069781442411	0.00155264274521187	0.00133384146341463
Visa_Finiciomora_tend6	0.000403851266640215	0.000594834488927382	0.000190548780487805
rf_011_025	0.00040184476611035	0.000354189153997104	0.000238185975609756
vm_status01_tend6	0.00040103837708284	0.000424645265556032	0.00038109756097561
vmr_mpagominimo_delta1	0.000399304908512289	0.00113058838108021	0.000905106707317073
vm_mlimitecompra_rank_delta1	0.000398141423614292	0.00183020278381064	0.00161966463414634
cmobile_app_trx_lag2	0.000397859235993005	0.00134742219297523	0.000714557926829268
mcaja_ahorro_dolares_rank_lag1	0.000397664805676764	0.000950399271137456	0.000809832317073171
Master_fultimo_cierre_lag1	0.000397428649018304	0.00086610019548192	0.00133384146341463
Visa_status_delta2	0.000392405615886947	0.000579882977961479	0.000238185975609756
vm_status01_delta1	0.000391126061570321	0.000774780145995235	0.000524009146341463
vm_fultimo_cierre_lag2	0.000390852689640914	0.000748521218022944	0.00114329268292683
vmr_msaldototal_lag1	0.000389395081671443	0.000399286874281299	0.00109565548780488
cplazo_fijo_tend6	0.000387862341617896	0.000973288487425269	0.000142911585365854
rf_019_008	0.000385765144767169	0.000394836226522498	9.52743902439024e-05
vmr_msaldototal_lag2	0.000384848206521998	0.000478755653747165	0.00133384146341463
Visa_fultimo_cierre_delta2	0.000384140774106514	0.000334461108245203	0.000571646341463415
rf_020_016	0.000384127739393559	0.00144780243279482	0.00104801829268293
vm_mpagominimo_rank_lag2	0.00038267882260644	0.000553861662118998	0.000857469512195122
rf_013_016	0.000381853274314105	0.000781687225297123	0.00128620426829268
ccallcenter_transacciones_tend6	0.000381691214934518	0.00173366747993515	0.000857469512195122
Visa_cconsumos_delta1	0.000381576065156278	0.000623072633020042	0.000524009146341463
Master_msaldopesos_rank_lag1	0.000378549870017643	0.000535268313845092	0.000952743902439024
mcuenta_debitos_automaticos_rank_delta2	0.000377907868855638	0.00192356125333384	0.000714557926829268
rf_003_009	0.000376687267687622	0.000186282865490818	4.76371951219512e-05
Master_msaldopesos_rank_tend6	0.00037659333455183	0.000406500990933047	0.00100038109756098
Master_msaldototal_rank_tend6	0.000376243263784038	0.00089003118830311	0.00109565548780488
Visa_Finiciomora_lag1	0.000374380815803749	0.00151168013970739	0.000333460365853659
mttarjeta_visa_debitos_automaticos_rank_lag2	0.000373321272135736	0.00117992210174114	0.000905106707317073
cplazo_fijo_delta2	0.000371206660593532	0.000339022199183893	4.76371951219512e-05
ctransferencias_recibidas_tend6	0.000371049055797743	0.00205203375136303	0.00104801829268293
Visa_fultimo_cierre_lag2	0.000369778580372445	0.000667770395009759	0.00119092987804878
vm_mpagospesos_rank_delta2	0.000369485941554771	0.00105145517896862	0.00123856707317073
ccajas_transacciones_lag2	0.000368128638089898	0.000952057246277858	0.00109565548780488
Master_mconsumototal_rank	0.000367333874913481	0.000524492537386127	0.00114329268292683
rf_020_015	0.000366723680625929	0.000301196870258142	0.00076219512195122
ccajas_transacciones	0.000366464935772602	0.00135500825889387	0.000809832317073171
vm_fultimo_cierre_lag1	0.000365661014424504	0.00125648816364134	0.00109565548780488
Master_cconsumos_tend6	0.000364975250758123	0.000681959290508759	0.00119092987804878
vm_msaldopesos_rank_delta1	0.000364171141263624	0.00070732909778526	0.000666920731707317
vmr_msaldototal_tend6	0.000363537276301085	0.00100536254085598	0.00109565548780488
tcallcenter_lag1	0.000362735508967961	0.00113513367545831	0.000714557926829268
vmr_mpagominimo_lag2	0.000358526687921769	0.000523690895122485	0.00119092987804878
vm_mlimitecompra_rank_lag2	0.000357690270031874	0.000742499808067475	0.00119092987804878
mextraccion_autoservicio_rank_lag2	0.000357638839864832	0.000666074587770476	0.00123856707317073
Master_mconsumospesos_rank_lag1	0.000357361196925025	0.000571647394639964	0.00100038109756098
matm_rank_lag2	0.000357175301606758	0.00188907165357567	0.00119092987804878
Visa_mconsumosdolares_rank_delta1	0.000354798931841923	0.000666080163027153	0.00152439024390244
vmr_msaldototal_delta2	0.000354670774821409	0.00045305438418679	0.000952743902439024
vmr_msaldototal_delta1	0.00035418655079207	0.0013923201332285	0.00104801829268293
mtransferencias_emitidas_rank_tend6	0.000352349760057705	0.00156315754656067	0.000714557926829268
vmr_msaldopesos_tend6	0.00034648082581546	0.00051242157570339	0.00109565548780488
mcomisiones_mantenimiento_rank_lag1	0.000342127441295512	0.00112195695453462	0.00109565548780488
Master_fultimo_cierre_delta1	0.000342112287213524	0.000691379217641538	0.00142911585365854
ctransferencias_emitidas_tend6	0.000340262450638565	0.000904321633120158	0.000619283536585366
ctrx_quarter_normalizado_delta1	0.000340055841501282	0.00150159688977425	0.000619283536585366
rf_001_020	0.000339536133060777	0.00101292949160886	0.00038109756097561
vm_msaldopesos_rank_lag1	0.000338521560149807	0.000998140326807627	0.000809832317073171
vm_mconsumototal_rank_lag2	0.00033672560491494	0.00102231092292173	0.00109565548780488
ccaja_ahorro_delta2	0.000336022372203676	0.00183889381250499	0.000238185975609756
vmr_mpagospesos_delta2	0.000335090964596581	0.00113840422722046	0.00104801829268293
ctarjeta_debito_transacciones_lag2	0.000334623731929318	0.00118420562454383	0.00109565548780488
vmr_Master_mlimitecompra_tend6	0.00033273974710928	0.0010697884813418	0.000714557926829268
mextraccion_autoservicio_rank_delta2	0.000331880947985558	0.000591501281899719	0.000952743902439024
Master_fultimo_cierre	0.00033079694911807	0.000874123653561292	0.00123856707317073
rf_011_015	0.000329679143129737	0.000338947198707165	9.52743902439024e-05
cpagomiscuentas_tend6	0.000327974943693374	0.00115142523918982	0.000190548780487805
mcaja_ahorro_adicional_rank_delta2	0.000326231297622014	1.05748017301767e-05	4.76371951219512e-05
mautoservicio_rank	0.00032617808468072	0.00281410563073965	0.000857469512195122
vm_mpagominimo_rank_delta2	0.000325534353094458	0.0018130312587336	0.00100038109756098
tcallcenter_tend6	0.000325419466808283	0.00110910067812565	0.00038109756097561
mtransferencias_recibidas_rank_lag1	0.000320890568448577	0.000774738862546983	0.00076219512195122
rf_020_023	0.000320874979691786	0.000527282024143567	0.000857469512195122
mtransferencias_emitidas_rank_delta1	0.000319610742147166	0.00115356494305596	0.000571646341463415
Master_madelantodolares_rank_lag2	0.000318301682903618	0.000165299059544504	0.000571646341463415
tcallcenter_lag2	0.000317170097281951	0.000918393979205765	0.00100038109756098
Visa_mpagado_rank_tend6	0.000315999867783263	0.000900730504099075	0.000809832317073171
mtransferencias_emitidas_rank_delta2	0.000315253873576158	0.00131393852881467	0.000714557926829268
ccomisiones_otras_delta2	0.000314869294667967	0.000803486478904564	0.000714557926829268
Master_mpagominimo_rank_delta2	0.000313597412107934	0.00127483102359739	0.000857469512195122
Master_msaldopesos_rank_lag2	0.000312054295562627	0.000403503361259662	0.00104801829268293
rf_012_016	0.000309556575136645	0.000317065643691633	0.00076219512195122
rf_008_013	0.000308528516375107	0.000255028036970911	0.000666920731707317
rf_019_015	0.000307020503462268	0.000253088378624109	0.000476371951219512
rf_003_028	0.000305627472563795	0.000522756375908038	0.000714557926829268
rf_014_015	0.00030269265298937	0.000632592118307769	0.00076219512195122
Visa_mpagosdolares_rank_tend6	0.00030254943555721	0.000814751815997461	0.00123856707317073
cproductos_delta1	0.000302265306662211	0.00218991037996442	0.000333460365853659
rf_017_017	0.00030152622248009	0.000348306992714355	0.00038109756097561
vmr_msaldopesos2_delta2	0.000300698925640253	0.000977752144116317	0.00114329268292683
ctarjeta_visa_transacciones_lag2	0.000300392529281204	0.000553253826396988	0.00104801829268293
vm_cconsumos_tend6	0.000299178294593237	0.000782378822613496	0.000476371951219512
Master_mconsumototal_rank_lag1	0.000299069025783695	0.000512174273246499	0.00100038109756098
mcaja_ahorro_dolares_rank_tend6	0.000298700681296737	0.00106794001826493	0.000666920731707317
Visa_fultimo_cierre_lag1	0.000298618229098208	0.000463161395332917	0.000857469512195122
vmr_mconsumototal_lag2	0.000294510507058688	0.000766885317052055	0.000857469512195122
Master_mpagominimo_rank_lag1	0.000292351727868558	0.000583848843877786	0.00104801829268293
Master_msaldopesos_rank_delta2	0.000291496439068885	0.000804354360527299	0.00109565548780488
mcuenta_corriente_rank_delta1	0.000290950920077982	0.00125449115979728	0.00076219512195122
rf_017_013	0.00029082973080028	0.000348521109119597	0.000142911585365854
rf_004_025	0.000290563845094209	0.000945580789182173	0.000333460365853659
Master_mconsumosdolares_rank_tend6	0.00029021287479499	0.000717158275306979	0.00119092987804878
Master_mpagospesos_rank_lag2	0.000288386450317568	0.0017744303054087	0.000857469512195122
rf_013_019	0.000287611755596509	0.00075252146468876	0.000571646341463415
mpayroll_rank_delta1	0.000286991339230897	0.00178736941420259	0.000476371951219512
vmr_msaldopesos_lag1	0.00028647916234634	0.000479582650154267	0.000857469512195122
Master_madelantodolares_rank_tend6	0.000285693965800581	0.000265694299459434	0.000857469512195122
rf_018_019	0.000285274291959516	0.000829339209604667	0.00076219512195122
mcuenta_debitos_automaticos_rank_lag1	0.000284573254638012	0.000433688199142074	0.000571646341463415
Visa_cadelantosefectivo_tend6	0.000283946400756036	0.000255919016085594	0.000714557926829268
rf_005_022	0.00028389111435773	0.000538219084813548	0.00119092987804878
mttarjeta_visa_debitos_automaticos_rank_lag1	0.000283012111860097	0.000469166477750975	0.000857469512195122
Master_msaldopesos_rank	0.000281834805726691	0.000530358105643051	0.000809832317073171
Master_mconsumototal_rank_lag2	0.000278139075689261	0.000657221080167249	0.000809832317073171
rf_019_021	0.000278122051654713	0.000346725212748539	0.000476371951219512
vm_mconsumototal_rank_tend6	0.000278093136514494	0.000302025459595723	0.000666920731707317
vmr_mconsumospesos_tend6	0.000277675566918889	0.000970083909533799	0.000952743902439024
rf_009_016	0.000277362826051981	6.74679067242126e-05	9.52743902439024e-05
vm_Finiciomora_tend6	0.000275721654266164	0.0011960136199533	0.000428734756097561
ccajas_transacciones_delta2	0.000272849489707888	0.000355643765012999	0.00038109756097561
Visa_madelantodolares_rank	0.000271166473465724	0.000141061693094487	0.00038109756097561
ctarjeta_debito_delta2	0.000271128576948017	0.00092093709271576	0.000142911585365854
Master_msaldototal_rank_delta1	0.000269115789192597	0.00121063366863533	0.000905106707317073
rf_017_022	0.000264135896027502	0.00119351364831045	0.000333460365853659
ctrx_quarter_lag1	0.000263364191353431	0.000862019240338493	0.000619283536585366
mtarjeta_visa_consumo_rank_tend6	0.000263188824971237	0.000628617491273826	0.000857469512195122
mcaja_ahorro_dolares_rank_lag2	0.000261645112484728	0.000977013555350808	0.000952743902439024
vmr_mconsumototal	0.00026124862165826	0.000340637961666598	0.000714557926829268
rf_012_023	0.000261088269010421	0.000558279654802976	0.000476371951219512
Master_mconsumospesos_rank_delta2	0.00026048743985559	0.000390431906491799	0.000571646341463415
vmr_msaldototal	0.000256108641602117	0.000920655276765154	0.000857469512195122
mtransferencias_recibidas_rank_delta1	0.000255921996975565	0.00088486850062012	0.00076219512195122
Visa_status_tend6	0.000254598620923289	0.000786947479971962	0.000571646341463415
rf_002_018	0.000254300988647878	0.00036493094793918	0.000190548780487805
vm_fechaalta_delta1	0.000254005948611766	0.000162485811574084	0.000285823170731707
vmr_mpagospesos	0.000254001759218577	0.00104609098558002	0.000857469512195122
rf_001_013	0.000252374980545307	0.000646854819585637	0.000905106707317073
Master_mpagospesos_rank	0.000251498086005976	0.00185776459617069	0.000809832317073171
vm_status04_delta2	0.000249250375518908	0.000152139595367668	9.52743902439024e-05
ccomisiones_mantenimiento_delta1	0.000248063602376893	0.00125012122051609	0.000190548780487805
Master_msaldototal_rank_delta2	0.000247152542106193	0.00128738676712262	0.000905106707317073
mcuenta_debitos_automaticos_rank_lag2	0.000247106809378003	0.000696055663295761	0.000666920731707317
Master_madelantopesos_rank_tend6	0.000245842641691445	0.000319471234203593	0.00128620426829268
Master_mconsumosdolares_rank	0.000245549498275577	0.000297038657986475	0.000952743902439024
Master_mconsumototal_rank_delta2	0.000244862577595936	0.00103164376985498	0.000714557926829268
ccomisiones_otras_lag2	0.000244626456127822	0.000695500659767977	0.000476371951219512
Master_msaldopesos_rank_delta1	0.000244445046239345	0.00100016653437713	0.000952743902439024
rf_016_019	0.000242999867430153	0.000466490752778589	0.000857469512195122
mprestamos_prendarios_rank_lag2	0.000236696072796537	0.000665892197230611	9.52743902439024e-05
cmobile_app_trx_delta2	0.000235081146039937	0.00130575391926849	0.000666920731707317
Master_mpagominimo_rank_delta1	0.000234206057618948	0.000474361953252994	0.00076219512195122
Master_mconsumospesos_rank_lag2	0.000234054492279068	0.000983010805860677	0.000619283536585366
vm_mconsumototal_rank_delta1	0.000233747496410241	0.000263721853293601	0.000714557926829268
vmr_msaldopesos2_lag2	0.000232246497231556	0.000962690853691558	0.000857469512195122
rf_014_019	0.000231954018370987	0.000110076805878911	9.52743902439024e-05
mprestamos_prendarios_rank_lag1	0.000231754831260791	0.00183693384429458	0.000238185975609756
ccajas_transacciones_lag1	0.000231632290813197	0.00059423806920714	0.000524009146341463
vm_status05_delta2	0.000231577646130058	0.000306166149632119	0.000190548780487805
vm_mpagospesos_rank_delta1	0.000230363791752602	0.000951814324379785	0.000619283536585366
vmr_mconsumosdolares_lag2	0.000230184087975251	0.0010118800159115	0.000476371951219512
ccuenta_debitos_automaticos_tend6	0.000228708731278224	0.00064292758223345	0.000190548780487805
rf_019_020	0.000227996419022345	0.000918486900150384	0.000809832317073171
vm_mconsumototal_rank_delta2	0.000227675846561509	0.000423681940848754	0.000666920731707317
Visa_fultimo_cierre	0.000226789180865332	0.00045914482112969	0.00076219512195122
vm_mconsumototal_rank_lag1	0.000225479722289758	0.000366256929818882	0.000476371951219512
Master_mpagospesos_rank_lag1	0.00022546841067473	0.000586568639926763	0.000809832317073171
internet_lag2	0.000225383915398736	0.000636873118970538	0.000285823170731707
mplazo_fijo_dolares_rank_delta1	0.000225155034605484	0.000695844998239891	9.52743902439024e-05
vm_status02	0.000224271005049432	0.000268964851221583	0.00038109756097561
rf_019_023	0.000224121017537061	0.000692927147834671	0.000809832317073171
vm_Fvencimiento_tend6	0.000223724569367454	0.000411914565166506	0.00076219512195122
rf_007_018	0.00022328948630351	0.000353289148276373	0.000476371951219512
cmobile_app_trx_tend6	0.000223287611894994	0.00159256463613662	0.000571646341463415
vm_msaldopesos_rank_lag2	0.00022099671143261	0.000472556233810649	0.000666920731707317
vm_Fvencimiento_delta2	0.000219791651777912	0.000279534343183496	0.000285823170731707
vmr_msaldopesos2_lag1	0.000217945008966327	0.000494915402481518	0.000857469512195122
ccajas_transacciones_tend6	0.000217903742711743	0.00138747762457182	0.000476371951219512
vm_mconsumospesos_rank_tend6	0.000217664440698409	0.000622280946571895	0.000809832317073171
Master_cconsumos_lag2	0.000217110069419354	0.000428810646014855	0.000809832317073171
rf_018_025	0.000215750218312849	0.000619022740020959	0.000619283536585366
mtarjeta_visa_consumo_rank_delta1	0.000213228045431192	0.0010939570862928	0.000619283536585366
rf_005_014	0.000212425042690475	0.000289727505319705	0.000524009146341463
cproductos_delta2	0.000211375632622444	0.000905100443380265	0.000190548780487805
Master_mpagosdolares_rank_lag2	0.000211333104698165	0.000338137591791127	0.000905106707317073
rf_013_021	0.000210840502448631	0.00058348313358861	0.000666920731707317
Master_fultimo_cierre_delta2	0.000209981544794145	0.000267747321358671	0.000619283536585366
vm_status04_tend6	0.000209657127091245	0.00131078505744274	0.000285823170731707
Master_msaldototal_rank_lag2	0.000209534352614789	0.000233748875164919	0.000905106707317073
vmr_mconsumototal_delta2	0.000209016373139535	0.000766463190475075	0.000666920731707317
ctarjeta_visa_descuentos_delta2	0.000207944034601677	0.00010885144410781	9.52743902439024e-05
Master_mconsumospesos_rank_delta1	0.000207476119032664	0.000819742334444494	0.00076219512195122
ctarjeta_visa_transacciones	0.000207462786072822	0.0016067591068923	0.000428734756097561
matm_other_rank_tend6	0.000206555512074225	0.000944021708475685	0.000524009146341463
mtarjeta_master_consumo_rank_tend6	0.000205778082784599	0.000811689539895463	0.000285823170731707
active_quarter_lag1	0.000204952531917229	0.000695305924016898	0.000476371951219512
mautoservicio_rank_tend6	0.00020428367451152	0.000838797632557359	0.000619283536585366
vm_mconsumospesos_rank	0.000203074331031125	0.00052733419261676	0.000666920731707317
rf_016_013	0.000202573186891448	0.000322812671372066	0.00038109756097561
vmr_mconsumosdolares	0.000202550742071106	0.000583620258354025	0.000428734756097561
tcallcenter_delta2	0.000202357530351228	0.000699963652737992	0.000571646341463415
ccaja_ahorro_delta1	0.000202042453420283	0.000738148585719415	9.52743902439024e-05
Master_mconsumototal_rank_delta1	0.000200915605211748	0.000761302228466771	0.00076219512195122
mextraccion_autoservicio_rank_tend6	0.000200264014898408	0.00139841773835856	0.000571646341463415
ccajas_depositos_tend6	0.000200172502579638	0.00175981795589066	0.000285823170731707
mautoservicio_rank_delta1	0.000199805626157235	0.000926332215504502	0.000428734756097561
rf_016_017	0.000198574434437377	0.000673261624604078	0.000571646341463415
rf_017_015	0.000198443974321999	0.000543959077051031	0.000857469512195122
mcomisiones_mantenimiento_rank_delta1	0.00019736612619771	0.0012880563289007	0.000571646341463415
rf_018_024	0.00019680143404332	0.000515291903682648	0.000476371951219512
mpayroll_sobre_edad_rank_delta1	0.00019657938762452	0.00040113958517278	0.000142911585365854
Visa_mpagosdolares_rank	0.000196132641596027	0.000221344194546796	0.000905106707317073
ccomisiones_otras_lag1	0.00019169413170699	0.000460777574870839	0.000476371951219512
cextraccion_autoservicio_tend6	0.00019158834325744	0.00122454990753398	0.000571646341463415
rf_019_024	0.000191205741149476	0.000277524595895609	0.00076219512195122
Visa_msaldodolares_rank_tend6	0.000191176777535428	0.0026047017775763	0.000666920731707317
mcheques_emitidos_rank_lag2	0.000190808709170734	0.000339548529963052	0.000285823170731707
ccaja_ahorro_lag2	0.000188568872958952	0.000347353889310985	0.000190548780487805
rf_002_022	0.000188433539296504	0.000287371162908392	0.000333460365853659
rf_003_015	0.000188197299148079	0.000507499686011168	0.000285823170731707
Master_mpagosdolares_rank_tend6	0.000187519183175712	0.000546900954157645	0.000905106707317073
Visa_cadelantosefectivo_lag2	0.000186977965044812	0.000188232877885735	0.000619283536585366
Master_mpagosdolares_rank_lag1	0.000184947660603619	0.000243956108187027	0.000809832317073171
rf_020_027	0.000184027379112322	0.000204313909305576	0.000333460365853659
vmr_mconsumototal_tend6	0.000183697250469324	0.000877650003409555	0.000571646341463415
mcuenta_debitos_automaticos_rank_tend6	0.000183330510975689	0.00182594116380204	0.000571646341463415
rf_003_021	0.000183324596907162	0.000352689409950965	0.000619283536585366
Visa_madelantopesos_rank	0.000183193710076182	0.000135128027059578	0.000524009146341463
Master_mconsumospesos_rank	0.000183142356256511	0.000513079323247081	0.000666920731707317
vmr_msaldopesos2	0.000180238995587774	0.000487599338279104	0.000619283536585366
Visa_delinquency_lag2	0.000179631477131561	0.00044030390491048	0.000285823170731707
rf_003_025	0.000179404785804942	0.000592968370871035	0.000285823170731707
vm_mpagominimo_rank_delta1	0.000178673309008954	0.000548695655830843	0.000619283536585366
ctarjeta_debito_transacciones_delta1	0.000178219004960981	0.00211887550366472	0.000428734756097561
rf_020_021	0.000177945843171941	0.000551247397714267	0.000571646341463415
Master_cadelantosefectivo_lag2	0.000177836729169431	0.000167343320326106	0.000714557926829268
vm_mconsumospesos_rank_delta2	0.000177056413335113	0.000802481472516415	0.000571646341463415
ccajeros_propios_descuentos_delta2	0.000176866612291376	0.00022487359751181	0.000333460365853659
Visa_mpagado_rank_delta2	0.000176682288572624	0.000353139943788157	0.000333460365853659
vm_mconsumospesos_rank_delta1	0.000175892831850125	0.000243940178882235	0.000524009146341463
rf_001_019	0.000175334506709302	0.000251197835633747	0.000619283536585366
Visa_mpagosdolares_rank_lag2	0.000175233895073125	0.000258252393749165	0.000571646341463415
Master_cconsumos_delta2	0.000174524679480529	0.000629842322068101	0.000619283536585366
rf_007_025	0.00017384017273663	0.000799658799707325	0.000524009146341463
Master_madelantopesos_rank_lag2	0.000173828263417887	0.00033855998385652	0.000714557926829268
Master_Fvencimiento_delta1	0.000173744822928125	0.000344486747192686	0.000524009146341463
Master_cconsumos_lag1	0.000173190307229286	0.000205906839784746	0.000619283536585366
ctarjeta_visa_transacciones_lag1	0.000172292492639402	0.000486322869988462	0.00038109756097561
Master_status_lag1	0.000171775488280778	0.000104320486104017	0.000142911585365854
vm_status06	0.000171416000088793	0.000121959005299867	0.000333460365853659
vmr_Master_mlimitecompra_delta1	0.00017121900767152	0.00122882533294007	0.00038109756097561
mpayroll_rank_delta2	0.000171068958478051	0.000904315792375067	0.00038109756097561
vm_msaldototal_rank_lag2	0.00017036473251058	0.000185022061016555	0.000571646341463415
rf_018_021	0.000170143511976085	0.000615261831159639	0.000571646341463415
mpayroll_rank	0.000169920597514249	0.00162874924666883	0.000428734756097561
vm_msaldopesos_rank_tend6	0.000169550881126453	0.000914389219236925	0.000666920731707317
mtarjeta_master_consumo_rank_lag2	0.000169141774199162	0.000757097157490175	0.000476371951219512
Master_cadelantosefectivo_tend6	0.00016829429534787	0.000239665549941383	0.00100038109756098
vm_status02_delta2	0.000166869283785867	0.000701350564208522	0.000333460365853659
mcaja_ahorro_dolares_rank_delta1	0.000165873236740727	0.000391905898161858	0.000285823170731707
ccomisiones_otras_delta1	0.000164982901492898	0.000902582949502144	0.00038109756097561
thomebanking_delta1	0.000164498663526788	0.000679564319533327	0.000428734756097561
minversion1_pesos_rank	0.000164092463112968	0.000711052041803494	0.000142911585365854
rf_010_018	0.000163594422866273	0.000924308397330717	0.00038109756097561
rf_002_020	0.000162947725361056	0.00078844802048334	0.000524009146341463
vmr_msaldopesos2_delta1	0.00016266814068071	0.000630484273051207	0.000571646341463415
ctarjeta_debito_tend6	0.000161469266763569	0.00187730454338184	0.000285823170731707
mpagomiscuentas_rank_delta2	0.000160490945199887	0.000544830011790517	0.000190548780487805
vm_fultimo_cierre_delta1	0.000159821989452841	0.000548780744867272	0.000571646341463415
mforex_sell_rank_tend6	0.000157237209636895	0.00153840353965857	0.000333460365853659
vm_mpagospesos_rank_tend6	0.000157158643532588	0.000614191514621843	0.000619283536585366
mpayroll_rank_lag2	0.000156788399638032	0.000442977771463974	0.000238185975609756
Visa_status_lag1	0.000156498840933725	0.000412122840826657	0.000190548780487805
ccomisiones_mantenimiento_lag2	0.000155516301406475	0.000446577661602691	9.52743902439024e-05
vm_mconsumospesos_rank_lag1	0.000155109719125146	0.000204403644389236	0.000428734756097561
Master_madelantopesos_rank_lag1	0.000154643809405815	0.000111778055630665	0.00038109756097561
ctarjeta_debito_transacciones_delta2	0.000154456300786603	0.000439471996967734	0.000524009146341463
vm_msaldototal_rank_tend6	0.000153690245817946	0.000520855346125356	0.000476371951219512
Visa_fechaalta_delta2	0.000152072640316078	0.000284747739153406	0.000571646341463415
Visa_mpagosdolares_rank_delta1	0.000150830440736097	0.000136645160596781	0.000476371951219512
vm_status05_tend6	0.000150331057681572	0.000162379483464599	0.000142911585365854
cseguro_vida_lag2	0.000149620444056693	0.000979915078218617	0.000190548780487805
rf_008_015	0.000149230339219031	0.000322499129556082	0.000142911585365854
rf_009_017	0.00014910951229736	0.000588377943462686	0.000333460365853659
vm_msaldopesos_rank_delta2	0.000149106994097154	0.000861145916203288	0.000476371951219512
vm_Finiciomora_lag2	0.000148747440576558	0.00120176476270414	0.000238185975609756
vm_cconsumos_lag2	0.000148513502129321	0.00057560197729871	0.00038109756097561
minversion2_rank	0.000148323846376416	0.00111756046641211	0.000190548780487805
Master_Finiciomora	0.000147737504146017	0.000641808548571833	9.52743902439024e-05
vmr_mconsumosdolares_lag1	0.000146287628993614	0.000833480961594716	0.000476371951219512
Visa_madelantopesos_rank_delta2	0.000144597358705999	0.000112558857053871	0.000476371951219512
ccajas_extracciones_tend6	0.000142977556997763	0.00200049023789487	0.000285823170731707
mextraccion_autoservicio_rank_lag1	0.000142275159795885	0.000435873301526875	0.000428734756097561
rf_003_023	0.000141904479331996	0.000261529980954263	0.000428734756097561
vm_mpagado_rank_tend6	0.000141547349589986	0.00144713990645969	0.00038109756097561
vm_mconsumosdolares_rank_lag2	0.000141426980839642	0.00124391649081131	0.000476371951219512
Master_cconsumos	0.00014076094467179	0.000375965841089423	0.00038109756097561
rf_010_020	0.000140684673256732	0.000376634871890675	0.000333460365853659
rf_015_023	0.000140300616280594	0.000560727723461047	0.000476371951219512
vm_mfinanciacion_limite_rank_lag1	0.000139211035736553	0.000211074837236	0.000619283536585366
mttarjeta_visa_debitos_automaticos_rank	0.000138871757603774	0.000303863701368686	0.000476371951219512
matm_rank_tend6	0.00013781757157873	0.000186668354666777	0.000333460365853659
mplazo_fijo_dolares_rank_tend6	0.000137535628622619	0.00095351318473582	0.000142911585365854
mextraccion_autoservicio_rank	0.000137408042367295	0.000745048496834147	0.000285823170731707
Visa_fechaalta_delta1	0.000136119495959289	9.2851784886613e-05	0.00038109756097561
cpayroll_trx_tend6	0.000134896665604844	3.23703384998335e-05	4.76371951219512e-05
Master_cadelantosefectivo_lag1	0.000132903953070375	0.000160532347829795	0.000476371951219512
mtarjeta_master_consumo_rank_delta2	0.000132869577677715	0.0003188576904807	0.000428734756097561
Master_Fvencimiento_delta2	0.000132815833658364	0.000371753734669878	0.000476371951219512
Master_madelantodolares_rank	0.000132122670612148	8.42968190040239e-05	0.000285823170731707
catm_trx_tend6	0.000131109757984283	0.00137892305692185	0.000333460365853659
mpagomiscuentas_rank_lag2	0.000131090934982154	0.000907270280181308	0.000428734756097561
Visa_msaldodolares_rank	0.000129449990365696	0.000255010647479847	0.000238185975609756
vm_mconsumosdolares_rank_delta2	0.000127263889462784	0.00127479120033541	0.000476371951219512
Master_mpagosdolares_rank_delta2	0.000126455336577456	0.000182729303080202	0.000476371951219512
matm_other_rank_lag2	0.000125962469659941	0.000347164065095551	0.00038109756097561
ctarjeta_visa_descuentos_delta1	0.000125904381200831	0.000378956435319859	0.000333460365853659
Visa_madelantodolares_rank_lag1	0.000125056872254826	9.32532033673639e-05	0.00038109756097561
tcuentas_delta2	0.000124897177770969	1.05748017301767e-05	4.76371951219512e-05
vm_mconsumosdolares_rank	0.000122742578150237	0.000382192606332499	0.000142911585365854
vmr_mpagospesos_delta1	0.000121741913156218	0.00100262801020007	0.000428734756097561
Master_madelantodolares_rank_lag1	0.000120973054283562	0.000126637176628776	0.000333460365853659
ctarjeta_debito_transacciones_tend6	0.000120779636125272	0.00126652203272963	0.000476371951219512
rf_015_019	0.000120750226229703	0.000176477316437873	0.000333460365853659
matm_rank_delta2	0.000120626331128024	0.000468716076657989	0.00038109756097561
Master_delinquency_tend6	0.00012052032317434	0.00042846869693866	0.000333460365853659
Master_msaldodolares_rank_delta1	0.00011978438574077	6.92064575980201e-05	0.000142911585365854
Visa_mpagado_rank_lag2	0.000119691231474459	0.000221991986274991	0.000428734756097561
active_quarter	0.0001196784847518	0.000568777597637533	0.000476371951219512
mcheques_depositados_rank_delta2	0.000119475619379471	0.000671811128658587	0.000190548780487805
mtarjeta_master_consumo_rank_lag1	0.000118925716664537	0.000499298483439161	0.000285823170731707
vmr_mpagospesos_lag2	0.000118898071773836	0.000213187328539792	0.000524009146341463
vmr_mpagospesos_lag1	0.000118261825714071	0.000234121620897045	0.000524009146341463
rf_011_026	0.000117500706888182	0.000325304811106727	0.000476371951219512
Master_status_tend6	0.000117055660165751	0.000454096027975961	0.000238185975609756
vmr_Master_mlimitecompra_delta2	0.000116879284064541	0.000139646374363744	0.000285823170731707
rf_014_028	0.000116868851695043	0.0012226691876149	0.000285823170731707
vmr_mpagado_tend6	0.00011661052877744	0.000368123977084676	0.000333460365853659
ctrx_quarter_normalizado_lag1	0.000116498936969583	0.000760382443859257	0.000428734756097561
rf_008_021	0.000115258094820153	0.000330790730932782	4.76371951219512e-05
cliente_vip	0.000114786137239299	0.000197784487271458	0.000142911585365854
Visa_fultimo_cierre_delta1	0.00011472860651232	0.000117458312975179	0.000476371951219512
rf_005_020	0.000113562698544825	0.000357403820448275	0.00038109756097561
vm_status01_delta2	0.000113292332863902	0.000497100637610526	0.000190548780487805
vmr_Visa_mlimitecompra_tend6	0.000113159435305371	0.000559128554004167	0.000285823170731707
rf_011_010	0.000112336708724526	0.000285834250484406	9.52743902439024e-05
Master_madelantopesos_rank_delta2	0.000111871468318595	8.20059194865643e-05	0.000285823170731707
Master_mpagado_rank_tend6	0.000111560598201801	0.000845261213465004	0.00038109756097561
mtarjeta_master_consumo_rank_delta1	0.000110673779549569	0.00100534700978381	0.000238185975609756
vm_mpagospesos_rank_lag2	0.000110655195911471	0.000126871071920801	0.000524009146341463
ctarjeta_debito_transacciones_lag1	0.00011037607097034	0.000541282953846025	0.000333460365853659
Master_mpagosdolares_rank	0.000109385779985592	0.00019208020322555	0.000571646341463415
vmr_mconsumospesos_delta1	0.000108963741303238	0.000776668432334085	0.000524009146341463
mplazo_fijo_dolares_rank_lag2	0.000107742746421457	0.000486299905240721	0.000142911585365854
internet_delta2	0.000107578131560804	0.000376492171868583	9.52743902439024e-05
matm_rank_lag1	0.000107459132511902	0.00112591857263631	0.000476371951219512
Visa_cadelantosefectivo	0.000107319558848368	0.00015485408164838	0.000524009146341463
ctarjeta_debito_lag2	0.00010687067252391	0.0011905730986459	0.000285823170731707
vm_mpagado_rank_delta2	0.000106591496365147	0.00135393608393718	0.000285823170731707
vm_status03	0.000106021103723237	0.000248222772475484	0.000333460365853659
vm_mconsumosdolares_rank_lag1	0.00010592607027942	0.000884579914714978	0.000333460365853659
Master_mpagospesos_rank_delta1	0.000105779219008582	0.000182369566280323	0.00038109756097561
ctarjeta_visa_lag2	0.000105704436606786	0.001209049632018	0.000190548780487805
Master_mpagospesos_rank_delta2	0.000105643177401748	0.000933497615032429	0.000524009146341463
mplazo_fijo_dolares_rank_delta2	0.000103216118927834	0.00065602996640145	9.52743902439024e-05
cmobile_app_trx_lag1	0.000102443468556785	0.000336472846696188	0.000142911585365854
Visa_status_delta1	0.00010219534247726	0.000135860509591583	0.000238185975609756
Visa_madelantopesos_rank_tend6	0.000101747246999195	0.000212269136862757	0.000428734756097561
vmr_mpagado_lag2	0.00010103236079603	0.000209674651344809	0.000238185975609756
Visa_mpagado_rank	0.000100642971611529	0.000440238727505041	0.000238185975609756
rf_016_014	9.96832403059095e-05	0.000122595646514708	0.000190548780487805
active_quarter_delta2	9.96205924323564e-05	1.3106233749991e-05	4.76371951219512e-05
rf_004_016	9.95657477565615e-05	0.000319299994177082	0.000285823170731707
vmr_mconsumototal_delta1	9.91514054814619e-05	0.000364262713603168	0.000333460365853659
mautoservicio_rank_lag1	9.86794084421266e-05	0.000503114348402013	0.000285823170731707
rf_009_023	9.81323516157119e-05	0.000809904926781967	0.000285823170731707
rf_005_017	9.80803033529017e-05	7.88829792821515e-05	0.000190548780487805
Master_fechaalta_delta2	9.75933748932626e-05	0.00026404999697231	0.00038109756097561
Master_mconsumosdolares_rank_lag2	9.62414820310865e-05	9.66399063102859e-05	0.000285823170731707
mtarjeta_visa_descuentos_rank_delta1	9.60690629274173e-05	0.000205027807648657	0.000333460365853659
Visa_mpagado_rank_lag1	9.49584486610396e-05	0.000445954693041129	0.000333460365853659
ctarjeta_master_transacciones_tend6	9.43679304515945e-05	0.000826526625355279	0.000285823170731707
rf_012_028	9.36334906982155e-05	9.92393033638781e-05	0.000238185975609756
Visa_Fvencimiento_delta1	9.31627863814415e-05	0.000134968468523248	0.000238185975609756
rf_008_017	9.30668205676841e-05	0.000813884465351553	0.000285823170731707
rf_002_021	9.21565627065401e-05	0.00036516696713851	0.000285823170731707
rf_001_017	9.21210859605977e-05	0.000389107915775196	0.000333460365853659
mpayroll_sobre_edad_rank_tend6	9.20165079195593e-05	0.000709270481806749	0.000238185975609756
rf_016_016	9.18954949420032e-05	0.00133737717337359	0.000190548780487805
vmr_mconsumototal_lag1	9.16954996951092e-05	0.00018687888697844	0.000476371951219512
Master_status	9.1634468290939e-05	0.000228253397755989	0.000190548780487805
Master_mpagado_rank_lag2	9.1406356807414e-05	0.000459679780282278	0.000285823170731707
cseguro_accidentes_personales	9.06729600470914e-05	0.000503378642117349	0.000190548780487805
Visa_mpagado_rank_delta1	8.89259942370175e-05	0.000376648942776574	0.000238185975609756
Master_mpagado_rank	8.82865779975059e-05	0.00013382647011389	0.000238185975609756
Visa_madelantodolares_rank_tend6	8.82735473784778e-05	0.000135823075725323	0.000524009146341463
Visa_mpagosdolares_rank_lag1	8.78458743211571e-05	0.0001552508540819	0.00038109756097561
ccajas_depositos	8.75427739538722e-05	0.000738148585719415	9.52743902439024e-05
Visa_cadelantosefectivo_lag1	8.71831617246309e-05	9.15001833750373e-05	0.000428734756097561
rf_009_022	8.69515440980875e-05	0.000973790791503034	0.000190548780487805
mtarjeta_master_consumo_rank	8.67713040272779e-05	0.00179474362036749	0.000333460365853659
vm_fultimo_cierre_delta2	8.67198696792047e-05	8.05863529412106e-05	0.000285823170731707
Visa_madelantopesos_rank_lag2	8.65706605245736e-05	0.00012677669078991	0.000333460365853659
rf_012_019	8.6470608449729e-05	0.000272721114035672	0.000238185975609756
vm_status06_delta2	8.57760862199771e-05	0.000179979639584742	9.52743902439024e-05
vm_status02_tend6	8.48619758870699e-05	0.000214430212546165	0.000333460365853659
vmr_Visa_mlimitecompra_delta2	8.38691956209155e-05	0.000527281227678328	0.000285823170731707
vm_status03_tend6	8.36652842939669e-05	0.000968535581108046	0.000142911585365854
vmr_mconsumospesos_delta2	8.32402046954118e-05	0.0002602450170344	0.000333460365853659
cmobile_app_trx	8.27467242986838e-05	0.00107194318530329	0.000190548780487805
Master_mpagado_rank_delta1	8.21919314323235e-05	0.00045215862628067	0.000190548780487805
cprestamos_personales_lag2	8.17481714222216e-05	0.000251647440261493	0.000190548780487805
Master_msaldodolares_rank	8.13775014109098e-05	6.26308405800063e-05	0.000238185975609756
mtarjeta_master_descuentos_rank_delta2	7.9907776116397e-05	0.000217093194074717	0.000333460365853659
Master_cconsumos_delta1	7.98243964257962e-05	0.000101362148715785	0.00038109756097561
vmr_msaldodolares2_delta2	7.94552263594009e-05	0.00147010160108431	0.000285823170731707
rf_018_015	7.90927807847332e-05	0.000379177852656463	0.000285823170731707
Visa_mpagosdolares_rank_delta2	7.86892663349921e-05	0.000543399560220222	0.00038109756097561
ccallcenter_transacciones_delta1	7.82549477900112e-05	0.000166313225282909	0.000142911585365854
vmr_mpagado_lag1	7.78327800183208e-05	0.000853684098862029	0.000238185975609756
vm_status04_lag1	7.7807033228647e-05	0.00044106506019111	0.000142911585365854
cmobile_app_trx_delta1	7.68782889383796e-05	0.000918333182359144	0.000190548780487805
mcajeros_propios_descuentos_rank_delta1	7.63438542094101e-05	9.42726788740327e-05	9.52743902439024e-05
rf_003_027	7.59104784869481e-05	0.000927565409183793	0.000238185975609756
Master_fechaalta_delta1	7.49840281890917e-05	0.000115367591721268	0.00038109756097561
vmr_msaldodolares2	7.48594376425688e-05	0.000214296008153295	0.000142911585365854
cpagomiscuentas_lag2	7.4689678023115e-05	0.000505023077348678	0.000142911585365854
minversion2_rank_lag2	7.45374215936315e-05	0.000343490767410585	4.76371951219512e-05
mpagomiscuentas_rank_lag1	7.44118749846578e-05	0.000262291003490687	0.000238185975609756
rf_017_019	7.38409064057096e-05	0.000566912807023251	0.000238185975609756
rf_020_018	7.37010982995652e-05	0.000664304709263912	0.000142911585365854
ccheques_emitidos_delta2	7.3635177375479e-05	0.000312494995170068	4.76371951219512e-05
Visa_msaldodolares_rank_lag2	7.30685971371168e-05	0.000363027528760778	0.00038109756097561
vm_status04_delta1	7.26128093457232e-05	1.55103640756783e-05	4.76371951219512e-05
catm_trx_lag2	7.23824746860018e-05	0.000751913496222543	0.000333460365853659
mv_status07_rank_lag1	7.19037817253183e-05	0.000482882272897662	0.000238185975609756
Master_delinquency_lag1	7.08833989885088e-05	6.70942317826406e-05	0.000190548780487805
rf_018_017	7.0768421329383e-05	0.000160748455398136	0.000238185975609756
Master_cadelantosefectivo	6.97138924597869e-05	0.000218365945527574	0.000428734756097561
rf_004_015	6.91951111629339e-05	0.000314111686862219	0.000142911585365854
rf_003_026	6.83901546612131e-05	0.000684995681490471	9.52743902439024e-05
rf_004_020	6.83786219836906e-05	0.000223904299315235	0.000142911585365854
rf_008_018	6.81206955672064e-05	0.000120935016490174	0.000238185975609756
ctarjeta_visa_transacciones_delta1	6.77280354226875e-05	0.00122041479275426	0.000238185975609756
vmr_msaldodolares2_tend6	6.75413677133603e-05	0.000404793103970963	0.000142911585365854
ctarjeta_visa_debitos_automaticos_lag2	6.74502372621e-05	0.00101161997001078	0.000190548780487805
Master_status_delta1	6.68751956619966e-05	0.000629806746620733	0.000190548780487805
mpayroll_rank_lag1	6.63700504497416e-05	0.000738262082016056	0.000142911585365854
cplazo_fijo	6.52212912427246e-05	0.000738148585719415	9.52743902439024e-05
rf_009_019	6.48872129189889e-05	9.2143727288622e-05	0.000142911585365854
matm_rank_delta1	6.43666508512954e-05	0.000348533056098191	0.000238185975609756
rf_003_017	6.42933538914645e-05	0.000503167711573065	0.000190548780487805
mextraccion_autoservicio_rank_delta1	6.40702106923846e-05	0.00039798571556823	0.000285823170731707
matm_other_rank_delta1	6.30368718111639e-05	0.00108546889074613	0.000190548780487805
matm_rank	6.29235561119107e-05	5.58161512459104e-05	0.000190548780487805
cseguro_vida_delta2	6.2878379373756e-05	0.000954183941211757	0.000142911585365854
vmr_mconsumosdolares_tend6	6.26936561923216e-05	0.00045288858667275	0.000238185975609756
vm_cconsumos	6.24611375535705e-05	0.000253626789126068	9.52743902439024e-05
ccajas_otras_tend6	6.24541127244404e-05	0.00133906780358881	0.000190548780487805
vmr_msaldodolares2_lag2	6.24395080342981e-05	0.00125835175955776	0.000285823170731707
ctransferencias_recibidas_delta2	6.21342868389746e-05	0.000801510050412534	0.000142911585365854
mcheques_depositados_rank	6.20061911946911e-05	0.0003599153408371	4.76371951219512e-05
Visa_Fvencimiento_delta2	6.1869715892983e-05	0.000129289804109214	0.000333460365853659
Master_cadelantosefectivo_delta2	6.1661515350728e-05	6.55772309896444e-05	0.000190548780487805
Master_mpagado_rank_lag1	6.16614512415841e-05	0.000521111542444089	0.000190548780487805
rf_013_022	6.15237824296991e-05	0.000179844373238219	0.000142911585365854
rf_010_016	6.09709121408182e-05	0.000434489841405716	0.000190548780487805
mcheques_emitidos_rank_lag1	6.08804360209292e-05	0.000702060612969612	9.52743902439024e-05
cplazo_fijo_lag2	6.06300967822615e-05	0.00053195926626303	9.52743902439024e-05
rf_001_021	6.03241205188481e-05	7.13623562573701e-05	0.000285823170731707
mtarjeta_visa_descuentos_rank_delta2	6.01197367789347e-05	0.000253442938399931	0.000238185975609756
mcheques_emitidos_rank_delta1	6.01179866689892e-05	0.00104033187817678	0.000142911585365854
Master_mpagosdolares_rank_delta1	6.00522794892312e-05	6.3420137632435e-05	0.000238185975609756
Master_mconsumosdolares_rank_delta2	5.98560004712816e-05	8.06122380614971e-05	0.000285823170731707
mtarjeta_visa_consumo_rank_lag1	5.94438143887756e-05	6.59458616513657e-05	0.000285823170731707
rf_007_024	5.93700622191808e-05	0.000254196527260785	9.52743902439024e-05
cproductos_lag2	5.92191656700711e-05	0.000790707857856456	0.000190548780487805
mcuenta_debitos_automaticos_rank_delta1	5.78122023564192e-05	0.000405153504491875	0.000190548780487805
rf_012_020	5.69822767368141e-05	0.000121678649535533	0.000142911585365854
ctransferencias_recibidas_lag2	5.65758547283442e-05	0.00113297419270539	0.000190548780487805
mpagomiscuentas_rank_delta1	5.6571236082627e-05	0.000673675255551836	0.000238185975609756
Visa_Finiciomora_lag2	5.59223512012922e-05	0.000539237232878151	0.000142911585365854
mv_status07_rank	5.50319525411581e-05	6.57298868272315e-05	0.000142911585365854
Master_mconsumosdolares_rank_delta1	5.46117714560911e-05	5.02204519609994e-05	0.000190548780487805
cforex_buy_tend6	5.41083425571133e-05	0.00107836853587944	0.000142911585365854
mv_status07_rank_delta1	5.40923535972491e-05	0.00123815419754712	0.000190548780487805
rf_009_008	5.39897455187095e-05	0.000568432860932999	0.000190548780487805
vm_status01_lag1	5.38622806003923e-05	0.000310484451416942	0.000190548780487805
rf_018_018	5.37849997276321e-05	0.000377247751892536	9.52743902439024e-05
Master_mconsumosdolares_rank_lag1	5.33568818164935e-05	7.32205096613219e-05	0.000238185975609756
mttarjeta_master_debitos_automaticos_rank_delta1	5.32645798149969e-05	0.000573159749385729	9.52743902439024e-05
rf_015_024	5.30757205485211e-05	0.000291300258679472	0.000142911585365854
Master_delinquency_lag2	5.28503643645081e-05	0.00103916054329777	0.000238185975609756
ctransferencias_emitidas_lag2	5.26086366562829e-05	0.000721888216876461	0.000142911585365854
rf_013_018	5.2220289942209e-05	3.61624422497043e-05	0.000190548780487805
ccajeros_propios_descuentos_tend6	5.2129563657291e-05	0.00107576900608164	0.000142911585365854
cseguro_accidentes_personales_lag2	5.15956006880002e-05	0.000411790449333337	9.52743902439024e-05
ctarjeta_visa_delta1	5.09912855984683e-05	0.00047329548629719	9.52743902439024e-05
cprestamos_hipotecarios_lag1	5.09011195717211e-05	0.000738148585719415	9.52743902439024e-05
Master_madelantodolares_rank_delta2	5.07361935726681e-05	7.10206726695881e-05	0.000238185975609756
mcheques_emitidos_rechazados_rank_lag2	5.0662365273465e-05	0.000396016720751769	9.52743902439024e-05
cpagomiscuentas_delta2	5.04449314465972e-05	0.000690849435513007	9.52743902439024e-05
vm_cconsumos_lag1	4.98388617176694e-05	0.000396597078423014	0.000142911585365854
vm_msaldodolares_rank_tend6	4.93788444648726e-05	0.00105865124240827	0.000190548780487805
catm_trx_other_tend6	4.77445044839162e-05	0.000561978173887195	0.000142911585365854
vm_mpagosdolares_rank_delta2	4.73750936598119e-05	0.000390006992286481	9.52743902439024e-05
rf_004_017	4.7275263179617e-05	0.000269891804016253	0.000142911585365854
rf_016_018	4.71374466379656e-05	0.000157630824961987	0.000142911585365854
ctarjeta_debito_delta1	4.6961805004556e-05	0.00147629717143883	0.000190548780487805
rf_020_019	4.69615520521729e-05	0.00015565466195837	9.52743902439024e-05
ccomisiones_mantenimiento	4.62811770380743e-05	0.000369074292859708	4.76371951219512e-05
rf_015_022	4.62052732053363e-05	0.000321803417169305	0.000142911585365854
vm_mpagospesos_rank_lag1	4.59771408166557e-05	8.11213120937985e-05	0.000190548780487805
vm_Fvencimiento_delta1	4.5938417500044e-05	6.86983127751648e-05	0.000142911585365854
Visa_madelantopesos_rank_lag1	4.58733446284378e-05	6.00190983152005e-05	0.000285823170731707
vm_status02_lag2	4.54845923543448e-05	4.63504273618558e-05	0.000142911585365854
vmr_Visa_mlimitecompra_delta1	4.54590894581534e-05	0.000547917509291768	0.000142911585365854
rf_014_022	4.53000590614073e-05	0.000369074292859708	4.76371951219512e-05
vm_status06_lag1	4.47296047492876e-05	8.88016263991167e-05	9.52743902439024e-05
Master_msaldodolares_rank_tend6	4.41587839001058e-05	6.53904598909617e-05	9.52743902439024e-05
ctarjeta_master_transacciones_lag2	4.37293418310948e-05	0.000595142455486688	0.000142911585365854
vmr_mpagado_delta1	4.35227466305826e-05	0.000288019220125001	0.000142911585365854
Master_madelantopesos_rank_delta1	4.32986489369386e-05	6.10264940990689e-05	0.000190548780487805
rf_012_015	4.31806206494251e-05	0.000659498838008256	0.000190548780487805
mpayroll_sobre_edad_rank_lag2	4.31497189096875e-05	0.000199798747862368	0.000238185975609756
Master_delinquency_delta1	4.3128616853623e-05	6.34717751288014e-05	9.52743902439024e-05
Master_msaldodolares_rank_lag1	4.30184738601559e-05	3.92178156529589e-05	9.52743902439024e-05
mpayroll_sobre_edad_rank	4.29959764285056e-05	0.000128258116135538	9.52743902439024e-05
vm_status03_lag1	4.21004901503297e-05	4.17002650605388e-05	9.52743902439024e-05
ctarjeta_master_descuentos_lag2	4.15949156855458e-05	8.31504400358479e-05	4.76371951219512e-05
ctransferencias_recibidas_lag1	4.15633189364883e-05	0.000395885436731444	9.52743902439024e-05
rf_004_023	4.13586372545548e-05	8.78895409555853e-05	4.76371951219512e-05
vmr_mpagosdolares_delta1	4.10812739212043e-05	0.0007375124754814	0.000142911585365854
cinversion1	4.09661868584308e-05	0.000738148585719415	9.52743902439024e-05
vmr_msaldodolares2_lag1	4.08793642629073e-05	0.000234883838131327	0.000142911585365854
cliente_vip_delta2	4.05553169296813e-05	0.000403534157915592	0.000142911585365854
Visa_cadelantosefectivo_delta2	4.04241846373329e-05	5.57902661256239e-05	0.000238185975609756
rf_005_015	4.04009051786524e-05	0.000333303446019466	0.000190548780487805
Visa_msaldodolares_rank_delta1	3.94992435175034e-05	6.45552333430502e-05	0.000142911585365854
mttarjeta_master_debitos_automaticos_rank_tend6	3.94549057729281e-05	0.000547396488280873	9.52743902439024e-05
vmr_mpagosdolares_lag1	3.90943343454626e-05	0.000387200248782183	0.000142911585365854
minversion2_rank_lag1	3.88007628965331e-05	0.00108054753203074	0.000142911585365854
vmr_mpagosdolares_lag2	3.84463846214229e-05	0.000113494570966177	9.52743902439024e-05
ccajas_extracciones_delta2	3.8008881524401e-05	0.000236625574866093	9.52743902439024e-05
mttarjeta_master_debitos_automaticos_rank	3.79486468026462e-05	0.000493597916231038	9.52743902439024e-05
active_quarter_tend6	3.76126974674815e-05	0.000760162088476305	0.000142911585365854
ccheques_depositados_tend6	3.68718278108597e-05	0.000582082814953213	9.52743902439024e-05
vm_msaldodolares_rank_lag1	3.66771039513912e-05	0.000373180203913975	9.52743902439024e-05
cforex_tend6	3.65563724965976e-05	0.00109795242142297	0.000142911585365854
rf_018_023	3.64075236074818e-05	0.000553805909552227	0.000142911585365854
ctarjeta_master_transacciones_delta2	3.62882164906251e-05	0.000739659214790495	0.000142911585365854
vmr_mconsumosdolares_delta1	3.60126969920012e-05	0.000105065181103029	9.52743902439024e-05
Master_delinquency_delta2	3.59934029270319e-05	0.000328935630645582	9.52743902439024e-05
rf_018_026	3.57786846798805e-05	0.000364428112884589	9.52743902439024e-05
rf_008_010	3.37908656939252e-05	0.000334765357966724	9.52743902439024e-05
vm_mpagado_rank_lag2	3.37511758622849e-05	0.000188570313658906	0.000142911585365854
mtarjeta_visa_descuentos_rank_tend6	3.36850765475373e-05	0.000235380301464002	9.52743902439024e-05
Visa_madelantodolares_rank_delta2	3.36694733748992e-05	5.6441907435811e-05	0.000285823170731707
vm_status02_delta1	3.29966070571788e-05	2.2908198709357e-05	9.52743902439024e-05
cseguro_auto	3.28614141125589e-05	0.000738148585719415	9.52743902439024e-05
Visa_msaldodolares_rank_lag1	3.27484644277389e-05	4.90418161506202e-05	0.000142911585365854
vm_status04_lag2	3.26719764701107e-05	5.55016802204809e-05	4.76371951219512e-05
cforex_sell_tend6	3.23221119665203e-05	0.000714379540830273	0.000142911585365854
vm_cconsumos_delta2	3.20722500622395e-05	0.000479287161550381	9.52743902439024e-05
ccajeros_propios_descuentos_delta1	3.17534095064424e-05	3.63377973466196e-05	4.76371951219512e-05
vmr_mpagado	3.14074821404957e-05	0.00020851513070018	9.52743902439024e-05
ctarjeta_master_debitos_automaticos_tend6	3.13844139980966e-05	0.000275115554034278	4.76371951219512e-05
Visa_madelantodolares_rank_lag2	3.10003887281107e-05	3.54697829796785e-05	0.000142911585365854
Master_msaldodolares_rank_delta2	3.09625758310267e-05	3.02804137111624e-05	4.76371951219512e-05
mtarjeta_master_descuentos_rank_delta1	3.05465681118619e-05	7.93820974989581e-05	9.52743902439024e-05
rf_008_014	3.04362516056031e-05	0.000307248811381128	0.000142911585365854
Visa_msaldodolares_rank_delta2	3.03479210515202e-05	0.000136696532604734	9.52743902439024e-05
ccajas_extracciones_lag2	2.98569342043348e-05	0.000319525659328298	9.52743902439024e-05
vm_mconsumosdolares_rank_tend6	2.97669179978697e-05	3.06329823238854e-05	9.52743902439024e-05
Master_madelantodolares_rank_delta1	2.85426162688878e-05	5.75693039824436e-05	0.000142911585365854
rf_007_027	2.85289746095816e-05	0.000446179296238692	9.52743902439024e-05
cprestamos_prendarios	2.77127495321378e-05	0.000369074292859708	4.76371951219512e-05
Visa_delinquency_delta1	2.69845616397596e-05	2.83039852191322e-05	4.76371951219512e-05
vm_mconsumosdolares_rank_delta1	2.68508996493704e-05	1.46317301722095e-05	4.76371951219512e-05
vm_status01_lag2	2.67527144049236e-05	8.76048046324336e-05	9.52743902439024e-05
Master_Finiciomora_tend6	2.54923822917944e-05	0.000643697233143302	9.52743902439024e-05
cprestamos_personales_delta1	2.54064182013288e-05	0.000738148585719415	9.52743902439024e-05
vm_status05_delta1	2.53656858992611e-05	0.00019781169983381	4.76371951219512e-05
catm_trx_delta2	2.53170465704956e-05	0.000377986340658044	9.52743902439024e-05
vm_mpagado_rank_lag1	2.51580677398001e-05	1.67374515214656e-05	9.52743902439024e-05
vm_msaldodolares_rank	2.48960195234641e-05	0.000283598838045305	4.76371951219512e-05
mtarjeta_master_descuentos_rank	2.48804159153019e-05	6.40865135495545e-05	4.76371951219512e-05
cpayroll_trx_delta1	2.45227733001402e-05	0.000738148585719415	9.52743902439024e-05
ctarjeta_visa_descuentos_tend6	2.38431188170723e-05	0.000725498726551707	9.52743902439024e-05
ctarjeta_master_descuentos_tend6	2.37872846305775e-05	0.000665245069223448	9.52743902439024e-05
ccomisiones_mantenimiento_delta2	2.37315389425749e-05	0.000664240195579505	9.52743902439024e-05
mprestamos_hipotecarios_rank_lag1	2.35769181399897e-05	0.000369074292859708	4.76371951219512e-05
cpagomiscuentas	2.34659389402974e-05	0.000738148585719415	9.52743902439024e-05
mtarjeta_master_descuentos_rank_lag2	2.32851044662294e-05	8.29916779647573e-05	4.76371951219512e-05
ctransferencias_recibidas	2.31959732446859e-05	0.000343515059600392	4.76371951219512e-05
Visa_cadelantosefectivo_delta1	2.30775017243207e-05	3.30872899596666e-05	0.000142911585365854
vm_mpagosdolares_rank	2.30732627684926e-05	0.000143740471183624	4.76371951219512e-05
mv_status07_rank_lag2	2.30546474242427e-05	0.000294845192716658	9.52743902439024e-05
rf_015_027	2.27972338809099e-05	0.000294973689108644	9.52743902439024e-05
vmr_msaldodolares2_delta1	2.26388912637841e-05	0.0006541034497311	9.52743902439024e-05
mtarjeta_visa_descuentos_rank	2.26053914487257e-05	9.01999538714148e-05	4.76371951219512e-05
rf_013_015	2.24412135058251e-05	0.000108652195053707	9.52743902439024e-05
vm_mpagado_rank	2.23756890828573e-05	0.000204634619308715	9.52743902439024e-05
Master_cadelantosefectivo_delta1	2.22893240924801e-05	4.53557750218208e-05	0.000238185975609756
vm_msaldodolares_rank_delta1	2.2230856074138e-05	0.000245073150685545	4.76371951219512e-05
mv_status07_rank_delta2	2.20595369300742e-05	0.000165533353069149	9.52743902439024e-05
rf_012_026	2.16516787374125e-05	0.000132129069944128	4.76371951219512e-05
vmr_mconsumosdolares_delta2	2.10866806709121e-05	1.61853683662266e-05	4.76371951219512e-05
rf_003_016	2.06823052771784e-05	0.000110341099594247	4.76371951219512e-05
cpayroll_trx_delta2	2.0542530619283e-05	0.000324841666569908	4.76371951219512e-05
vm_status06_delta1	2.04656275201059e-05	2.6617470074311e-05	4.76371951219512e-05
mtarjeta_visa_descuentos_rank_lag1	2.0195352428191e-05	0.000180222163250195	9.52743902439024e-05
vmr_mpagado_delta2	1.97760542375301e-05	0.000496528908312711	9.52743902439024e-05
Visa_madelantodolares_rank_delta1	1.97127492452518e-05	4.47516561375955e-05	0.000190548780487805
rf_010_014	1.95676674651805e-05	0.000267182362015392	4.76371951219512e-05
vm_Finiciomora_delta2	1.9141265005798e-05	0.000369074292859708	4.76371951219512e-05
vm_mpagosdolares_rank_delta1	1.90556165831824e-05	0.000127830281557674	4.76371951219512e-05
mcaja_ahorro_adicional_rank_delta1	1.88643859752197e-05	0.000722915922523939	9.52743902439024e-05
ctarjeta_debito_transacciones	1.8787066166607e-05	0.000189349787640046	4.76371951219512e-05
ctarjeta_visa	1.8742192553209e-05	0.000285738276423036	4.76371951219512e-05
rf_004_018	1.86331874970467e-05	0.000329770458960874	4.76371951219512e-05
mcaja_ahorro_adicional_rank	1.82811140153448e-05	0.000724718588849533	9.52743902439024e-05
rf_007_028	1.81543576946986e-05	7.80664696673702e-05	4.76371951219512e-05
ccajas_consultas	1.80911182052412e-05	0.000320144114586836	4.76371951219512e-05
ccaja_seguridad_tend6	1.80163446445843e-05	0.000738148585719415	9.52743902439024e-05
ctarjeta_master_transacciones_lag1	1.7837177705097e-05	7.48567147518427e-05	4.76371951219512e-05
cextraccion_autoservicio_delta1	1.76188372913134e-05	0.000234136090015564	4.76371951219512e-05
rf_003_024	1.75532870853204e-05	0.000240392324472504	4.76371951219512e-05
mcheques_depositados_rank_delta1	1.75308237987576e-05	0.000678221479139387	9.52743902439024e-05
Visa_madelantopesos_rank_delta1	1.69855518371096e-05	3.20420620769179e-05	9.52743902439024e-05
mcajeros_propios_descuentos_rank_lag2	1.69792538105569e-05	0.000118848808539287	4.76371951219512e-05
ctarjeta_master	1.68346486680339e-05	1.98857458693386e-05	4.76371951219512e-05
vm_mpagosdolares_rank_lag1	1.67175393798724e-05	5.56421235910611e-05	4.76371951219512e-05
cforex_sell_delta2	1.66896672327097e-05	0.000270476807734728	4.76371951219512e-05
mttarjeta_master_debitos_automaticos_rank_lag1	1.66567360378844e-05	0.000655716557329673	9.52743902439024e-05
ccaja_seguridad_delta2	1.65628642238826e-05	0.000716550439584969	9.52743902439024e-05
vm_status02_lag1	1.65157265821299e-05	8.6352761275806e-06	4.76371951219512e-05
minversion1_pesos_rank_delta2	1.62049498416977e-05	0.00072765489069947	9.52743902439024e-05
rf_009_012	1.61656258502809e-05	0.000574241083692672	9.52743902439024e-05
ccheques_emitidos_rechazados_lag2	1.59715890735941e-05	7.15057200004954e-05	4.76371951219512e-05
rf_010_007	1.58897816249062e-05	0.000111662966403545	4.76371951219512e-05
minversion1_pesos_rank_tend6	1.58232781438165e-05	0.000718924038743139	9.52743902439024e-05
mprestamos_hipotecarios_rank_tend6	1.57970108157675e-05	0.00072956773471654	9.52743902439024e-05
mprestamos_prendarios_rank_tend6	1.57370165033024e-05	0.000738148585719415	9.52743902439024e-05
rf_006_020	1.56690454802875e-05	0.000695828405214066	9.52743902439024e-05
cproductos	1.53217509171625e-05	0.000126357351841268	4.76371951219512e-05
mcheques_emitidos_rechazados_rank_lag1	1.5316107221981e-05	0.000738148585719415	9.52743902439024e-05
vm_mpagado_rank_delta1	1.51391694689224e-05	0.000219180065746636	4.76371951219512e-05
rf_002_008	1.46176973301205e-05	8.74488301896816e-05	4.76371951219512e-05
ccajas_depositos_delta1	1.45207489740484e-05	0.000369074292859708	4.76371951219512e-05
ccallcenter_transacciones_lag1	1.42268852013593e-05	0.000350596166557129	4.76371951219512e-05
ccajas_otras_delta2	1.42160075520466e-05	0.000291854465742016	4.76371951219512e-05
cprestamos_prendarios_delta2	1.39862320181335e-05	0.000369074292859708	4.76371951219512e-05
ccallcenter_transacciones_lag2	1.39616977274863e-05	2.75108385847122e-05	9.52743902439024e-05
mcajeros_propios_descuentos_rank_delta2	1.34804805563653e-05	4.3069521551592e-05	4.76371951219512e-05
Visa_status_lag2	1.34714495291332e-05	3.07178058719012e-05	4.76371951219512e-05
ccajas_consultas_lag2	1.33339019671509e-05	0.000320627568987264	4.76371951219512e-05
vm_mpagosdolares_rank_tend6	1.30617569090649e-05	0.000158303041624196	9.52743902439024e-05
vm_msaldodolares_rank_lag2	1.29761757313666e-05	0.000329628820892434	4.76371951219512e-05
vmr_msaldodolares_tend6	1.28953633680867e-05	3.83417038894154e-05	4.76371951219512e-05
vm_mconsumototal_rank	1.2894904325711e-05	3.3616806599784e-05	9.52743902439024e-05
ccheques_depositados_rechazados_tend6	1.2844325521132e-05	0.000738148585719415	9.52743902439024e-05
matm_other_rank_lag1	1.22231678445476e-05	0.000222123403039523	4.76371951219512e-05
Master_status_lag2	1.21920958148964e-05	7.23509023639017e-06	4.76371951219512e-05
vm_status03_lag2	1.2191155082893e-05	3.44127408625426e-05	4.76371951219512e-05
ctransferencias_emitidas	1.19806931254278e-05	0.000369074292859708	4.76371951219512e-05
ctarjeta_visa_debitos_automaticos_delta1	1.19664567144439e-05	0.000200602248544903	4.76371951219512e-05
rf_020_009	1.19177184346084e-05	0.000335916515726338	4.76371951219512e-05
mforex_sell_rank_lag2	1.18867258445486e-05	0.000173671900375642	4.76371951219512e-05
cextraccion_autoservicio_delta2	1.18170001821378e-05	7.65343360348219e-05	4.76371951219512e-05
catm_trx_lag1	1.1526348138192e-05	0.000360097200400138	4.76371951219512e-05
ctarjeta_master_descuentos	1.15115361385897e-05	0.000111928720305153	4.76371951219512e-05
minversion2_rank_delta2	1.14468486186857e-05	0.000159102029003707	4.76371951219512e-05
vm_fechaalta_delta2	1.13689810949955e-05	1.06405101124424e-05	4.76371951219512e-05
rf_018_022	1.09677240536432e-05	0.000166254552343593	4.76371951219512e-05
vmr_msaldodolares_lag1	1.0864846298596e-05	0.000100690330286195	4.76371951219512e-05
ctarjeta_master_descuentos_delta1	1.03153849437598e-05	5.69454062114353e-05	4.76371951219512e-05
vmr_msaldodolares_delta2	1.0272061796071e-05	7.89974047882385e-05	4.76371951219512e-05
ccajas_extracciones_delta1	1.01960827047727e-05	0.000369074292859708	4.76371951219512e-05
cinversion1_lag1	1.01455110427885e-05	0.000369074292859708	4.76371951219512e-05
cpayroll_trx_lag1	1.01354452103527e-05	0.000289170377884615	4.76371951219512e-05
cprestamos_personales	1.00120713438875e-05	0.000369074292859708	4.76371951219512e-05
rf_007_023	9.98923803607004e-06	2.25633292606167e-05	4.76371951219512e-05
matm_other_rank	9.76705664835874e-06	0.000362445578159055	4.76371951219512e-05
active_quarter_delta1	9.53611321308444e-06	0.000141096339332409	4.76371951219512e-05
rf_012_022	9.52871836269964e-06	3.03305910212563e-05	4.76371951219512e-05
vm_status05_lag1	9.24087736534752e-06	7.17004557515739e-06	4.76371951219512e-05
mcheques_depositados_rank_lag2	8.82764445717336e-06	0.00027937266073986	4.76371951219512e-05
vmr_msaldodolares	8.67495947199948e-06	0.000220806978742695	4.76371951219512e-05
rf_017_014	8.5744851130112e-06	0.000144963974535833	4.76371951219512e-05
rf_001_018	8.53216401911557e-06	8.99210582933534e-05	4.76371951219512e-05
matm_other_rank_delta2	8.42846329777508e-06	0.000356313725023696	4.76371951219512e-05
mcheques_depositados_rank_tend6	8.42514634641514e-06	0.000352976535669835	4.76371951219512e-05
mttarjeta_master_debitos_automaticos_rank_lag2	8.30825482029147e-06	0.00028301303786159	9.52743902439024e-05
rf_004_024	8.213009885984e-06	0.000160492391823609	4.76371951219512e-05
cseguro_vivienda_delta2	8.19142949382728e-06	0.000360263396146799	4.76371951219512e-05
ctransferencias_emitidas_delta1	8.14574476039081e-06	0.000369074292859708	4.76371951219512e-05
rf_019_019	8.02555753648208e-06	0.000304960832236214	4.76371951219512e-05
mplazo_fijo_pesos_rank_lag2	7.8902537945374e-06	0.000363329389086581	4.76371951219512e-05
cpayroll_trx_lag2	7.80859477245452e-06	0.000369074292859708	4.76371951219512e-05
ctarjeta_master_descuentos_lag1	7.50738214072302e-06	0.000369074292859708	4.76371951219512e-05
cextraccion_autoservicio_lag2	7.30660902605375e-06	0.000369074292859708	4.76371951219512e-05
ctarjeta_visa_debitos_automaticos	7.09393460628439e-06	0.000369074292859708	4.76371951219512e-05
ctarjeta_visa_descuentos	6.91486243683597e-06	0.000321146200602441	4.76371951219512e-05
ctarjeta_master_debitos_automaticos_delta2	6.89000969098466e-06	0.000369074292859708	4.76371951219512e-05
ctarjeta_master_debitos_automaticos_lag2	6.43062516756496e-06	0.000369074292859708	4.76371951219512e-05
mpagodeservicios_rank_lag1	6.40340247390375e-06	0.000369074292859708	4.76371951219512e-05
mcheques_depositados_rechazados_rank_tend6	6.26211010170962e-06	0.000369074292859708	4.76371951219512e-05
vm_status06_lag2	6.2065832210026e-06	7.13447012778926e-06	4.76371951219512e-05
vmr_mpagosdolares	6.12168250612006e-06	0.000362392480476416	4.76371951219512e-05
cseguro_vivienda	6.02331538681927e-06	0.000369074292859708	4.76371951219512e-05
ccajas_consultas_delta1	5.96717180402117e-06	0.000343436873262706	4.76371951219512e-05
cliente_edad_delta2	5.94767356536519e-06	0.000369074292859708	4.76371951219512e-05
rf_005_021	5.86757337105378e-06	8.6089927746743e-06	4.76371951219512e-05
mforex_sell_rank_lag1	4.90049529690783e-06	6.15057006848859e-05	4.76371951219512e-05
vm_status05_lag2	3.45216277078e-06	8.13828181807956e-06	4.76371951219512e-05
Master_mpagado_rank_delta2	3.25813958244435e-06	4.57943618804189e-05	4.76371951219512e-05
rf_015_028	1.7554947651516e-06	4.52809072892998e-05	4.76371951219512e-05
