Feature	Gain	Cover	Frequency
rf_015_015	0.227339258791323	0.00588224377701661	0.00389733840304183
ctrx_quarter_normalizado	0.0591932830165993	0.00511636522113868	0.00171102661596958
mcuentas_saldo_rank_delta2	0.0418239001824793	0.00839847707901316	0.00670152091254753
vm_status06_delta1	0.0229168540127334	0.000571640527661261	9.50570342205323e-05
mv_status07_rank_tend6	0.0221905359805537	0.00173469544277881	0.000570342205323194
rf_010_013	0.0191722965156231	0.00329974323689554	0.00190114068441065
cdescubierto_preacordado_delta2	0.0158036859203076	0.00262855548860354	0.000570342205323194
rf_017_021	0.0104100291791604	0.00190966250436935	0.000475285171102662
Master_status_delta2	0.0100549148125822	0.000468176499741003	0.000332699619771863
mcaja_ahorro_rank_lag1	0.00980396661964564	0.00229653662083439	0.000998098859315589
rf_013_026	0.00859046120983849	0.000867801804727497	0.00061787072243346
rf_005_013	0.00738581190326505	0.0014104156081574	0.00137832699619772
rf_008_019	0.00620710335335796	0.000873025579448889	0.00156844106463878
mprestamos_personales_rank_lag1	0.00614393633106639	0.00267034106298068	0.000855513307984791
foto_mes	0.00589142608930002	0.00469196433664416	0.00270912547528517
rf_009_026	0.00553578417597441	0.00096198998333846	0.000570342205323194
rf_015_019	0.00532397252229725	0.00164150644565711	0.00142585551330799
mtarjeta_visa_consumo_rank	0.00523120571244368	0.00136475708268514	0.00137832699619772
rf_010_020	0.00521800311100136	0.0007048062953351	0.000665399239543726
ccomisiones_mantenimiento_tend6	0.00508514275086816	0.00464642509473678	0.000807984790874525
mprestamos_personales_rank_delta1	0.00500816660196628	0.00467848436913324	0.00114068441064639
mpasivos_margen_rank	0.00494361370299365	0.00224386889797961	0.00171102661596958
mcuenta_corriente_rank	0.00475578208685537	0.00445998977040792	0.00342205323193916
mprestamos_personales_rank_delta2	0.00449689139009974	0.00448298772097612	0.00114068441064639
mprestamos_personales_rank	0.00438265989894316	0.00399482772354698	0.00109315589353612
mcuenta_corriente_rank_lag1	0.00410922265475493	0.00211743796227935	0.00161596958174905
cdescubierto_preacordado	0.00410693644553964	0.00258709857149045	0.00213878326996198
rf_011_026	0.00401184396570797	0.000852238139594755	0.000332699619771863
mcuentas_saldo_rank	0.00390535178340534	0.00645239345826225	0.00223384030418251
rf_004_020	0.00377599326786847	0.000828219739924955	0.000522813688212928
rf_015_023	0.00321454532168951	0.00157690930953796	0.000665399239543726
cprestamos_personales_tend6	0.00318480216459107	0.00519409028634081	0.000807984790874525
mcomisiones_rank_tend6	0.00314465622340983	0.00234321916202647	0.00289923954372624
rf_003_019	0.00291602673109887	0.00095963363756832	0.000475285171102662
rf_018_027	0.00290043572471404	0.00148156805646643	0.00375475285171103
thomebanking	0.00284290943645804	0.00222133540036173	0.00461026615969582
mrentabilidad_annual_rank_lag2	0.00279989941490977	0.00364722286625697	0.00408745247148289
mcomisiones_rank_lag2	0.00273431388708448	0.00226192866747789	0.00451520912547529
cliente_vip_delta1	0.00266579309561145	0.0016301792624839	0.000855513307984791
cprestamos_personales_delta2	0.00264807688950583	0.00093301200288943	0.000237642585551331
mttarjeta_visa_debitos_automaticos_rank_delta2	0.00255622882284544	0.00249710182977188	0.00114068441064639
rf_013_016	0.00249527187963508	0.00133747985073878	0.00218631178707224
mactivos_margen_rank	0.00247006522937688	0.00338329311803748	0.00199619771863118
mrentabilidad_annual_rank_lag1	0.00247004479611342	0.00218020819728845	0.00356463878326996
rf_007_020	0.0024490286405551	0.00154282287502329	0.000427756653992395
tcallcenter_delta2	0.00241911398885463	0.000666212976361098	0.000665399239543726
Visa_mpagospesos_rank_tend6	0.00234262720080666	0.00231219182916809	0.00461026615969582
Visa_delinquency	0.00233659239782278	0.00127366789901573	0.000855513307984791
mrentabilidad_annual_rank_delta2	0.00229942835551288	0.003329600851075	0.00665399239543726
mcomisiones_mantenimiento_rank_tend6	0.00219036972359657	0.00208408374127539	0.00175855513307985
cdescubierto_preacordado_lag1	0.00214742598513354	0.00199676777548793	0.00142585551330799
mprestamos_personales_rank_lag2	0.00210151825639773	0.00291920673681205	0.00109315589353612
mcuentas_saldo_rank_lag2	0.00208633618385937	0.00219503806374684	0.00213878326996198
rf_013_017	0.00204291374246619	0.000846148337130958	0.000522813688212928
thomebanking_lag1	0.00201230621251478	0.00134701328914168	0.00408745247148289
chomebanking_transacciones	0.00201104849661558	0.00274054122422519	0.0035171102661597
internet	0.00196489247025409	0.00150261704832331	0.000285171102661597
mrentabilidad_annual_rank_delta1	0.00192743931975852	0.00258715550528498	0.00575095057034221
vm_Finiciomora	0.00189917701417028	0.000959758469205991	0.000285171102661597
rf_016_016	0.00186845453755672	0.0014416100436842	0.000285171102661597
ctrx_quarter_delta2	0.0018656358782002	0.00208223147754689	0.00228136882129278
Visa_msaldopesos_rank_delta2	0.00185209815585382	0.000917934322513294	0.00213878326996198
Visa_mpagominimo_rank	0.00180106717515425	0.00166359807890672	0.00289923954372624
Master_fechaalta_lag2	0.00179786363156989	0.00263167324131499	0.00489543726235741
mcuenta_corriente_rank_lag2	0.00178152161267371	0.0024017708802641	0.00190114068441065
vm_cconsumos_tend6	0.00177938377023387	0.000790539475215063	0.000475285171102662
mcomisiones_rank_delta2	0.00176300337966837	0.00221330271564727	0.00399239543726236
tcallcenter_delta1	0.00175843203392356	0.000987010074339965	0.000427756653992395
mactivos_margen_rank_delta2	0.00172976721491968	0.00387783722998199	0.00575095057034221
mcuentas_saldo_rank_tend6	0.00169709311966231	0.0023113503714623	0.00223384030418251
ctrx_quarter_normalizado_delta1	0.00167657789464637	0.000878214348472944	0.000570342205323194
mpasivos_margen_rank_lag2	0.00165050292385354	0.00255874488132675	0.00289923954372624
Visa_mconsumospesos_rank_lag1	0.00163792333371239	0.00126259447412397	0.0033745247148289
mcuenta_debitos_automaticos_rank	0.00162855000262866	0.0020940035633187	0.000855513307984791
mrentabilidad_rank_delta1	0.00161872493382453	0.00177610454078838	0.00403992395437262
mpayroll_rank	0.00160255196223974	0.00185115543490795	0.000475285171102662
Master_fechaalta	0.00159775340992524	0.00265821416474455	0.00503802281368821
rf_006_019	0.00158689804306316	0.00142417377188941	0.00356463878326996
mcomisiones_rank_lag1	0.00158357479147511	0.00179059676738868	0.0032319391634981
Visa_mpagominimo_rank_lag2	0.00154116349701149	0.00135838261124866	0.00213878326996198
mcomisiones_otras_rank_delta2	0.00152018474021819	0.00211159042566052	0.00499049429657795
rf_004_022	0.00150672569652572	0.00141782968275628	0.00346958174904943
rf_002_017	0.00150148015991767	0.000871668283071033	0.00166349809885932
mpasivos_margen_rank_delta1	0.00149884240926574	0.00275318620678191	0.00437262357414449
chomebanking_transacciones_delta1	0.0014920098856082	0.00260371438899785	0.0029467680608365
Master_mfinanciacion_limite_rank_tend6	0.00148844659930483	0.00380505787537712	0.00522813688212928
rf_008_022	0.00148194582794578	0.000878682764332396	0.00313688212927757
mrentabilidad_rank_delta2	0.00146712100549546	0.00286488225374598	0.00518060836501901
ccaja_seguridad	0.0014648221710188	0.0029381980541504	0.000380228136882129
rf_003_018	0.00146131104047485	0.000987116808692599	0.00199619771863118
cproductos	0.00145771882343445	0.000399527685324865	9.50570342205323e-05
mcuenta_corriente_rank_tend6	0.00142361025612353	0.00285659686752585	0.00175855513307985
thomebanking_lag2	0.00142211408189082	0.00158901533645266	0.00532319391634981
Master_mfinanciacion_limite_rank_delta1	0.00141727951728711	0.00225749945603755	0.00522813688212928
Visa_Fvencimiento_tend6	0.00141291358184635	0.0012609554149068	0.00133079847908745
Visa_mconsumototal_rank	0.00139757764673438	0.00129518372156841	0.00299429657794677
vm_msaldopesos_rank	0.00139745882671375	0.000587564421234141	0.000570342205323194
Master_mlimitecompra_rank	0.00139513969223147	0.00207774572860293	0.00480038022813688
mtarjeta_visa_consumo_rank_delta2	0.00138430538148868	0.00163571808848132	0.00171102661596958
mcomisiones_otras_rank_lag2	0.00138150162578762	0.00177744651391759	0.00356463878326996
Visa_fechaalta	0.00137855098466296	0.00411183354036062	0.00437262357414449
Master_fechaalta_lag1	0.00137766383501702	0.00208255551141695	0.00380228136882129
Master_Fvencimiento_lag1	0.00136135371898215	0.001422713968262	0.00418250950570342
chomebanking_transacciones_delta2	0.00135301525380171	0.00294033828927585	0.00456273764258555
vm_Finiciomora_lag1	0.0013515133105378	0.00149058671297303	0.000427756653992395
mrentabilidad_annual_rank	0.00134926487705042	0.00237036429700175	0.00318441064638783
rf_003_017	0.00134904956658398	0.00123570904179383	0.000522813688212928
Visa_mconsumototal_rank_tend6	0.00134323302303045	0.00279693394956748	0.00465779467680608
rf_010_016	0.00132322932371988	0.00289299486693746	0.000903041825095057
mcomisiones_otras_rank_lag1	0.00131446985568381	0.00169722323079837	0.0033745247148289
Master_Fvencimiento_tend6	0.00130908263718452	0.00112096697077361	0.00142585551330799
mcaja_ahorro_dolares_rank	0.00130240276879991	0.00337529913773556	0.00180608365019011
mpasivos_margen_rank_delta2	0.00129027507840788	0.00226487878913304	0.00499049429657795
mactivos_margen_rank_delta1	0.00128697621232624	0.00193779295065193	0.00484790874524715
Master_mlimitecompra_rank_tend6	0.00127705378068828	0.00257022556118035	0.00461026615969582
ctrx_quarter_normalizado_tend6	0.00127663219824956	0.00182895640682084	0.00147338403041825
Visa_mpagominimo_rank_lag1	0.00127216170949152	0.00172643079578314	0.00218631178707224
rf_013_024	0.00126562592159214	0.00108576286378663	0.00313688212927757
cproductos_tend6	0.00126189004164556	0.00200190383782053	0.000332699619771863
rf_008_013	0.00123528547705381	0.00062105589099106	0.000950570342205323
Visa_cconsumos_tend6	0.00122830519470623	0.00278977865293495	0.00389733840304183
Master_Fvencimiento_lag2	0.00122130599475302	0.00223644095319876	0.00451520912547529
Visa_mfinanciacion_limite_rank_lag1	0.00121217615765648	0.00163139059170871	0.0032319391634981
Visa_mpagospesos_rank_delta2	0.00120979353782931	0.00208114815028706	0.00413498098859316
Master_Fvencimiento	0.00120697381054701	0.00161076615951689	0.00384980988593156
Visa_msaldototal_rank_lag1	0.00120433043526747	0.00101496905875408	0.00137832699619772
rf_010_010	0.00120111837867926	0.00012238625854273	9.50570342205323e-05
mpasivos_margen_rank_lag1	0.00118899614126471	0.00142202098755171	0.00228136882129278
Visa_Finiciomora_lag1	0.00118705805556692	0.00153300040844767	0.000380228136882129
Master_mlimitecompra_rank_lag2	0.00118670038656742	0.00183546284313143	0.00389733840304183
mcomisiones_otras_rank	0.00118070442827163	0.0020695073689045	0.00380228136882129
mactivos_margen_rank_lag2	0.0011681918969454	0.00295375630330733	0.0035171102661597
ccajas_transacciones_delta1	0.00114752953443672	0.00146468130807135	0.000665399239543726
ccajas_consultas_tend6	0.0011467016451097	0.00301861604820499	0.000760456273764259
Master_mfinanciacion_limite_rank_lag1	0.00114335759603601	0.00192087872608686	0.00394486692015209
mpayroll_rank_tend6	0.00113675182871002	0.00168479052807419	0.000665399239543726
rf_009_015	0.00113558498357573	0.000572648427550608	0.00147338403041825
Visa_mlimitecompra_rank_delta1	0.00112690051521554	0.0016101320940557	0.00384980988593156
vm_fultimo_cierre_tend6	0.00111043943453206	0.00252368251438974	0.00228136882129278
vm_mpagominimo_rank	0.00110985899702424	0.00128621248787442	0.00133079847908745
mprestamos_personales_rank_tend6	0.00110867738084317	0.00220630302924667	0.000570342205323194
rf_015_025	0.00110854726582651	0.00157627339471918	0.00384980988593156
Visa_msaldopesos_rank	0.00110281938266321	0.000802629650493236	0.00194866920152091
rf_014_025	0.00110261859050366	0.000965232039299696	0.00285171102661597
rf_014_023	0.00110151789227826	0.00127249989759744	0.00156844106463878
ctrx_quarter_delta1	0.00109076032326463	0.000733268437112059	0.000807984790874525
Master_mfinanciacion_limite_rank	0.00108542866702379	0.00212901428034002	0.0033745247148289
Visa_mfinanciacion_limite_rank_delta2	0.00108105162834209	0.00205501408552843	0.00375475285171103
mcomisiones_otras_rank_delta1	0.00107371387173765	0.00138445802495213	0.0033745247148289
Visa_fechaalta_lag1	0.00107116370956614	0.0020461970089997	0.00242395437262357
ctarjeta_visa	0.00106657391617927	0.000169574202746165	4.75285171102662e-05
Master_status	0.0010541854319561	0.000300052721737306	0.000665399239543726
Visa_mlimitecompra_rank	0.00104582331478036	0.00142362345590789	0.00346958174904943
mcomisiones_rank_delta1	0.00103936312215556	0.00164326293908157	0.00304182509505703
ctarjeta_visa_transacciones_delta2	0.00103838305134966	0.00113344709631041	0.000570342205323194
Master_mfinanciacion_limite_rank_delta2	0.00102618222712203	0.00157037183043917	0.00418250950570342
mcomisiones_rank	0.00101988814881027	0.00118303920538752	0.00299429657794677
Visa_Finiciomora	0.00101571547194824	0.000689853446596635	0.000190114068441065
cdescubierto_preacordado_tend6	0.00100709884484891	0.0003672747567688	4.75285171102662e-05
tcallcenter	0.00100569140249396	0.00157991226998154	0.00118821292775665
Visa_mconsumototal_rank_lag2	0.000999702979876342	0.00191219308604435	0.00365969581749049
mrentabilidad_annual_rank_tend6	0.000996131628227125	0.00272813877170739	0.00232889733840304
mcaja_ahorro_rank	0.000984533712620404	0.00289410263213694	0.00123574144486692
Master_msaldototal_rank_lag2	0.000983376056056929	0.000854836222821972	0.00133079847908745
Visa_mlimitecompra_rank_tend6	0.00098165646266754	0.00264501635636387	0.0033745247148289
Master_fechaalta_tend6	0.000981562569868671	0.000842039989233373	0.00114068441064639
cliente_antiguedad_lag2	0.000976059566409876	0.00183850886718758	0.00261406844106464
rf_003_009	0.000972954526668444	0.00155191577002764	0.000332699619771863
numero_de_cliente	0.000966293326903295	0.00314609213514043	0.00256653992395437
ctrx_quarter_tend6	0.000962184391468437	0.00198041601982572	0.00152091254752852
rf_011_016	0.000957064103087951	0.000563510751673063	0.00109315589353612
mtransferencias_recibidas_rank_tend6	0.000956096237194838	0.00127389484161205	0.00147338403041825
rf_010_019	0.000950672632828583	0.000949333640442235	0.00228136882129278
Visa_cconsumos_lag1	0.000948046708851556	0.00127456193131601	0.00232889733840304
chomebanking_transacciones_lag2	0.000947594561167792	0.00133685767400499	0.00313688212927757
Visa_mpagospesos_rank	0.0009466182077502	0.00109613868457411	0.00285171102661597
Visa_mconsumototal_rank_lag1	0.000946615702224277	0.00122296762844823	0.00346958174904943
cliente_edad	0.000944650379271723	0.0029380363674578	0.00199619771863118
mcomisiones_otras_rank_tend6	0.000943657241145643	0.0013294545634547	0.00251901140684411
Visa_mfinanciacion_limite_rank_delta1	0.000943335731288649	0.00110771130391959	0.00313688212927757
Visa_Fvencimiento_lag1	0.000940358087877294	0.00145640847106347	0.00275665399239544
Visa_mpagospesos_rank_lag2	0.000938701108300267	0.00165175598174024	0.00342205323193916
Visa_mconsumospesos_rank_tend6	0.000938660396771746	0.00112095019445828	0.00346958174904943
mrentabilidad_rank	0.000932783027567362	0.00227194650547375	0.00209125475285171
rf_012_027	0.000932701078063047	0.00108937809369117	0.00399239543726236
vm_fechaalta_lag1	0.000926808820591759	0.00163964889804977	0.00237642585551331
Master_mfinanciacion_limite_rank_lag2	0.000924902412115234	0.00157938718452149	0.00361216730038023
vmr_mpagominimo	0.000921156475152726	0.000792348411137044	0.00166349809885932
Visa_mpagospesos_rank_delta1	0.000920355957985515	0.00122336708968878	0.00346958174904943
ctrx_quarter_normalizado_lag2	0.000919971220412377	0.00111558930308091	0.00118821292775665
chomebanking_transacciones_lag1	0.00091792156695969	0.00135330269012878	0.00218631178707224
vm_mpagospesos_rank_tend6	0.000915898601254382	0.00152479811122234	0.00156844106463878
mactivos_margen_rank_tend6	0.000914682136188124	0.00184279145099002	0.00242395437262357
Visa_Fvencimiento_lag2	0.000909437316981665	0.00155996126814829	0.00318441064638783
mtarjeta_visa_consumo_rank_lag2	0.000896884024111766	0.00118290037147091	0.00142585551330799
Visa_mfinanciacion_limite_rank	0.000891609418052597	0.00171786747753586	0.00285171102661597
mrentabilidad_rank_lag2	0.000890679940100553	0.00128287201966973	0.00275665399239544
vm_Fvencimiento	0.000887976861357549	0.00229160636558274	0.00223384030418251
Visa_mfinanciacion_limite_rank_tend6	0.000886686973360609	0.00262430355129839	0.0029467680608365
mcaja_ahorro_rank_delta1	0.000883796163239874	0.00226759575963423	0.00161596958174905
vmr_msaldopesos	0.000879890343945253	0.000802475625424956	0.000950570342205323
mcuentas_saldo_rank_lag1	0.000871524084222085	0.00300008495671388	0.00171102661596958
rf_018_018	0.000868501211395115	0.00142154319280731	0.000285171102661597
mpasivos_margen_rank_tend6	0.000868231803934163	0.00158008716637125	0.00204372623574145
vm_Fvencimiento_lag2	0.000865050672818538	0.00137218674472661	0.00289923954372624
Visa_mpagospesos_rank_lag1	0.000864396823310257	0.00125406999238618	0.00285171102661597
Visa_mconsumospesos_rank	0.000863795190128777	0.00119231888550897	0.00256653992395437
rf_016_020	0.000860026732161081	0.000902988607011268	0.00380228136882129
mtransferencias_recibidas_rank	0.000859863957106781	0.00370062993585889	0.00156844106463878
Visa_mfinanciacion_limite_rank_lag2	0.000859397111104488	0.0011033494619345	0.00266159695817491
Visa_mlimitecompra_rank_delta2	0.000858655126750251	0.00140081295094165	0.0033745247148289
mcaja_ahorro_rank_delta2	0.000856269196144749	0.00198380219358241	0.00223384030418251
vmr_Master_mlimitecompra	0.000855140934663661	0.00167584558167745	0.00275665399239544
rf_011_021	0.000850436988092961	0.000947520477417179	0.00318441064638783
Visa_Fvencimiento	0.000847348338363715	0.00144013201067477	0.00251901140684411
ctrx_quarter_normalizado_delta2	0.000845889237113953	0.00106078293026433	0.00204372623574145
Visa_msaldototal_rank_delta1	0.000842605283005919	0.00164001758069606	0.00261406844106464
mcuentas_saldo_rank_delta1	0.000842502501098548	0.00202466084351348	0.00209125475285171
vm_fechaalta_lag2	0.000840689052310177	0.00208102820623732	0.00247148288973384
rf_019_021	0.000840222232871674	0.000303605205580583	0.000285171102661597
Visa_mconsumototal_rank_delta1	0.000836062390917225	0.0015455562255489	0.00361216730038023
mcaja_ahorro_rank_tend6	0.00081974162615581	0.00235905085191353	0.00171102661596958
rf_004_019	0.000819262086741723	0.00129267797412398	0.00256653992395437
Master_mlimitecompra_rank_delta2	0.000817327225133501	0.00140277247741066	0.00346958174904943
Master_fultimo_cierre_tend6	0.000816790268273054	0.00200676883716846	0.0029467680608365
rf_001_022	0.000815358057059089	0.00117030624624806	0.00332699619771863
vmr_msaldopesos2_tend6	0.000811382258507851	0.00139311116913975	0.00199619771863118
rf_005_014	0.00081105139818569	0.00124688616280789	0.000855513307984791
Master_mlimitecompra_rank_lag1	0.000806254513926347	0.00112392501824702	0.00289923954372624
mcomisiones_mantenimiento_rank	0.000804540905792763	0.00317189410811377	0.00185361216730038
cliente_edad_lag2	0.000801092612920337	0.00154967157458595	0.00180608365019011
cliente_antiguedad	0.000798921028368726	0.00259348929085437	0.00228136882129278
Visa_msaldopesos_rank_tend6	0.000794228610483032	0.00123683464008441	0.00237642585551331
vm_Fvencimiento_lag1	0.000789064966136083	0.00141594915027598	0.00223384030418251
Visa_msaldototal_rank_tend6	0.000783158823268717	0.00117852611237054	0.00218631178707224
Visa_mlimitecompra_rank_lag1	0.000778225287942006	0.00142288820416685	0.00251901140684411
Visa_fultimo_cierre_tend6	0.000778061639880033	0.00167079009849722	0.00199619771863118
Visa_delinquency_lag2	0.000773716371052863	0.000101829856291017	0.000190114068441065
mrentabilidad_rank_lag1	0.00077027166339278	0.0014071797607538	0.00247148288973384
vm_fechaalta	0.000769734722720671	0.00171198453892877	0.00199619771863118
rf_020_025	0.000768235443529639	0.000876579516358847	0.00299429657794677
rf_007_026	0.000767433858572362	0.000918899422984011	0.00194866920152091
Visa_mpagominimo_rank_delta2	0.000765409433439307	0.00123896298648247	0.00209125475285171
vm_Fvencimiento_tend6	0.000764182609416104	0.000431647063843168	0.000950570342205323
Visa_msaldopesos_rank_delta1	0.000761163372911	0.00116692297862474	0.00223384030418251
Visa_fultimo_cierre_lag1	0.000760983089005249	0.00105919221853857	0.00156844106463878
mcaja_ahorro_dolares_rank_delta2	0.000758043997628566	0.00156636770705177	0.000903041825095057
Visa_mconsumototal_rank_delta2	0.000757229695989446	0.00119299667506759	0.00237642585551331
Visa_mconsumospesos_rank_lag2	0.000757066299184654	0.00113669905954448	0.00275665399239544
rf_013_019	0.000749025091471599	0.00151082423313656	0.000760456273764259
Master_msaldopesos_rank_lag2	0.000748276769624341	0.000708707250988088	0.00152091254752852
ccaja_seguridad_lag2	0.000743743131783139	0.000734549513537601	9.50570342205323e-05
ctarjeta_visa_transacciones_tend6	0.000741709274715407	0.00179754361500085	0.00123574144486692
mactivos_margen_rank_lag1	0.000740056083475429	0.00202460021100375	0.00185361216730038
mttarjeta_visa_debitos_automaticos_rank_tend6	0.000734445826223482	0.00156736464289252	0.00137832699619772
ccaja_ahorro_delta2	0.000727415218588664	0.00143847089126343	0.000237642585551331
ctrx_quarter	0.000727117941390372	0.00160711354616953	0.000855513307984791
Visa_mconsumospesos_rank_delta1	0.000726868105849367	0.000867856096582612	0.00318441064638783
ccomisiones_otras_tend6	0.000726085860265081	0.00198864116982704	0.00194866920152091
Master_delinquency	0.000725034031122313	0.00107158714152903	0.000427756653992395
Master_mlimitecompra_rank_delta1	0.000722970561028742	0.0010757339296452	0.0032319391634981
rf_009_021	0.000722906879653895	0.000595933556933938	0.000522813688212928
Master_mconsumototal_rank_tend6	0.000722280757208617	0.00181104788835444	0.00166349809885932
Visa_mconsumosdolares_rank_lag2	0.000720102942998497	0.00135310467676913	0.00251901140684411
Visa_cconsumos	0.000715625657770758	0.00109116523361292	0.00209125475285171
rf_011_022	0.000714702711400651	0.000679948551511053	9.50570342205323e-05
vm_mlimitecompra_rank_delta2	0.000714031299535425	0.0015520333363319	0.00261406844106464
mrentabilidad_rank_tend6	0.000713514108701432	0.00189235661228503	0.00190114068441065
rf_001_013	0.000712035025800064	0.000353182519796927	0.000950570342205323
mpayroll_sobre_edad_rank_delta2	0.000696699196954222	0.00152036123815768	0.000380228136882129
mplazo_fijo_dolares_rank	0.000692428765694729	0.00239500143888409	0.000332699619771863
Visa_msaldototal_rank_delta2	0.000683460633799126	0.00142328806169831	0.00218631178707224
mtransferencias_emitidas_rank	0.000678281442637433	0.00298499618019218	0.00171102661596958
Visa_fechaalta_tend6	0.000674312683249343	0.000350695530122388	0.000807984790874525
Visa_msaldopesos_rank_lag2	0.000666667910373598	0.000818740461280195	0.00180608365019011
Visa_mpagominimo_rank_tend6	0.000662971935985241	0.0018860554546675	0.00194866920152091
Master_fultimo_cierre	0.0006578627612936	0.00107757060593111	0.00209125475285171
rf_010_015	0.000653231400225155	0.00103247098274349	0.00166349809885932
mcomisiones_mantenimiento_rank_lag1	0.000645723446246369	0.0014883961489016	0.00156844106463878
Visa_mlimitecompra_rank_lag2	0.000644733884064919	0.00159898231711465	0.00209125475285171
cliente_edad_lag1	0.000640314316316178	0.00155187204593021	0.00133079847908745
ccaja_ahorro	0.000634070744083366	0.00149862402108148	0.000237642585551331
rf_002_015	0.00063185089252149	0.00084953411459673	0.00266159695817491
Visa_msaldototal_rank_lag2	0.000626709305081138	0.000848667954757353	0.00204372623574145
vm_mfinanciacion_limite_rank	0.000620635910765962	0.000914990013124874	0.00166349809885932
Visa_msaldototal_rank	0.000618224097980313	0.000941227774005802	0.00156844106463878
rf_017_016	0.000616530862232209	0.000548025023753258	0.00128326996197719
Visa_mconsumospesos_rank_delta2	0.000603701166042492	0.00113819954903899	0.00251901140684411
ccajas_transacciones	0.000601207962472284	0.00146320195409221	0.00133079847908745
thomebanking_delta2	0.000599060604448426	0.00115499277277855	0.000475285171102662
vm_status02_tend6	0.00059782867912458	0.000651970941424019	0.000427756653992395
rf_001_019	0.000596860987837388	0.000475295601803462	0.00061787072243346
rf_008_017	0.000593161554442111	0.000678819782893167	0.000380228136882129
rf_018_021	0.000592895838975114	0.000981651032320187	0.00137832699619772
Visa_mconsumosdolares_rank	0.000592288954680473	0.00196569869998669	0.00209125475285171
mcomisiones_mantenimiento_rank_lag2	0.000588580698510766	0.00169303509633026	0.00137832699619772
vm_msaldototal_rank_lag2	0.000584036816038644	0.000587114895241553	0.00061787072243346
Visa_delinquency_delta2	0.000583654566298278	0.000753528545857638	0.000427756653992395
Visa_mconsumosdolares_rank_tend6	0.000582647839488284	0.00161491400440883	0.00228136882129278
rf_017_018	0.000580771840694938	0.000918849358231971	0.00199619771863118
vmr_mpagominimo_lag2	0.000580286753945432	0.00101401901733806	0.00118821292775665
vmr_Visa_mlimitecompra_lag2	0.000579117660781833	0.00142924906961531	0.00152091254752852
mtransferencias_emitidas_rank_lag2	0.000571265362944395	0.00112631597342358	0.000950570342205323
Visa_cconsumos_lag2	0.000570864094670789	0.00127410421531121	0.00194866920152091
vm_mlimitecompra_rank_tend6	0.000567426455391831	0.00188983739094954	0.00161596958174905
ctrx_quarter_lag2	0.000566417341317471	0.00077643508532185	0.00128326996197719
vm_mpagominimo_rank_lag1	0.000566065172174185	0.00144664148521569	0.00137832699619772
vmr_msaldopesos_tend6	0.000566007512385334	0.000827733623071378	0.00114068441064639
vm_status06_lag1	0.000564328523778501	0.000216407202388304	0.000380228136882129
cliente_vip_lag1	0.000563507071531287	0.00127564010679397	0.000332699619771863
cliente_antiguedad_lag1	0.000563427837645342	0.00122655908089798	0.00137832699619772
mcuenta_corriente_rank_delta2	0.000561481264322991	0.00195578138778583	0.00128326996197719
vmr_Master_mlimitecompra_lag1	0.000561160797330574	0.000852193094527616	0.00180608365019011
vmr_Master_mlimitecompra_lag2	0.000556289164914028	0.00110398339529872	0.00180608365019011
Visa_fechaalta_lag2	0.00055144212699186	0.000929685669060644	0.00166349809885932
vmr_Visa_mlimitecompra_lag1	0.000546110906673571	0.00150210794659676	0.00156844106463878
vm_status01	0.000544322689340225	0.000668607233961938	0.00061787072243346
Visa_delinquency_tend6	0.000542032125681376	0.00210009032755216	0.000760456273764259
rf_012_028	0.000541705314988214	0.000381677817913627	0.000285171102661597
mpayroll_rank_delta2	0.000533035423080238	0.00106830334292493	0.000712927756653992
mcomisiones_mantenimiento_rank_delta2	0.000531864952372433	0.00108330638851241	0.00118821292775665
vmr_Visa_mlimitecompra	0.000529492714287627	0.000928978289780506	0.00171102661596958
vmr_msaldototal	0.000528915639067987	0.00102422667868136	0.00128326996197719
Visa_status	0.000525998758813482	0.00119182722058261	0.00061787072243346
Master_mconsumototal_rank_lag2	0.000525503378123609	0.00166275173361301	0.00142585551330799
Visa_mpagominimo_rank_delta1	0.000523851853185671	0.00127349326681997	0.00156844106463878
vm_fultimo_cierre_lag1	0.0005185365993944	0.00144346349628543	0.00142585551330799
mtarjeta_visa_consumo_rank_tend6	0.000516120222254219	0.000834476116669285	0.000998098859315589
vmr_msaldopesos2_lag2	0.000514925829482253	0.00104434808560731	0.00128326996197719
rf_020_015	0.000513575475366916	0.000500344622041635	0.000855513307984791
Visa_msaldopesos_rank_lag1	0.000512532227973583	0.00100937607299852	0.00156844106463878
mcaja_ahorro_dolares_rank_tend6	0.000511261249359246	0.00209359260964167	0.00118821292775665
Master_msaldopesos_rank	0.000510399219134558	0.000832659519122982	0.00166349809885932
vmr_msaldopesos_lag2	0.00051017954562587	0.000760362450559533	0.00171102661596958
rf_018_017	0.000509687746770286	0.000393243964507522	0.000332699619771863
vm_mpagominimo_rank_tend6	0.000507984433189546	0.00108388801147608	0.00128326996197719
rf_014_016	0.000507212817157512	0.000572860311092221	0.000570342205323194
ccajas_transacciones_lag2	0.000506377356952818	0.000933920433759553	0.00114068441064639
Visa_mconsumosdolares_rank_delta2	0.000505927453680387	0.00102570880669689	0.00190114068441065
vmr_mpagominimo_delta2	0.000502597729075801	0.00141149748235055	0.00147338403041825
vm_mfinanciacion_limite_rank_delta2	0.000499443105508102	0.00195241608535058	0.00190114068441065
Visa_madelantopesos_rank	0.000496938633582419	0.000188086800661316	0.000285171102661597
mautoservicio_rank_delta2	0.000494406494120074	0.00108494505143866	0.000807984790874525
ccallcenter_transacciones_tend6	0.000493373608315935	0.00236316012448991	0.000807984790874525
Master_fultimo_cierre_lag1	0.000492504198929129	0.00138189204128889	0.00142585551330799
vm_Finiciomora_delta1	0.000491468593484212	0.00124264334019375	0.000332699619771863
rf_017_020	0.000490347142665032	0.00129065794724221	0.00166349809885932
internet_lag1	0.000487269760128682	0.00108730403914823	0.000142585551330799
Master_mpagospesos_rank_lag2	0.000484894361155728	0.00200526557363756	0.00161596958174905
rf_010_017	0.000482893306925201	0.000866203827668333	0.00152091254752852
vm_mpagominimo_rank_lag2	0.000476713225792571	0.000898924115308082	0.00118821292775665
Master_fultimo_cierre_lag2	0.000474665335410016	0.000848409573081919	0.00171102661596958
vm_msaldopesos_rank_delta1	0.00047433297505628	0.0014361994838457	0.00114068441064639
vmr_msaldopesos_delta2	0.00047356272182785	0.0011454421617694	0.00123574144486692
mpagomiscuentas_rank_delta2	0.000472626788111359	0.000734490466191527	0.000380228136882129
mpagomiscuentas_rank	0.000471404638788806	0.00179200756303983	0.000712927756653992
mplazo_fijo_dolares_rank_tend6	0.000467725268930047	0.00197532328529964	0.000380228136882129
active_quarter_lag1	0.000467705060268808	8.42381063612704e-05	0.000285171102661597
ctarjeta_visa_debitos_automaticos_tend6	0.000461241310495288	0.00113428300594341	0.000332699619771863
vm_mlimitecompra_rank_delta1	0.0004607118669101	0.000929008804180826	0.00152091254752852
rf_005_022	0.000459043584388189	0.000659497034254378	0.00180608365019011
Visa_cadelantosefectivo	0.000458731991675931	0.000142155891234687	0.000475285171102662
ccaja_ahorro_delta1	0.000458120902274054	0.000734549513537601	9.50570342205323e-05
vm_mfinanciacion_limite_rank_tend6	0.000449289896919637	0.00117767025609491	0.00142585551330799
mcuenta_debitos_automaticos_rank_tend6	0.000448767863557118	0.00374148739691722	0.000950570342205323
thomebanking_tend6	0.000447115466116021	0.00384997612942345	0.000903041825095057
cdescubierto_preacordado_lag2	0.000445703323264367	0.00106254748160403	0.000950570342205323
Visa_cadelantosefectivo_lag2	0.000436597952737595	0.000129456352628918	0.000475285171102662
mcuenta_debitos_automaticos_rank_lag1	0.000435621459425508	0.000552144467796413	0.00061787072243346
vm_fechaalta_tend6	0.000433365743884107	0.000415597942341703	0.00104562737642586
Master_msaldototal_rank_lag1	0.000432454190309096	0.00091711862371687	0.00109315589353612
ctransferencias_recibidas_tend6	0.000423658620919375	0.00252126474352804	0.00123574144486692
vm_mconsumospesos_rank_delta2	0.000422588976269394	0.000615744932268756	0.000522813688212928
vmr_msaldopesos2	0.000420990782823767	0.000983861410937283	0.00104562737642586
rf_005_019	0.000420590147759853	0.000709917787631073	0.00237642585551331
vmr_msaldopesos2_lag1	0.000420293312669896	0.000822562290847506	0.00123574144486692
rf_007_015	0.000417779200687669	0.000775688473241302	0.00152091254752852
vm_msaldopesos_rank_delta2	0.000416007263976639	0.00121137704391469	0.00123574144486692
Master_mpagominimo_rank_tend6	0.000415711975868963	0.00230576346216741	0.00128326996197719
mtransferencias_emitidas_rank_tend6	0.00041304536966639	0.00151459573375789	0.000950570342205323
Master_mpagominimo_rank_lag1	0.000412278649268527	0.000763824183783677	0.00114068441064639
chomebanking_transacciones_tend6	0.000411590447135557	0.00148938529102105	0.00133079847908745
vm_fechaalta_delta2	0.000407769741767743	0.000295652439533633	0.000332699619771863
rf_019_024	0.000407364109837705	0.000497161877620413	0.00142585551330799
Master_mpagominimo_rank_lag2	0.000405926869095781	0.0010423227748467	0.00128326996197719
Master_mpagominimo_rank	0.00040445917745403	0.000831259819617409	0.00109315589353612
rf_009_025	0.00040269315847782	0.0006613551102496	0.00161596958174905
Visa_mpagado_rank_tend6	0.000400097880900026	0.00156239740048896	0.00114068441064639
vmr_msaldototal_delta1	0.000398431170089151	0.00121407842697329	0.00114068441064639
Visa_msaldodolares_rank_tend6	0.000394436135871461	0.00190912103888489	0.000950570342205323
mtransferencias_recibidas_rank_lag2	0.000392743288117018	0.000755734301080746	0.00123574144486692
ctrx_quarter_lag1	0.000391587656631267	0.000476624629429506	0.000570342205323194
Master_mconsumospesos_rank_tend6	0.000391432353174932	0.00092490758951968	0.00109315589353612
mttarjeta_visa_debitos_automaticos_rank	0.000390545701848204	0.00107305870178687	0.00104562737642586
rf_019_016	0.000389273794049591	0.000500327317338423	0.000950570342205323
ccajas_consultas_delta2	0.000387217607692218	0.00065425053885396	0.000190114068441065
Visa_fultimo_cierre	0.000382413429656082	0.000783586815336166	0.00114068441064639
cplazo_fijo_delta2	0.000382072274768396	0.000279030149274649	4.75285171102662e-05
vm_msaldopesos_rank_lag1	0.000376956291564519	0.000973766428310315	0.00114068441064639
mtarjeta_master_consumo_rank_tend6	0.000374953103851435	0.000907763780418868	0.000332699619771863
Master_mpagospesos_rank_tend6	0.000374565669982288	0.00128584023860992	0.00104562737642586
Master_msaldototal_rank	0.00037410969001798	0.00143147780971138	0.000760456273764259
vm_mlimitecompra_rank_lag1	0.000372555519221953	0.000508622478734414	0.000998098859315589
mautoservicio_rank_lag2	0.000371676795706	0.000974723074574883	0.00147338403041825
vm_mlimitecompra_rank	0.000370974868670173	0.000550238044309775	0.00109315589353612
cproductos_delta2	0.000369885299466478	0.00155584155991119	0.000285171102661597
rf_003_015	0.000364189014491142	0.000425884465576738	0.000475285171102662
rf_019_023	0.000362668126018606	0.000655796205512577	0.000903041825095057
rf_006_018	0.000360954264485367	0.000632710938846492	0.00104562737642586
rf_006_014	0.000360686210527404	0.00106603814406484	0.000903041825095057
rf_004_016	0.000360617632691694	0.00076117114821649	0.000427756653992395
rf_015_029	0.000360586962722854	0.00127468610246883	0.00137832699619772
Visa_mpagosdolares_rank_tend6	0.000359960304746298	0.000400705726112964	0.00114068441064639
vmr_msaldototal_lag1	0.000358803029332634	0.000745023218180657	0.000807984790874525
vmr_mpagominimo_lag1	0.000355000773054626	0.000600019844637352	0.000998098859315589
vmr_msaldopesos2_delta1	0.000354466384875414	0.001170850089478	0.000950570342205323
rf_003_021	0.000354114020474011	0.000734076606381131	0.000570342205323194
Master_msaldopesos_rank_tend6	0.00035389649729428	0.000685890273270268	0.000998098859315589
vm_mfinanciacion_limite_rank_delta1	0.00035132274222148	0.000698536973087604	0.00128326996197719
vmr_mconsumospesos_delta2	0.000350009754036594	0.00100160969577776	0.00118821292775665
vmr_mconsumospesos	0.000348503898519717	0.00069982584323444	0.000760456273764259
vm_fultimo_cierre_lag2	0.000348435261041608	0.000708301845383841	0.000950570342205323
vm_msaldopesos_rank_tend6	0.000347840670473521	0.000935407713556952	0.000855513307984791
vm_mpagominimo_rank_delta2	0.000346984536752225	0.0014187120905231	0.000998098859315589
mcaja_ahorro_rank_lag2	0.000345837517637751	0.00110657579835618	0.000712927756653992
vm_mlimitecompra_rank_lag2	0.000344986379927096	0.000372074632309993	0.00109315589353612
mprestamos_prendarios_rank	0.000344635243382611	0.00069075236648484	9.50570342205323e-05
Visa_Finiciomora_tend6	0.000343837748822676	0.00145192642083469	0.000475285171102662
ctarjeta_visa_transacciones	0.00034133309114788	0.002150122187446	0.00061787072243346
vmr_msaldototal_tend6	0.000340933118972276	0.00126807914036325	0.00109315589353612
ctarjeta_debito_delta2	0.000340108449918053	0.00146016755456951	0.000237642585551331
tcallcenter_lag1	0.000339091415874829	0.00136254961020141	0.000712927756653992
rf_004_021	0.000338047422677309	0.000734397073632973	0.000665399239543726
Visa_mpagosdolares_rank_lag2	0.000337871312512518	0.000199543306769213	0.00061787072243346
rf_012_016	0.000337680936034901	0.000441041536232494	0.00123574144486692
Visa_mconsumosdolares_rank_lag1	0.000336635898176842	0.000644265593003903	0.00152091254752852
Master_cadelantosefectivo	0.000335425749860926	0.000149808004575457	0.000522813688212928
mpagomiscuentas_rank_tend6	0.000333309455371166	0.00167363692032098	0.000570342205323194
mttarjeta_visa_debitos_automaticos_rank_lag2	0.000332912841968592	0.00132396395285173	0.00109315589353612
mtransferencias_recibidas_rank_lag1	0.000329540024304488	0.00170210738420712	0.00114068441064639
vm_Finiciomora_tend6	0.000327622418718725	0.000932158260165335	0.000332699619771863
matm_rank_lag2	0.000327390428440327	0.0010026404484431	0.000855513307984791
Visa_cconsumos_delta2	0.000327315652982783	0.000642898917741101	0.00137832699619772
rf_020_009	0.000326537518951179	0.000343120561412729	0.000237642585551331
vm_mfinanciacion_limite_rank_lag2	0.000326346270014275	0.00055277840116063	0.00104562737642586
mcuenta_debitos_automaticos_rank_delta2	0.000324795450050657	0.00235741958641765	0.000665399239543726
rf_014_015	0.000323105757662121	0.000489088639135838	0.00061787072243346
vmr_mpagominimo_tend6	0.000323092578512447	0.00119461129634511	0.000950570342205323
Visa_delinquency_lag1	0.00032256891833164	0.000165283693125459	0.000190114068441065
rf_002_024	0.000322232002112378	0.000600829070682193	0.00128326996197719
ccaja_ahorro_lag2	0.000322068463716523	0.000650473490159846	0.000142585551330799
cliente_vip_delta2	0.000320789893517488	0.000849442175104858	0.000475285171102662
Master_msaldototal_rank_tend6	0.000318601129673507	0.000774041488205866	0.00104562737642586
rf_001_015	0.00031779812445417	0.00065633925616069	0.000998098859315589
cmobile_app_trx_lag2	0.00031775769024142	0.00177552014378831	0.000855513307984791
rf_018_025	0.00031661478199963	0.000609067958768504	0.000903041825095057
internet_lag2	0.000315952813923802	0.000685952226749705	0.000237642585551331
Master_delinquency_delta2	0.0003156774953066	0.000398491252489765	0.000142585551330799
vm_status05	0.000314410153233483	0.000211050934404919	0.000332699619771863
vmr_mconsumototal_lag2	0.000311331405458696	0.000379984070550429	0.00109315589353612
rf_020_016	0.00031099093198378	0.000843124109075033	0.000903041825095057
vmr_mconsumospesos_tend6	0.000310857410045846	0.00100813753179766	0.000855513307984791
vm_msaldototal_rank_tend6	0.000307861762756881	0.000534327624627945	0.000998098859315589
mcomisiones_mantenimiento_rank_delta1	0.000307559853675875	0.00138355950135484	0.000950570342205323
Visa_mconsumosdolares_rank_delta1	0.000307027981576768	0.000587132464138707	0.000950570342205323
ccheques_emitidos_rechazados_lag2	0.000305148824916878	1.07261419547918e-05	4.75285171102662e-05
mplazo_fijo_dolares_rank_delta2	0.00030510431111135	0.00101940276149143	0.000142585551330799
rf_003_028	0.000304073581997439	0.00046559849525339	0.000665399239543726
Master_mconsumosdolares_rank_tend6	0.000302676260161442	0.000770057839848982	0.00133079847908745
ccomisiones_mantenimiento	0.000301401084819199	0.0003672747567688	4.75285171102662e-05
internet_tend6	0.000301379180988911	0.00210355747675212	0.000427756653992395
vmr_mpagominimo_delta1	0.000299244232971256	0.0007987741361983	0.000903041825095057
vm_mconsumototal_rank_lag2	0.000299166330126431	0.000266245276025562	0.000665399239543726
Master_mpagospesos_rank_lag1	0.000298686855597309	0.000843651175989646	0.000903041825095057
Master_cconsumos_tend6	0.000298545588099015	0.000721049467287083	0.000950570342205323
vmr_Master_mlimitecompra_tend6	0.000296696378975965	0.0010201410514628	0.000807984790874525
mcuenta_corriente_rank_delta1	0.000296093947834258	0.00099793581481806	0.000807984790874525
tcallcenter_lag2	0.000295266778811494	0.000635808744915309	0.000665399239543726
cmobile_app_trx_tend6	0.000294642974512083	0.00152685486106207	0.000712927756653992
vmr_msaldopesos2_delta2	0.000293954435714328	0.000915450635263033	0.000998098859315589
vm_fultimo_cierre	0.000291772317555981	0.000589504793642348	0.000903041825095057
vm_status01_delta1	0.000291702911087947	0.000429710390150152	0.000427756653992395
Visa_cconsumos_delta1	0.000291656760812548	0.00122656476106773	0.00114068441064639
vmr_mpagospesos	0.000291636671787074	0.00130880992042631	0.000855513307984791
Master_cadelantosefectivo_tend6	0.000291101408340842	0.000335955621701306	0.00118821292775665
rf_003_025	0.000289824677119451	0.000524564865883246	0.000285171102661597
vm_mconsumototal_rank_tend6	0.000289729485481853	0.00102540339849975	0.000903041825095057
mtransferencias_emitidas_rank_lag1	0.000289624271637438	0.000668186505109045	0.000712927756653992
rf_011_017	0.000289277482868143	0.000720729264229183	0.000903041825095057
rf_018_019	0.000289045015176355	0.000676259215205737	0.000855513307984791
Master_madelantodolares_rank_tend6	0.00028512827378779	0.000553704533024878	0.00123574144486692
Visa_status_delta2	0.000284866825680743	0.00066103728493718	0.000475285171102662
rf_015_017	0.000280987899152878	0.000880494210096827	0.000190114068441065
Master_mpagospesos_rank	0.000280274188059918	0.0012238954775731	0.000760456273764259
vmr_mconsumototal	0.000279827519087993	0.000879397408945943	0.000903041825095057
Master_mpagospesos_rank_delta1	0.00027940593449412	0.000797986309862774	0.00104562737642586
rf_002_026	0.000279097934774329	0.000538519722005195	0.000712927756653992
mcuenta_debitos_automaticos_rank_lag2	0.000278971592788002	0.00127823832211816	0.000570342205323194
vm_mfinanciacion_limite_rank_lag1	0.000278079624009027	0.000420235866996351	0.000903041825095057
ccajas_transacciones_delta2	0.000277912494686653	0.000602176856078131	0.000522813688212928
Master_mconsumospesos_rank_lag2	0.000275800980297222	0.000972799742675946	0.000998098859315589
Master_msaldototal_rank_delta1	0.000275097610327711	0.00160142624317662	0.000807984790874525
vmr_msaldopesos_delta1	0.00027489945691112	0.000343550404956627	0.000760456273764259
cprestamos_personales_delta1	0.000274487283137714	0.0014690990270752	0.000190114068441065
ctarjeta_debito_transacciones_delta2	0.000273219741715525	0.00050445798962412	0.000522813688212928
Master_mconsumototal_rank_delta1	0.000271634454893947	0.000519653764692403	0.000903041825095057
vmr_mconsumototal_tend6	0.000270953145921988	0.000698363793958517	0.000712927756653992
rf_019_026	0.000270660622567331	0.000194951748151415	0.000142585551330799
mcaja_ahorro_dolares_rank_delta1	0.000270317228347733	0.000492094902003695	0.000522813688212928
vm_msaldototal_rank	0.000269014492689146	0.000539858392710128	0.000950570342205323
ccajas_transacciones_lag1	0.000268936371016598	0.000684538260771256	0.000570342205323194
rf_005_015	0.000268308756261012	0.000741651839284732	0.000332699619771863
rf_012_025	0.000266095673409558	0.000485862302714159	0.000380228136882129
vm_mconsumospesos_rank_delta1	0.000264629066847094	0.000203880314523739	0.000665399239543726
cpagomiscuentas_tend6	0.000264064466403459	0.00176134693137317	0.000475285171102662
vmr_mconsumospesos_lag2	0.000263680061376732	0.000759923492324632	0.000903041825095057
Master_msaldopesos_rank_lag1	0.00025975169083895	0.000539590764246718	0.00104562737642586
vm_mconsumospesos_rank_tend6	0.000257748169839136	0.00070479889790472	0.00118821292775665
ctarjeta_visa_transacciones_lag2	0.000254116625507466	0.000639961741589119	0.000855513307984791
cextraccion_autoservicio_tend6	0.000254085071497438	0.0014852886997539	0.000427756653992395
ccomisiones_otras	0.000253640287216566	0.00126381610691253	0.000522813688212928
mcaja_ahorro_dolares_rank_lag2	0.000253243679078493	0.000812165598738589	0.000807984790874525
rf_011_024	0.000252062622952496	0.000430252384022496	0.000950570342205323
vm_mconsumospesos_rank_lag2	0.000251701841405029	0.000321177008867696	0.00061787072243346
vm_status01_lag1	0.000251432018925983	0.000521096131519634	0.000380228136882129
Master_msaldopesos_rank_delta1	0.000250714417981604	0.000749797599006431	0.000807984790874525
vmr_Visa_mlimitecompra_tend6	0.000250545652233229	0.000893728080950618	0.00061787072243346
tcuentas_lag2	0.000250336352202731	0.00118332532742688	0.000237642585551331
vmr_mpagospesos_lag2	0.000250162160421794	0.00068217015837069	0.000855513307984791
mautoservicio_rank_delta1	0.000249221748019542	0.000707497110636017	0.000570342205323194
Master_cconsumos_lag2	0.000248942126375401	0.000284460919949723	0.000807984790874525
Master_msaldopesos_rank_delta2	0.000248657923387747	0.00038583609846628	0.000903041825095057
vmr_mpagospesos_tend6	0.000248284213193072	0.000962322207220728	0.000807984790874525
Master_mpagosdolares_rank_tend6	0.000246380500096753	0.000468015209339314	0.00118821292775665
Visa_fultimo_cierre_delta1	0.000243580360900796	0.000257854872713421	0.000570342205323194
mtransferencias_emitidas_rank_delta1	0.000243480018124085	0.000830172529448443	0.000570342205323194
rf_019_020	0.000242762209144209	0.000714089674171747	0.000570342205323194
Visa_mpagosdolares_rank_lag1	0.000242089104544766	0.000201069951463994	0.000712927756653992
Master_msaldototal_rank_delta2	0.000242041609452803	0.000826505121240326	0.000807984790874525
Master_mconsumospesos_rank	0.000241811198601223	0.000716449718657077	0.000760456273764259
Master_mconsumototal_rank_lag1	0.000239226784056263	0.000365158034904201	0.000665399239543726
rf_016_019	0.000238923510241335	0.000555756659470619	0.00061787072243346
vmr_msaldototal_lag2	0.000237934605168213	0.000338652645559863	0.000950570342205323
mextraccion_autoservicio_rank_tend6	0.000236163428890238	0.00158079850856052	0.000712927756653992
mtransferencias_recibidas_rank_delta1	0.000234683577810556	0.000633078828910952	0.000665399239543726
vmr_msaldototal_delta2	0.000233966977461205	0.00100137218542376	0.000855513307984791
ccomisiones_otras_delta1	0.000233067841997532	0.000929324251747767	0.000665399239543726
mextraccion_autoservicio_rank_lag2	0.000232808837715325	0.000507710349149101	0.000760456273764259
mautoservicio_rank_tend6	0.000232481438802013	0.00151058645858861	0.000807984790874525
cdescubierto_preacordado_delta1	0.000228723425558742	0.002102128319622	0.000332699619771863
rf_007_016	0.000227322297445267	0.000580493270372185	0.00061787072243346
rf_006_015	0.000226971145107282	0.000775762315448136	0.000285171102661597
vm_mpagominimo_rank_delta1	0.000225834910442008	0.000549474259622986	0.000712927756653992
ccomisiones_otras_lag2	0.000225526736923888	0.000707373071580172	0.00061787072243346
mpayroll_rank_delta1	0.000224741010890812	0.00156741074473542	0.000380228136882129
mpagomiscuentas_rank_lag1	0.000223933143861717	0.000926934749637886	0.000712927756653992
ctarjeta_debito_transacciones_tend6	0.00022280996775616	0.00235070681463824	0.000760456273764259
vm_msaldototal_rank_lag1	0.000221201455802499	0.00142507837194737	0.000665399239543726
rf_002_018	0.000220156128931607	0.000172034508832545	4.75285171102662e-05
mtransferencias_recibidas_rank_delta2	0.000219613968244376	0.000824807014677082	0.000570342205323194
vm_cconsumos_delta2	0.000218647815946061	0.000405509828757232	0.000142585551330799
Visa_fechaalta_delta2	0.000217695284664466	0.000233250622976878	0.000380228136882129
vm_mconsumospesos_rank_lag1	0.000216505407956211	0.000263756040702515	0.000570342205323194
vm_msaldopesos_rank_lag2	0.000215792230332599	0.00091772851543235	0.000570342205323194
rf_020_023	0.000214785083196139	0.000378397718024719	0.000712927756653992
vm_mpagospesos_rank_delta2	0.000213998341728726	0.000218791949007227	0.000570342205323194
ctarjeta_visa_transacciones_lag1	0.000213684963934144	0.000439735889770331	0.000570342205323194
rf_009_018	0.00021252922715839	0.000738968289317225	0.000427756653992395
Master_mconsumototal_rank_delta2	0.000212356108458067	0.00057286506658318	0.000665399239543726
mtransferencias_emitidas_rank_delta2	0.000210372767866675	0.00112355448624314	0.000380228136882129
Visa_madelantodolares_rank_lag2	0.000210283886784206	0.0001249699432001	0.000475285171102662
ctarjeta_debito_transacciones_lag2	0.000209463957271725	0.000474263528168408	0.000570342205323194
ccajas_transacciones_tend6	0.000206869205814916	0.00111543025832773	0.000332699619771863
Master_fechaalta_delta1	0.000205246999875363	0.000174119131133171	0.000712927756653992
vmr_mconsumototal_lag1	0.000205213303971553	0.000416326589234185	0.00061787072243346
Master_mconsumosdolares_rank_delta2	0.000204839423909007	0.000289301481358009	0.000712927756653992
vm_cconsumos_lag1	0.000204507551047985	0.000389134559834168	0.000332699619771863
matm_rank_delta2	0.000204365501804322	0.00100963722871034	0.000712927756653992
Visa_mpagosdolares_rank_delta1	0.000204263714229416	0.000276003807667187	0.000855513307984791
mcaja_ahorro_dolares_rank_lag1	0.000204217610457101	0.00113635151241356	0.000712927756653992
vmr_msaldopesos_lag1	0.000203466399101195	0.000385391063770709	0.000665399239543726
rf_016_017	0.000203386706677286	0.000857818840332006	0.00061787072243346
Visa_fultimo_cierre_lag2	0.000203058940806379	0.00029811353820184	0.000665399239543726
rf_016_022	0.000202287315495662	0.000392276222097384	0.000237642585551331
Master_madelantopesos_rank_tend6	0.000202185242222914	0.00034262070647416	0.000998098859315589
vm_mpagospesos_rank_delta1	0.000197312773573423	0.000764870127600695	0.000760456273764259
vm_msaldototal_rank_delta2	0.000196057839711916	0.000817536925776678	0.000665399239543726
Master_fultimo_cierre_delta1	0.000195786940068155	0.000319139413088775	0.000807984790874525
Visa_madelantodolares_rank_tend6	0.000193567106855256	0.000199326799833612	0.000475285171102662
rf_017_013	0.000192234557323295	0.000751697021353602	0.000332699619771863
vmr_mconsumosdolares_tend6	0.000189249356908426	0.000481627009627366	0.000475285171102662
Visa_Finiciomora_delta1	0.000188493453303537	0.00159860623703799	0.000237642585551331
vm_mconsumosdolares_rank_lag2	0.000187895377044096	0.0010976315124443	0.000475285171102662
vmr_mpagospesos_delta2	0.000186725114371788	0.000556021645994607	0.000570342205323194
Master_mconsumospesos_rank_delta2	0.000186368630378374	0.000565188119011847	0.000760456273764259
vm_status06	0.00018612850015178	9.69590446763537e-05	0.000237642585551331
rf_014_017	0.000185276442908432	0.000596492062927668	0.000475285171102662
rf_020_019	0.000183527451716665	8.41974204941775e-05	0.000237642585551331
mtarjeta_visa_consumo_rank_delta1	0.000182159220674947	0.00111790892589309	0.000665399239543726
Master_mpagominimo_rank_delta1	0.000181777612413923	0.000884676400201246	0.000665399239543726
rf_008_018	0.000181518025702516	0.000668497197185027	0.000475285171102662
Visa_fechaalta_delta1	0.000179939927204926	0.00015521420521391	0.000427756653992395
rf_006_017	0.00017969367775368	0.000304610595627479	0.000332699619771863
tcallcenter_tend6	0.000179584673470358	0.00088345952290365	0.000427756653992395
rf_016_013	0.000178655986864771	0.000508729609377961	0.000522813688212928
rf_019_028	0.000178269544520357	0.000580695378737938	0.000332699619771863
Master_fultimo_cierre_delta2	0.000177922262949977	0.000227666091427465	0.000712927756653992
vm_mconsumototal_rank_lag1	0.000176898317319991	0.000650745742017244	0.000807984790874525
ctransferencias_emitidas_tend6	0.000176352374615853	0.00134014266148182	0.000522813688212928
rf_009_023	0.000175735997813251	0.000612301428426621	0.000427756653992395
vmr_Visa_mlimitecompra_delta2	0.000175268966983132	0.00061721332219929	0.000190114068441065
Master_mconsumospesos_rank_delta1	0.000175067160025373	0.000411743749016478	0.000855513307984791
mextraccion_autoservicio_rank_delta2	0.000174435947225223	0.000874678508848023	0.000570342205323194
Master_mpagominimo_rank_delta2	0.000174433666819242	0.000620353663492795	0.000522813688212928
Visa_mpagosdolares_rank_delta2	0.00017440741229087	0.000689800343614261	0.00104562737642586
matm_other_rank_lag2	0.000173795908424768	0.000719443300215711	0.000665399239543726
Master_mconsumospesos_rank_lag1	0.000171208468371572	0.000704370903718418	0.000665399239543726
Master_cconsumos	0.000170528858604778	0.000392249538509225	0.000522813688212928
Master_mpagado_rank_tend6	0.00016869307418743	0.000573060834294322	0.000570342205323194
mttarjeta_master_debitos_automaticos_rank_lag2	0.000168640834420837	0.000342120719438619	0.000190114068441065
rf_017_019	0.000168261905527164	0.000758206627991494	0.00061787072243346
Master_mconsumototal_rank	0.000167267301939727	0.000275633539857247	0.000522813688212928
active_quarter	0.000166986507364952	0.00047121327700918	0.00061787072243346
Visa_madelantodolares_rank	0.000166026275874472	8.76870261792196e-05	0.000380228136882129
cextraccion_autoservicio_delta2	0.000164853811324977	0.0005604793903807	0.000427756653992395
mtarjeta_visa_consumo_rank_lag1	0.000164359917680913	0.000174161930551802	0.000522813688212928
mtarjeta_master_consumo_rank_delta1	0.000164114953469638	0.000687355228679555	0.000190114068441065
cmobile_app_trx_delta2	0.000163389527810945	0.000899600055509102	0.000475285171102662
mpayroll_sobre_edad_rank_delta1	0.000163345407790028	0.000551438277389015	0.000237642585551331
ccallcenter_transacciones_delta2	0.000163058532542098	0.000273522233968463	0.000190114068441065
rf_003_022	0.000162991729544871	0.000108817653964221	0.000190114068441065
rf_014_024	0.000162742991037955	0.000336045183447698	0.000427756653992395
Visa_Fvencimiento_delta2	0.000162343835232776	0.000196363468481356	0.000285171102661597
Master_mpagosdolares_rank_delta2	0.000161741272741791	0.000264560114965484	0.000570342205323194
rf_007_021	0.000160954966385315	0.00023172186473056	0.000475285171102662
vmr_mpagospesos_lag1	0.00016067709577973	0.000175927010279384	0.000475285171102662
vm_mconsumototal_rank_delta2	0.000160126362841099	0.000869355397204379	0.000570342205323194
Visa_mpagado_rank	0.000159884755977052	0.000757093711010138	0.000427756653992395
Master_madelantopesos_rank_lag2	0.000159477296826754	0.000181033879181368	0.000712927756653992
vm_mconsumospesos_rank	0.000157631750337102	0.000152315337183542	0.000522813688212928
Master_mpagospesos_rank_delta2	0.00015697086146187	0.000268989986890679	0.000475285171102662
Visa_mpagado_rank_delta1	0.000156707059114227	0.000465786469243238	0.000475285171102662
Master_delinquency_lag1	0.00015649144484225	7.23438308912108e-05	0.000190114068441065
rf_006_013	0.000154919354543196	0.000215362183250084	0.000570342205323194
ccomisiones_mantenimiento_delta2	0.000154748351294516	0.00146012911435093	0.000237642585551331
Master_Fvencimiento_delta1	0.000153629284570035	0.000256367064528138	0.000570342205323194
Master_cconsumos_lag1	0.000151966527294578	0.000362632340817136	0.000570342205323194
Master_mpagosdolares_rank_lag1	0.000151916660545298	0.00021222805051422	0.000570342205323194
Master_madelantodolares_rank	0.000151585650623592	0.000242753282785519	0.000570342205323194
rf_012_015	0.000150697688348585	0.000819624982598552	0.000380228136882129
Master_Fvencimiento_delta2	0.000150688763967932	0.000257654613705263	0.000380228136882129
ccomisiones_otras_lag1	0.000150647530296964	0.000416587348655098	0.000332699619771863
vm_Fvencimiento_delta2	0.000148771557957731	0.000443235270631233	0.000332699619771863
Master_fechaalta_delta2	0.000148751319464324	0.000324351034888826	0.000522813688212928
rf_013_021	0.000147823520453463	0.000495581733652344	0.000332699619771863
vmr_mconsumospesos_lag1	0.000147312013546733	0.000280945819549263	0.000570342205323194
ctarjeta_master_descuentos_delta1	0.000146805275575205	0.000512620261467204	0.000380228136882129
rf_002_022	0.000144604249131027	0.000529431054103921	0.000237642585551331
vm_fultimo_cierre_delta1	0.000144558522735631	0.000201821715326415	0.000380228136882129
Visa_fultimo_cierre_delta2	0.000144189103985995	0.000236180930086364	0.000475285171102662
mautoservicio_rank	0.000143609897625405	0.00125423775553946	0.000427756653992395
rf_002_021	0.000143584114648183	0.000905495939619353	0.000380228136882129
ctrx_quarter_normalizado_lag1	0.000143563494829482	0.000496674043506212	0.000522813688212928
mcheques_emitidos_rank_lag2	0.000143560504417914	0.000585413089963119	0.000190114068441065
rf_001_018	0.000143434609161346	0.000477816804593511	0.000190114068441065
ccaja_ahorro_tend6	0.000142673873447253	0.00270352897389806	0.000380228136882129
cmobile_app_trx_lag1	0.000142629677617534	0.000713625485415369	0.000285171102661597
Master_mconsumosdolares_rank_delta1	0.000141603375246314	0.000161439407073065	0.000570342205323194
vm_msaldototal_rank_delta1	0.000141412363387401	0.000281245415479674	0.000522813688212928
Master_mpagosdolares_rank_lag2	0.000140008112196954	0.000216012496638715	0.000427756653992395
ccajas_extracciones_tend6	0.000139598275949355	0.00162964334507222	0.000332699619771863
Visa_status_lag2	0.00013951942082226	0.000796551472562894	0.000237642585551331
rf_017_017	0.000139308573313878	0.000518383784412432	0.000285171102661597
mttarjeta_visa_debitos_automaticos_rank_lag1	0.000139301522568829	0.000291794283299275	0.000570342205323194
vm_status06_delta2	0.000138955130918328	8.41850033788959e-05	4.75285171102662e-05
Visa_cadelantosefectivo_tend6	0.000138804738889666	0.000107945549761146	0.000427756653992395
rf_011_019	0.000138613231816772	0.000481166915877092	0.000380228136882129
internet_delta2	0.000138081680150241	0.000324661859061779	0.000190114068441065
vm_mpagado_rank_tend6	0.000137508681425002	0.000788936478470997	0.000380228136882129
catm_trx_lag2	0.000136800880610876	4.293177979521e-05	4.75285171102662e-05
Master_mconsumosdolares_rank_lag1	0.000136277660717764	0.000126539387313512	0.000475285171102662
vm_mconsumototal_rank_delta1	0.000135840290958902	0.000571678175298019	0.000475285171102662
Master_status_tend6	0.000135741423229327	0.000132948600253382	0.000285171102661597
rf_016_015	0.000135731737843242	0.000334903337229676	0.000380228136882129
mpayroll_sobre_edad_rank_tend6	0.000134938117955417	0.000556141061656464	0.000332699619771863
rf_015_024	0.000134931894614308	0.000977027374138417	0.000190114068441065
active_quarter_lag2	0.000134579620762307	0.000209687957857307	0.000380228136882129
rf_007_018	0.000133610929132346	0.000400450382667865	0.000380228136882129
cseguro_accidentes_personales	0.000133065390654077	0.000683890589322047	0.000332699619771863
Master_mpagado_rank_lag2	0.000130673416577887	0.000385376268909948	0.000285171102661597
Master_cconsumos_delta1	0.000130463834106955	0.000364158853414946	0.000570342205323194
mpagomiscuentas_rank_lag2	0.000129974083185801	0.000777508637405824	0.000427756653992395
mprestamos_prendarios_rank_lag2	0.000129827897843724	0.00070486983397819	9.50570342205323e-05
Visa_mpagado_rank_delta2	0.000129757048200716	0.000573501377692877	0.000380228136882129
mpayroll_sobre_edad_rank_lag1	0.000127883593871905	0.00138296136626979	0.000475285171102662
rf_017_015	0.000127833909362072	0.000185453051251906	0.00061787072243346
Visa_mpagosdolares_rank	0.000127736583143947	0.000344660812095532	0.00061787072243346
rf_019_017	0.000127159923573046	0.000387628258072934	0.000332699619771863
rf_002_020	0.000126961277136016	0.000767992635803104	0.000285171102661597
vmr_mconsumototal_delta2	0.000126094246074894	0.000246651464402115	0.000380228136882129
Master_mconsumosdolares_rank_lag2	0.0001248124220638	0.000141132932290637	0.000475285171102662
mpayroll_rank_lag2	0.000124176739812701	0.000125652356152704	0.000190114068441065
Visa_Finiciomora_lag2	0.000123777914618131	0.000766013162691458	0.000142585551330799
Visa_madelantopesos_rank_lag2	0.000122889774841728	0.000257971910629799	0.000475285171102662
mcheques_depositados_rank	0.000122807940292708	0.000705823045721509	0.000142585551330799
rf_005_020	0.000122800843395541	0.000348699412792386	0.000380228136882129
ctransferencias_recibidas_delta2	0.000122330459956243	0.00141095720573883	0.000285171102661597
Master_cadelantosefectivo_lag2	0.000122016353730324	0.00010398131965901	0.000380228136882129
Master_madelantopesos_rank_lag1	0.000121921075929208	0.000263836619854874	0.000570342205323194
vm_mpagospesos_rank_lag1	0.000121307500893585	0.000133639995800019	0.000285171102661597
ctarjeta_debito_tend6	0.00012086626628968	0.00140064835811568	0.000190114068441065
mforex_sell_rank_tend6	0.000120493905737361	0.0022116517677027	0.000380228136882129
rf_010_018	0.000119861506253072	0.000214282818899383	0.000237642585551331
mtarjeta_master_consumo_rank_lag1	0.000119721573382339	0.000125517353048259	0.000332699619771863
Master_madelantodolares_rank_lag2	0.000119342980714743	0.000225540519065804	0.000475285171102662
rf_007_028	0.000119151088631405	0.000664776289703623	0.000332699619771863
vm_status01_tend6	0.000119018057344884	0.000676523937535783	0.000522813688212928
ctarjeta_master_transacciones_tend6	0.000118518694060649	0.000635877039049358	0.000332699619771863
matm_rank_tend6	0.000117858255497598	0.000804127630145292	0.000380228136882129
Visa_msaldodolares_rank_lag2	0.000117576718803786	0.000256405108455809	0.000285171102661597
rf_001_020	0.000117423412523325	0.000617881336582046	0.000190114068441065
rf_012_023	0.000117096289996271	0.000382795094095028	0.000380228136882129
rf_017_022	0.000115697151161918	0.00105169307349031	0.000237642585551331
Master_madelantopesos_rank	0.000115412955895531	0.000229917552202567	0.000475285171102662
mpayroll_rank_lag1	0.000115409973380713	0.000233867119540912	0.000142585551330799
Visa_cadelantosefectivo_delta1	0.000114685637122585	0.000118324540875937	0.000285171102661597
vmr_Master_mlimitecompra_delta2	0.000114020101119523	0.000193651781859008	0.000332699619771863
rf_014_028	0.000112918681350508	0.000871112683210667	0.000285171102661597
vm_mpagospesos_rank	0.000111072930751799	0.000129335483900379	0.000332699619771863
mextraccion_autoservicio_rank_lag1	0.000110674976502973	0.000384060583077983	0.000380228136882129
ctarjeta_debito_transacciones_delta1	0.000109890142166544	0.00168357827417058	0.000285171102661597
cmobile_app_trx	0.000109320967574214	0.000581408570284804	0.000190114068441065
mtarjeta_master_consumo_rank_delta2	0.000109098550164177	0.000296634316319677	0.000237642585551331
mplazo_fijo_dolares_rank_lag2	0.000108999910979715	0.00122258679288061	0.000285171102661597
vmr_mpagospesos_delta1	0.000108592617529559	0.000269551795308686	0.000427756653992395
rf_009_019	0.000108284803039382	0.000297472207407242	0.000285171102661597
vmr_mconsumosdolares	0.000107427102953807	0.000255591523210923	0.000237642585551331
vm_cconsumos_lag2	0.000107094742775555	0.000244112824811883	0.000427756653992395
vmr_mconsumosdolares_lag2	0.00010607000185508	0.000306065775860905	0.000285171102661597
vmr_mconsumospesos_delta1	0.000105573566726956	0.000202238745464117	0.000427756653992395
catm_trx_other_tend6	0.000105449173391152	0.000178488766839554	0.000190114068441065
vm_status02	0.000105434305038864	0.000701801617630896	0.000285171102661597
Visa_mpagado_rank_lag2	0.000105388721486905	0.00015051485546771	0.000237642585551331
vmr_mconsumototal_delta1	0.00010431798269831	0.000469531814664293	0.000427756653992395
Master_mpagosdolares_rank	0.000103957185971535	0.00012032924450906	0.000475285171102662
cprestamos_personales_lag1	0.000101077702335129	0.0020312991126012	0.000285171102661597
matm_other_rank_delta2	0.000100515980169209	0.000512793704790234	0.000285171102661597
rf_009_022	0.000100230923630597	0.000430960555884461	0.000142585551330799
vm_mpagospesos_rank_lag2	9.92189480700839e-05	0.00044990682815567	0.000380228136882129
vm_mconsumosdolares_rank_lag1	9.90071498587814e-05	0.00176780660535599	0.000332699619771863
matm_rank_lag1	9.75460482086397e-05	0.000750439193994971	0.000285171102661597
rf_007_025	9.72089827956371e-05	0.000362936560141535	0.000332699619771863
vm_status04_delta1	9.65869278786577e-05	0.00013620175236019	4.75285171102662e-05
ccomisiones_otras_delta2	9.6367356106435e-05	0.000217153550274911	0.000332699619771863
ccajas_depositos_tend6	9.63655795131179e-05	0.00144730553668932	0.000190114068441065
ccajas_otras_tend6	9.61734821142738e-05	0.00160010315991427	0.000237642585551331
minversion2_rank_lag1	9.60661726490326e-05	0.000729032087249497	9.50570342205323e-05
rf_020_021	9.56378072912258e-05	0.000194956107351461	0.000237642585551331
vmr_Master_mlimitecompra_delta1	9.55581339950012e-05	0.00134550342076223	0.000285171102661597
rf_014_030	9.55207134453615e-05	0.000269362368252156	0.000380228136882129
Master_delinquency_tend6	9.48373639092742e-05	0.000382506594310188	0.000237642585551331
mpayroll_sobre_edad_rank	9.45284619927197e-05	0.000475168128226369	0.000190114068441065
vmr_mconsumosdolares_lag1	9.44136586869995e-05	0.000304393560303993	0.000237642585551331
vm_fultimo_cierre_delta2	9.41125475287325e-05	0.000127604088900423	0.000285171102661597
mttarjeta_master_debitos_automaticos_rank_delta2	9.32489603281246e-05	0.00155382047625366	0.000332699619771863
vm_mconsumototal_rank	9.2726847910361e-05	0.000174894276159474	0.000380228136882129
mtarjeta_master_consumo_rank_lag2	9.26375236447212e-05	8.17844051234441e-05	0.000237642585551331
rf_012_019	9.24493424197964e-05	0.000357360879089184	0.000237642585551331
rf_004_025	9.21794732621815e-05	0.000578061629328529	0.000190114068441065
ccajeros_propios_descuentos_lag2	9.20649595039695e-05	0.000222384458232741	0.000142585551330799
rf_014_019	9.20051603977414e-05	0.000579493692592016	0.000285171102661597
vm_mpagado_rank_delta2	9.1824616119958e-05	0.000803866474433465	0.000142585551330799
Master_cadelantosefectivo_delta1	9.10382998486734e-05	3.47852274916845e-05	0.000190114068441065
Master_mconsumosdolares_rank	9.0275609952125e-05	0.000137829847528761	0.000380228136882129
catm_trx_delta2	9.02685793876591e-05	0.000725118450287285	0.000237642585551331
ctarjeta_visa_transacciones_delta1	8.99624992431846e-05	0.000957398688914604	0.000237642585551331
mforex_buy_rank_tend6	8.99084012396514e-05	0.00179393578252669	0.000237642585551331
Visa_cadelantosefectivo_lag1	8.98523910380516e-05	0.000161195423967479	0.000475285171102662
mtarjeta_master_descuentos_rank_delta2	8.94892487571058e-05	0.000128871427240972	0.000142585551330799
vm_status02_delta2	8.90241440321078e-05	0.000498484696688817	0.000380228136882129
thomebanking_delta1	8.89797206004988e-05	0.00044930433387057	0.000237642585551331
Visa_msaldodolares_rank_lag1	8.87967367533463e-05	0.000133543036623246	0.000332699619771863
mv_status07_rank_delta1	8.84762732925309e-05	0.00141163222126106	0.000237642585551331
mcajeros_propios_descuentos_rank_delta1	8.74032769107882e-05	0.000322004200100604	0.000237642585551331
vm_msaldodolares_rank_tend6	8.67021416557844e-05	0.00131003657289976	0.000237642585551331
mprestamos_prendarios_rank_lag1	8.66522419156368e-05	0.00142227104711796	0.000190114068441065
vmr_msaldodolares2_lag2	8.61019816194422e-05	0.000237842974176503	0.000237642585551331
matm_other_rank_tend6	8.56951438556455e-05	0.000633944328265474	0.000190114068441065
rf_003_023	8.52516756998107e-05	0.000301065773408525	0.000285171102661597
vm_status01_delta2	8.49560466410324e-05	0.000390648259025783	9.50570342205323e-05
vm_status01_lag2	8.3665688699713e-05	0.00086407323562177	0.000332699619771863
rf_004_015	8.35170200929163e-05	0.000282219366447453	0.000190114068441065
vmr_mpagado_tend6	8.32264372330144e-05	0.000497453811926502	0.000237642585551331
catm_trx_tend6	8.31938885834253e-05	0.000586058912054733	0.000332699619771863
vm_mconsumosdolares_rank_tend6	8.27668737453901e-05	0.000432770416485239	0.000190114068441065
rf_005_017	8.26370455562441e-05	0.000282306022060482	0.000142585551330799
mpagomiscuentas_rank_delta1	8.23090728124158e-05	0.000327102482699469	0.000237642585551331
cpayroll_trx_delta2	8.22903803272194e-05	0.00105092228766406	0.000142585551330799
mplazo_fijo_dolares_rank_delta1	8.22139938339212e-05	0.00144609354697965	0.000190114068441065
Master_madelantodolares_rank_delta2	8.2112174891369e-05	6.88739076548597e-05	0.000237642585551331
rf_020_027	8.19006325347737e-05	0.000112989144213983	0.000190114068441065
ctarjeta_debito_lag2	8.16554001849571e-05	0.000597671953073362	0.000190114068441065
mextraccion_autoservicio_rank	8.12442722045055e-05	0.000215688991156538	0.000332699619771863
mtarjeta_visa_descuentos_rank_delta2	8.10697209020794e-05	0.00018931569878328	0.000285171102661597
Visa_status_lag1	8.0614390906121e-05	0.000123520046845517	0.000142585551330799
cforex_sell_tend6	8.04918410639145e-05	0.00108828248141302	0.000142585551330799
ctarjeta_master_descuentos_delta2	8.04912198528969e-05	0.000547966372698098	0.000237642585551331
rf_018_023	8.00362659616033e-05	0.000824802787574007	0.000190114068441065
Master_msaldodolares_rank_lag2	7.90337661503919e-05	0.000131672939803655	0.000190114068441065
matm_rank	7.87015056466755e-05	0.00058614411460108	0.000332699619771863
Master_madelantopesos_rank_delta2	7.86596763852567e-05	8.04594725035034e-05	0.000237642585551331
Master_madelantopesos_rank_delta1	7.82938322312218e-05	8.80168723160084e-05	0.000332699619771863
ccuenta_debitos_automaticos_tend6	7.80850849732391e-05	0.000419264557967993	9.50570342205323e-05
Master_status_delta1	7.78415056764693e-05	0.000397829578761621	0.000190114068441065
rf_010_014	7.66565303933365e-05	0.000608259657402461	0.000237642585551331
matm_other_rank_lag1	7.5468850210027e-05	0.00019834518724151	0.000142585551330799
rf_018_024	7.53206369824932e-05	0.000299913623626758	0.000237642585551331
rf_020_018	7.46205525217191e-05	0.000756899660559621	0.000142585551330799
vmr_msaldodolares2_tend6	7.43794728096201e-05	0.00106362644966381	0.000237642585551331
Master_mpagado_rank_lag1	7.37658314412959e-05	6.91770702034902e-05	0.000237642585551331
ctarjeta_master_transacciones_lag2	7.37469304818935e-05	0.000546676049484581	0.000237642585551331
vm_status02_lag2	7.33224861237979e-05	0.000383020319430721	0.000190114068441065
minversion2_rank	7.29139005459517e-05	0.00105968137362249	0.000142585551330799
Master_cconsumos_delta2	7.27910085112355e-05	0.000375139149942097	0.000285171102661597
Visa_msaldodolares_rank	7.19519380878225e-05	0.000401194881196876	0.000285171102661597
Visa_madelantopesos_rank_tend6	7.19074674511955e-05	9.9139701474956e-05	0.000427756653992395
vm_status03_lag2	7.12746411914275e-05	5.92288473113934e-05	0.000142585551330799
cpagomiscuentas_lag2	7.12644912351399e-05	0.000243395802452857	9.50570342205323e-05
ctarjeta_master_transacciones_delta2	7.09963891947417e-05	0.000557302326129235	0.000142585551330799
Master_mpagado_rank	7.06819304227965e-05	9.37389168123165e-05	0.000237642585551331
Visa_madelantodolares_rank_lag1	7.06344584068928e-05	7.07265676742683e-05	0.000332699619771863
mttarjeta_visa_debitos_automaticos_rank_delta1	7.00584209244259e-05	0.000418786763223594	0.000285171102661597
ccajas_extracciones_delta2	6.96736758109887e-05	0.000596836703925218	9.50570342205323e-05
Master_msaldodolares_rank	6.93887063121125e-05	3.32830207365533e-05	9.50570342205323e-05
rf_016_010	6.87347880079801e-05	0.000584950222176452	0.000142585551330799
mv_status07_rank_delta2	6.86004653395733e-05	0.00079800414295387	0.000237642585551331
vm_status05_delta2	6.81259268057913e-05	0.000670096363116932	0.000142585551330799
cforex_tend6	6.77931598571605e-05	0.000717853513168753	0.000142585551330799
Master_status_lag2	6.69636487131184e-05	3.34069276954271e-05	0.000142585551330799
ccajeros_propios_descuentos_tend6	6.66427830444916e-05	0.00100070285007129	0.000142585551330799
cplazo_fijo	6.61922759009906e-05	0.000734549513537601	9.50570342205323e-05
mtarjeta_visa_descuentos_rank_delta1	6.6169034185732e-05	0.000465365608293375	0.000190114068441065
rf_008_014	6.58194271540239e-05	0.000190866253029827	0.000142585551330799
minversion1_pesos_rank_tend6	6.53856197069296e-05	0.000351424969596697	4.75285171102662e-05
vm_fechaalta_delta1	6.2648142803348e-05	4.65359135541792e-05	0.000190114068441065
ctransferencias_recibidas_lag2	6.2359803322443e-05	0.00085811262399569	0.000142585551330799
cmobile_app_trx_delta1	6.21637463175533e-05	0.000971458694225533	0.000190114068441065
vm_status04	6.13297206891499e-05	0.000120097150130871	0.000190114068441065
cprestamos_personales_lag2	6.10074578221835e-05	0.00072938201212589	0.000142585551330799
rf_008_021	6.0002835364512e-05	0.0003672747567688	4.75285171102662e-05
cinversion1	5.97643577193534e-05	0.000734549513537601	9.50570342205323e-05
Master_mpagado_rank_delta1	5.8777336240514e-05	0.000871341210970637	0.000190114068441065
vm_status06_lag2	5.86295097782579e-05	3.70904517340159e-05	0.000142585551330799
vm_mconsumosdolares_rank_delta2	5.76863479030615e-05	3.70510868366338e-05	9.50570342205323e-05
ctarjeta_master_descuentos_lag1	5.73471126385807e-05	0.000427130800498885	9.50570342205323e-05
vmr_mpagado_delta2	5.6910434986005e-05	0.000860195529035693	0.000142585551330799
mcheques_depositados_rank_delta2	5.64319937027791e-05	3.03502037846169e-05	4.75285171102662e-05
cseguro_vida_delta2	5.63851235069841e-05	0.00103305960684663	0.000142585551330799
Master_delinquency_lag2	5.62910700531186e-05	0.000723793781861287	0.000190114068441065
ctarjeta_master_descuentos_lag2	5.61645837686672e-05	0.00065971974974762	0.000142585551330799
vmr_mconsumosdolares_delta2	5.59591405109782e-05	0.000395295430468407	0.000190114068441065
rf_001_017	5.59178352428076e-05	0.00025446315088395	0.000190114068441065
Master_cadelantosefectivo_lag1	5.49751931492593e-05	7.07148110438421e-05	0.000237642585551331
ccajas_depositos_delta2	5.48589315769977e-05	0.000323422789473041	9.50570342205323e-05
mtarjeta_master_descuentos_rank_delta1	5.45634562416238e-05	9.72425247762932e-05	0.000190114068441065
mprestamos_hipotecarios_rank_tend6	5.45288053016417e-05	0.0003672747567688	4.75285171102662e-05
rf_016_014	5.38302889599787e-05	0.0001728112390225	0.000237642585551331
ccaja_seguridad_tend6	5.34957110232966e-05	0.0014690990270752	0.000190114068441065
Master_mpagado_rank_delta2	5.31457326688447e-05	7.67347342099374e-05	0.000142585551330799
vmr_mpagado_lag2	5.23787206176739e-05	0.00047301111678559	0.000190114068441065
cinversion2	5.21214827507503e-05	0.0003672747567688	4.75285171102662e-05
mforex_sell_rank_delta2	5.19568267344172e-05	0.000111988773851988	9.50570342205323e-05
rf_016_018	5.12327319413626e-05	0.0001738695999548	0.000142585551330799
vmr_mpagado_lag1	5.11686731525805e-05	0.000196115126175724	0.000142585551330799
rf_013_015	5.08703427032923e-05	0.000461961205154679	0.000142585551330799
vm_mpagado_rank_lag1	5.07621340614256e-05	0.000101888771540119	0.000142585551330799
matm_rank_delta1	5.01273437921353e-05	0.000509916632760093	0.000142585551330799
mcheques_depositados_rank_tend6	5.00988821494954e-05	0.000469574085695039	9.50570342205323e-05
vm_status02_delta1	4.99789069988286e-05	2.40790321795258e-05	9.50570342205323e-05
mcheques_emitidos_rank_delta2	4.99050650139358e-05	0.000375390662575035	9.50570342205323e-05
mcheques_emitidos_rank_delta1	4.97208987600498e-05	0.00109074688250551	0.000142585551330799
vm_status04_delta2	4.87541568377185e-05	0.00142400548034825	0.000190114068441065
ccallcenter_transacciones_lag2	4.84975896681139e-05	0.000138663907804165	0.000142585551330799
mtarjeta_master_descuentos_rank_lag2	4.8099928279044e-05	9.55848398861999e-05	9.50570342205323e-05
minversion2_rank_lag2	4.7745665323404e-05	0.000176048275298836	9.50570342205323e-05
mcheques_emitidos_rechazados_rank_lag2	4.75930376370118e-05	0.00062325332410499	0.000142585551330799
ccajas_extracciones_lag2	4.75727791385043e-05	0.000785440928422257	0.000142585551330799
rf_012_020	4.74713209896956e-05	0.000124472994394894	0.000142585551330799
rf_018_015	4.73456377170003e-05	0.000176849047137528	0.000190114068441065
mv_status07_rank_lag2	4.7054936405845e-05	0.000155890805899786	0.000190114068441065
vm_status04_lag1	4.66730367547384e-05	0.000246508535479405	0.000142585551330799
mautoservicio_rank_lag1	4.65613661775736e-05	0.000382365514745074	0.000190114068441065
mtarjeta_master_consumo_rank	4.58119126382671e-05	0.000849275732921296	0.000190114068441065
Master_msaldodolares_rank_delta1	4.56431797930184e-05	8.9944695511962e-05	9.50570342205323e-05
ctarjeta_visa_lag2	4.55946242552423e-05	0.00108371192621362	0.000142585551330799
vmr_msaldodolares_lag1	4.55515704710888e-05	0.000520097742612206	0.000142585551330799
Master_cadelantosefectivo_delta2	4.5367682884744e-05	8.65725240342107e-05	0.000332699619771863
Visa_Fvencimiento_delta1	4.51681495549225e-05	5.56336961464577e-05	0.000190114068441065
rf_002_008	4.49742344996602e-05	6.6970258204614e-05	4.75285171102662e-05
ctransferencias_emitidas_lag2	4.47732499226308e-05	5.88219886404644e-05	9.50570342205323e-05
ctarjeta_visa_descuentos_tend6	4.45546426068354e-05	0.000612556111386865	9.50570342205323e-05
Visa_cadelantosefectivo_delta2	4.43410577996656e-05	3.83254263166505e-05	0.000237642585551331
catm_trx_other_delta2	4.42914512921764e-05	0.000374915906060971	9.50570342205323e-05
ccomisiones_mantenimiento_delta1	4.39781868598316e-05	0.000697859183528988	9.50570342205323e-05
cpagomiscuentas_delta2	4.3830695219785e-05	0.000388326522662067	0.000142585551330799
vmr_msaldodolares2_delta2	4.36719754538201e-05	0.000362388489808521	9.50570342205323e-05
vmr_Visa_mlimitecompra_delta1	4.22872364312426e-05	0.000128857821252951	0.000142585551330799
Master_delinquency_delta1	4.22577117105391e-05	2.11314203668283e-05	9.50570342205323e-05
cseguro_auto	4.2107626777719e-05	0.0011018242703064	0.000142585551330799
vm_status04_lag2	4.20156542052791e-05	6.48475919763162e-05	9.50570342205323e-05
rf_007_024	4.19759823360215e-05	0.000156317611213348	9.50570342205323e-05
cseguro_accidentes_personales_lag2	4.18839336038127e-05	0.000236835074287156	4.75285171102662e-05
cplazo_fijo_lag2	4.1686662254222e-05	0.00136587330209077	0.000190114068441065
Visa_status_tend6	4.15247167535323e-05	0.000143376335150502	0.000190114068441065
mcajeros_propios_descuentos_rank_lag2	4.12745347206754e-05	0.000237886301983018	4.75285171102662e-05
ccajas_depositos_delta1	4.12046193509606e-05	0.0003672747567688	4.75285171102662e-05
tcuentas_lag1	4.06978255757312e-05	0.000788708743292854	0.000142585551330799
ctarjeta_visa_descuentos_delta1	4.06093756558244e-05	6.41305696172895e-05	9.50570342205323e-05
ctarjeta_debito_lag1	4.01239852324015e-05	0.000734549513537601	9.50570342205323e-05
Master_madelantodolares_rank_delta1	4.00724935074089e-05	6.43441704195272e-05	0.000190114068441065
ccajas_consultas_lag2	3.88765970187166e-05	0.000190277893120633	9.50570342205323e-05
vmr_msaldodolares2_lag1	3.83886143554202e-05	9.10898441542616e-05	9.50570342205323e-05
rf_008_015	3.83866566632981e-05	9.27707781112651e-05	9.50570342205323e-05
vm_msaldodolares_rank	3.80559583122592e-05	0.000360485632940101	9.50570342205323e-05
cforex_buy_tend6	3.776523366182e-05	0.00108395604141618	0.000142585551330799
ctarjeta_visa_descuentos_lag1	3.75519547221088e-05	2.57328862574578e-05	4.75285171102662e-05
cseguro_vida_lag2	3.71458090645985e-05	0.000728362355606117	9.50570342205323e-05
vmr_mpagado	3.67655310550212e-05	0.000204638815331685	9.50570342205323e-05
matm_other_rank_delta1	3.66872142450016e-05	0.000794188389847229	0.000142585551330799
ctarjeta_visa_debitos_automaticos_lag2	3.58247971672936e-05	0.00106636931117134	0.000142585551330799
Visa_msaldodolares_rank_delta2	3.53806856895406e-05	0.000124036810196385	0.000142585551330799
vmr_msaldodolares2	3.51710322355989e-05	0.00074965810460497	0.000142585551330799
Visa_mpagado_rank_lag1	3.47102048292305e-05	0.000250386242065483	0.000190114068441065
vmr_msaldodolares2_delta1	3.44395864455027e-05	0.000653683182363168	9.50570342205323e-05
mtarjeta_visa_descuentos_rank_tend6	3.37242089627619e-05	0.000775580021628044	0.000142585551330799
minversion1_pesos_rank	3.36482359082087e-05	0.000379031915582878	9.50570342205323e-05
vm_mpagado_rank_lag2	3.35576310529076e-05	0.000209766159264187	0.000142585551330799
mcuenta_debitos_automaticos_rank_delta1	3.34770743735579e-05	0.000319647193845609	9.50570342205323e-05
mttarjeta_master_debitos_automaticos_rank_tend6	3.34286409721853e-05	0.000563786041760795	0.000142585551330799
rf_016_006	3.33837902386475e-05	0.000346801443511897	4.75285171102662e-05
mpayroll_sobre_edad_rank_lag2	3.31034751720949e-05	0.000365252484238524	0.000142585551330799
rf_019_015	3.28622864848428e-05	0.000110488944842336	0.000190114068441065
rf_007_027	3.27448933082742e-05	8.90999353819001e-05	9.50570342205323e-05
ctransferencias_emitidas_delta2	3.24895299543704e-05	2.2072347091837e-05	4.75285171102662e-05
vm_status03	3.21350034227563e-05	4.45461368787887e-05	0.000190114068441065
minversion1_pesos_rank_lag1	3.1623276810887e-05	0.0003672747567688	4.75285171102662e-05
mextraccion_autoservicio_rank_delta1	3.12626066075987e-05	0.0001891995855457	9.50570342205323e-05
vmr_msaldodolares_tend6	3.1089094298148e-05	5.60437251446925e-05	4.75285171102662e-05
Master_msaldodolares_rank_lag1	3.06766312404586e-05	3.36624032374975e-05	9.50570342205323e-05
vm_msaldodolares_rank_lag1	3.06465407614724e-05	0.000724629163106402	0.000142585551330799
mv_status07_rank_lag1	3.02179864848843e-05	0.000369029532932638	0.000142585551330799
Visa_madelantopesos_rank_lag1	3.00345324256711e-05	4.47175987472516e-05	0.000190114068441065
rf_018_026	2.99281870813139e-05	0.000272216455409329	9.50570342205323e-05
Visa_madelantodolares_rank_delta2	2.98877028626672e-05	3.95035992017204e-05	0.000237642585551331
rf_013_022	2.96490162538687e-05	0.00027526842382918	9.50570342205323e-05
Master_madelantodolares_rank_lag1	2.92875809432255e-05	5.78796088487738e-05	0.000190114068441065
cprestamos_hipotecarios_lag2	2.92542461282807e-05	0.000674489776278109	9.50570342205323e-05
cproductos_lag2	2.91056749147368e-05	0.000160877598655058	9.50570342205323e-05
cextraccion_autoservicio_lag2	2.90189580682792e-05	0.000824089067639258	0.000142585551330799
ctarjeta_debito_transacciones_lag1	2.89310596925048e-05	0.000358459001209779	0.000142585551330799
Master_msaldodolares_rank_delta2	2.8852779558503e-05	0.000390526201424505	9.50570342205323e-05
vm_mpagosdolares_rank_lag1	2.87481690270049e-05	0.000412692997850665	9.50570342205323e-05
rf_011_025	2.86580673701764e-05	0.000119003519307293	0.000142585551330799
vmr_msaldodolares_delta2	2.82669558089671e-05	0.000111932896833221	9.50570342205323e-05
mtarjeta_visa_descuentos_rank	2.8234550353782e-05	0.000409231660917434	9.50570342205323e-05
mtarjeta_master_descuentos_rank_lag1	2.80883867716397e-05	0.000226826218885333	9.50570342205323e-05
ctarjeta_debito_delta1	2.75882311801317e-05	0.000722643745631057	9.50570342205323e-05
ctarjeta_master_descuentos_tend6	2.73857135806589e-05	0.000734549513537601	9.50570342205323e-05
vmr_mpagosdolares_lag1	2.73160705610852e-05	0.000205490312407272	4.75285171102662e-05
rf_009_008	2.58387570582173e-05	0.000584313911066755	9.50570342205323e-05
vm_status02_lag1	2.51191065123179e-05	6.60528447404577e-05	0.000190114068441065
rf_006_020	2.47455692126025e-05	0.000392900512382711	9.50570342205323e-05
rf_008_010	2.4742047963936e-05	0.000413974206373178	9.50570342205323e-05
cliente_vip	2.47139586969399e-05	9.30621840294694e-05	4.75285171102662e-05
rf_012_022	2.38041175980212e-05	8.60342288770563e-05	9.50570342205323e-05
cpagomiscuentas_delta1	2.36320323190776e-05	0.000346763663778168	4.75285171102662e-05
Visa_madelantodolares_rank_delta1	2.34605794820852e-05	2.22486965482299e-05	0.000142585551330799
mprestamos_prendarios_rank_tend6	2.32243431101235e-05	0.00110122375747587	0.000142585551330799
rf_001_006	2.31934362826475e-05	0.000364564259019193	9.50570342205323e-05
rf_001_021	2.31474658337989e-05	2.89341242546304e-05	0.000142585551330799
cseguro_vida	2.29761331590224e-05	6.75402566348277e-05	4.75285171102662e-05
mv_status07_rank	2.25419901877852e-05	3.77401046377914e-05	4.75285171102662e-05
ctarjeta_master_delta2	2.24697696689384e-05	0.000259837384055402	9.50570342205323e-05
rf_014_022	2.2406677091417e-05	0.000190440768685976	4.75285171102662e-05
ctransferencias_emitidas_delta1	2.21613759521317e-05	0.000705207738030215	9.50570342205323e-05
ctransferencias_recibidas	2.2086852389953e-05	0.0003672747567688	4.75285171102662e-05
rf_015_020	2.20145925628385e-05	0.00073021673288615	9.50570342205323e-05
ccallcenter_transacciones_lag1	2.18573454530487e-05	0.000681883904234358	9.50570342205323e-05
ccheques_emitidos_rechazados_lag1	2.17336304014759e-05	0.000734549513537601	9.50570342205323e-05
rf_013_020	2.15928085321516e-05	0.0007029668450128	9.50570342205323e-05
rf_012_026	2.15570043156702e-05	0.000232138762771291	9.50570342205323e-05
mtarjeta_visa_descuentos_rank_lag1	2.15159491112567e-05	0.000118969438288754	0.000142585551330799
rf_004_017	2.14847922200237e-05	0.000153356525509601	9.50570342205323e-05
Master_Finiciomora_tend6	2.12630002326046e-05	0.00100032188240669	0.000142585551330799
vm_status06_tend6	2.11028765999333e-05	0.000421834240346429	9.50570342205323e-05
mplazo_fijo_dolares_rank_lag1	2.10730009125533e-05	0.0001133786981817	4.75285171102662e-05
mttarjeta_master_debitos_automaticos_rank	2.08401857637552e-05	0.000658921355654407	9.50570342205323e-05
ccallcenter_transacciones_delta1	2.0533786239605e-05	0.000714583981037532	9.50570342205323e-05
rf_017_014	2.04724449857999e-05	0.000341018634408891	9.50570342205323e-05
rf_004_023	1.97709987743205e-05	0.000123634839113386	9.50570342205323e-05
rf_009_012	1.92554617172433e-05	0.000575141097394903	9.50570342205323e-05
cseguro_vivienda_tend6	1.86529831950354e-05	0.0003672747567688	4.75285171102662e-05
vm_cconsumos	1.84851088142777e-05	0.000119956598953641	4.75285171102662e-05
rf_008_006	1.84152601282315e-05	0.000460818830548773	9.50570342205323e-05
Master_msaldodolares_rank_tend6	1.82975929344301e-05	9.45153828083295e-06	4.75285171102662e-05
cpayroll_trx_delta1	1.82720088675717e-05	0.0003672747567688	4.75285171102662e-05
vm_status05_lag1	1.8015038086289e-05	9.22089696932584e-06	4.75285171102662e-05
Master_status_lag1	1.76948862838824e-05	2.00329019553202e-05	9.50570342205323e-05
ccheques_emitidos_lag2	1.74910195685047e-05	0.000240738143491681	4.75285171102662e-05
rf_003_024	1.74163872066563e-05	0.000146495540928634	4.75285171102662e-05
vmr_mconsumosdolares_delta1	1.73601314599953e-05	2.03136080188669e-05	4.75285171102662e-05
ccheques_depositados_tend6	1.70688164836059e-05	0.000348288327018382	4.75285171102662e-05
mforex_sell_rank_delta1	1.69426994160984e-05	0.000628210791332682	9.50570342205323e-05
ccheques_emitidos_tend6	1.66890691356437e-05	0.000344263464406521	4.75285171102662e-05
vm_Finiciomora_lag2	1.6622907705502e-05	0.000484174896005573	9.50570342205323e-05
rf_015_027	1.65905780591191e-05	0.000113939978211823	4.75285171102662e-05
mcaja_ahorro_adicional_rank_delta1	1.65370177365345e-05	0.00069237544196851	9.50570342205323e-05
vmr_mpagosdolares_delta2	1.52765503986788e-05	0.000362943693377973	4.75285171102662e-05
cinversion1_delta2	1.49385926529009e-05	0.000589912576992074	9.50570342205323e-05
vm_msaldodolares_rank_delta1	1.49151473769698e-05	0.000295941071415445	9.50570342205323e-05
rf_003_026	1.48070692947068e-05	0.000362608299168399	4.75285171102662e-05
rf_011_010	1.46557549256185e-05	7.87562141583873e-05	4.75285171102662e-05
cseguro_accidentes_personales_lag1	1.45620201494953e-05	3.22173944708443e-05	4.75285171102662e-05
Visa_madelantopesos_rank_delta1	1.45067962448636e-05	3.1118611865394e-05	0.000142585551330799
vmr_msaldodolares_lag2	1.41489085053875e-05	0.000355662244138056	4.75285171102662e-05
ccaja_seguridad_delta2	1.39724944034545e-05	0.0003672747567688	4.75285171102662e-05
cpagomiscuentas	1.38356735542436e-05	0.0003672747567688	4.75285171102662e-05
vm_msaldodolares_rank_delta2	1.36327895455604e-05	0.000182008358537031	4.75285171102662e-05
rf_013_018	1.35724527583838e-05	9.94267481931146e-06	4.75285171102662e-05
cprestamos_prendarios_delta2	1.3394741483614e-05	0.0003672747567688	4.75285171102662e-05
rf_009_017	1.32781714116437e-05	3.85373098582642e-05	4.75285171102662e-05
ccajas_depositos	1.32007607975832e-05	0.0003672747567688	4.75285171102662e-05
mcheques_depositados_rank_lag2	1.28601307915295e-05	0.000329533463258269	4.75285171102662e-05
ccheques_emitidos	1.23762993620842e-05	0.0003672747567688	4.75285171102662e-05
rf_003_016	1.21621619578821e-05	6.95851177471589e-05	4.75285171102662e-05
Visa_madelantopesos_rank_delta2	1.21366880945601e-05	1.86357122921983e-05	9.50570342205323e-05
vm_msaldodolares_rank_lag2	1.20163521501497e-05	0.000312405109503074	4.75285171102662e-05
vm_mconsumosdolares_rank	1.20037047149913e-05	0.000191004954849462	4.75285171102662e-05
ccheques_emitidos_delta2	1.1775751858531e-05	0.000121036227498284	4.75285171102662e-05
ccajeros_propios_descuentos	1.13616406613282e-05	0.00012047719311667	4.75285171102662e-05
Visa_delinquency_delta1	1.13204547218277e-05	7.83401086994827e-05	4.75285171102662e-05
mforex_sell_rank_lag2	1.12717215949132e-05	4.05826993584797e-05	4.75285171102662e-05
cliente_edad_delta2	1.12443988391389e-05	0.000283242721682416	4.75285171102662e-05
ccajas_depositos_lag2	1.12015057977232e-05	0.000361733024638018	4.75285171102662e-05
cpayroll_trx_lag2	1.09940781744446e-05	0.000261612767346729	4.75285171102662e-05
ctarjeta_visa_debitos_automaticos_lag1	1.0821112671076e-05	7.1924158814087e-06	4.75285171102662e-05
ctarjeta_debito_transacciones	1.07793742222848e-05	0.000283295428373877	0.000142585551330799
rf_012_017	1.06316966576412e-05	0.000133999299561359	4.75285171102662e-05
vm_mpagosdolares_rank_delta2	1.01124498827922e-05	0.000362462728306268	4.75285171102662e-05
catm_trx_lag1	1.00600940778417e-05	0.000358214886007222	4.75285171102662e-05
minversion1_pesos_rank_delta2	9.99565799988221e-06	0.000357271713633705	4.75285171102662e-05
rf_012_021	9.98601203174217e-06	0.000105790916065847	4.75285171102662e-05
vm_mpagado_rank_delta1	9.83359913695605e-06	0.000317533246017403	4.75285171102662e-05
vm_status05_tend6	9.50875982361659e-06	6.85966361125611e-06	4.75285171102662e-05
mttarjeta_master_debitos_automaticos_rank_lag1	9.40706161360108e-06	0.000266058887199367	4.75285171102662e-05
active_quarter_tend6	9.28259759914037e-06	0.000356940942818119	4.75285171102662e-05
active_quarter_delta2	9.03391735269264e-06	3.13197955523501e-05	4.75285171102662e-05
cseguro_vivienda_delta2	8.87997003159636e-06	0.000361789826335582	4.75285171102662e-05
vm_mconsumosdolares_rank_delta1	8.84757721121167e-06	0.000221865052942451	4.75285171102662e-05
mprestamos_hipotecarios_rank_lag2	8.58675492161982e-06	0.000361733024638018	4.75285171102662e-05
cproductos_delta1	8.50757543550917e-06	0.0003672747567688	4.75285171102662e-05
rf_007_023	8.48227284392541e-06	0.000230039609803846	4.75285171102662e-05
mcheques_depositados_rank_delta1	8.43536684952941e-06	0.0003672747567688	4.75285171102662e-05
ctransferencias_emitidas_lag1	8.40561610628626e-06	0.000315300543012195	4.75285171102662e-05
rf_004_018	8.17384262658434e-06	0.000332253339892823	4.75285171102662e-05
cprestamos_personales	8.13249594434589e-06	0.000361789826335582	4.75285171102662e-05
vm_status03_tend6	8.11654731662723e-06	0.000346129069929095	4.75285171102662e-05
vm_mpagosdolares_rank_delta1	8.05534644949276e-06	0.000308129526840101	4.75285171102662e-05
Master_mpagosdolares_rank_delta1	7.98704903615718e-06	6.86851410831852e-06	4.75285171102662e-05
mcheques_emitidos_rank_lag1	7.73373041411133e-06	0.0003672747567688	4.75285171102662e-05
vm_status05_lag2	7.73124206037414e-06	1.92618519351214e-05	9.50570342205323e-05
mprestamos_hipotecarios_rank_lag1	7.65091631709767e-06	0.0003672747567688	4.75285171102662e-05
ctarjeta_visa_delta1	7.64458417631821e-06	0.000281709207945139	4.75285171102662e-05
cforex_buy_delta2	7.45015144520788e-06	0.000276842095045666	4.75285171102662e-05
mtarjeta_visa_descuentos_rank_lag2	7.29294364368586e-06	8.20059317439466e-05	4.75285171102662e-05
rf_009_024	7.26981774743046e-06	0.000317434437483034	4.75285171102662e-05
vmr_mpagosdolares	7.2468518919796e-06	0.000231810501798155	4.75285171102662e-05
rf_011_015	7.23823425620204e-06	0.000344377199898621	4.75285171102662e-05
rf_003_027	7.2001978916574e-06	0.000273495418283333	4.75285171102662e-05
vm_Finiciomora_delta2	7.16297506786915e-06	0.000357828502366811	4.75285171102662e-05
ccheques_depositados_rechazados_tend6	7.15593116666953e-06	0.0003672747567688	4.75285171102662e-05
ctransferencias_recibidas_lag1	6.99602092173759e-06	0.000353813018639896	4.75285171102662e-05
cextraccion_autoservicio_delta1	6.90792126657413e-06	0.0003672747567688	4.75285171102662e-05
rf_005_006	6.63679389342357e-06	0.000366564999743183	4.75285171102662e-05
vm_Fvencimiento_delta1	6.62749819002679e-06	8.31444755376922e-06	4.75285171102662e-05
mcheques_emitidos_rank	5.6917455723404e-06	0.0003672747567688	4.75285171102662e-05
rf_015_022	2.80729803874364e-06	1.5286261493473e-05	4.75285171102662e-05
rf_015_028	2.64931074023286e-06	3.56829585071497e-05	4.75285171102662e-05
