Feature	Gain	Cover	Frequency
rf_013_016	0.240135115324285	0.00448707269757908	0.00313107832439869
rf_004_022	0.0830890721743177	0.00466856785172965	0.00479149864794345
cdescubierto_preacordado_delta2	0.0313552868138772	0.00227223353621845	0.000474405806727074
mpasivos_margen_rank	0.0236967890239117	0.00397478755465042	0.00289387542103515
ctrx_quarter_normalizado_lag1	0.0235284668874136	0.000959802215375126	0.000711608710090612
mcaja_ahorro_rank	0.0155434142755188	0.00201178686070297	0.00113857393614498
Master_status	0.0121962764488595	0.00148884373840143	0.000474405806727074
Master_Fvencimiento	0.0120302425622126	0.00318108772684804	0.00436453342188908
mv_status07_rank_delta1	0.0104181382653862	0.0016346664823322	0.000426965226054367
rf_004_021	0.0103268527113913	0.00249650594394289	0.00123345509749039
rf_017_021	0.00994091780861802	0.00104110145347346	0.000332084064708952
foto_mes	0.00816069080582978	0.00480396938811788	0.00308363774372598
rf_018_027	0.00796881163948674	0.00143214136590893	0.00327340006641681
vm_status05_delta1	0.00707821551878644	0.000729586224271924	0.000142321742018122
mprestamos_personales_rank_tend6	0.00630469719475718	0.0025475868362597	0.000711608710090612
mprestamos_personales_rank	0.00593858686598595	0.00407654580111792	0.00118601451681769
rf_009_026	0.00565752677206013	0.00128529256741996	0.000711608710090612
mcomisiones_mantenimiento_rank_tend6	0.00543932077641513	0.00332633289297877	0.00203994496892642
rf_013_026	0.00537882633283917	0.000941950944147662	0.000711608710090612
mcuentas_saldo_rank_tend6	0.0051275709924004	0.00411371365338622	0.00289387542103515
cdescubierto_preacordado	0.00449880548028626	0.00274015558681938	0.00208738554959913
vm_status06_delta2	0.00440658090183618	0.000939209949793711	0.00018976232269083
vm_status02_tend6	0.00396241537903466	0.000337325826433488	0.000474405806727074
rf_004_020	0.00388212813965889	0.000655103365328447	0.000379524645381659
mcuentas_saldo_rank	0.00378511188854369	0.00649714773561407	0.00199250438825371
rf_010_015	0.00374620127834005	0.000852329884061051	0.00123345509749039
mcomisiones_otras_rank_delta2	0.00370604385581676	0.00267112315566511	0.00460173632525262
rf_012_028	0.00355573888109824	0.000659912703839272	0.00018976232269083
mcuentas_saldo_rank_delta2	0.00338696835858692	0.00203089784119118	0.00346316238910764
Master_Fvencimiento_lag1	0.00336183915778281	0.00203396821204635	0.0038426870344893
mrentabilidad_annual_rank_lag2	0.00331152196760766	0.00239222100565574	0.00436453342188908
mpayroll_sobre_edad_rank	0.00330454796166505	0.00080785587393677	0.000284643484036245
rf_012_016	0.00323907936584691	0.000847836284617439	0.000996252194126856
mactivos_margen_rank	0.00321017454390857	0.00349835093966066	0.00284643484036245
mrentabilidad_annual_rank_delta1	0.0031487083449738	0.00291673762808039	0.00460173632525262
mprestamos_personales_rank_delta2	0.00312322351034119	0.00300303232319358	0.000948811613454149
mtarjeta_visa_consumo_rank	0.00299015909397907	0.00134096615786746	0.000759049290763319
mcomisiones_rank_delta2	0.00276546400946255	0.00252190027473699	0.00564542910005219
mactivos_margen_rank_delta2	0.00263543230721424	0.00307410179734668	0.0050761421319797
mcomisiones_otras_rank_tend6	0.00260693222169955	0.00172795133647352	0.00265667251767162
vm_fechaalta_tend6	0.00252198158681006	0.00129796654917921	0.000948811613454149
Master_Fvencimiento_lag2	0.00251362195823117	0.00288272210115159	0.00469661748659804
mcuenta_corriente_rank	0.00250556182220725	0.00287071752258133	0.00222970729161725
mprestamos_personales_rank_lag2	0.0024095494470097	0.00215129391412722	0.00109113335547227
tcallcenter	0.00239902968942224	0.00205831973372048	0.00113857393614498
mrentabilidad_annual_rank_delta2	0.00235315702983178	0.002466451896771	0.00431709284121638
cproductos_delta2	0.00229471086861047	0.0025675624300636	0.000474405806727074
rf_014_015	0.00229428506418646	0.000867727196450212	0.000996252194126856
vmr_Master_mlimitecompra	0.00221319805491449	0.00126001149226823	0.00213482613027183
mprestamos_personales_rank_delta1	0.00214087270204961	0.00549075770784445	0.00113857393614498
ctrx_quarter_delta2	0.00210020548460751	0.00169971275646803	0.00246691019498079
mrentabilidad_rank_delta1	0.002048635364398	0.00215272805266287	0.00426965226054367
Visa_status_tend6	0.00201601278544399	0.000599987480991443	0.000379524645381659
rf_016_022	0.00201398000964077	0.000924378396095122	0.000379524645381659
rf_014_025	0.00200222747944624	0.00119101594712593	0.00284643484036245
Master_delinquency	0.00197357911244141	0.000748870205351473	0.000379524645381659
rf_003_018	0.0018866971079073	0.00173523554455478	0.0025617913563262
ctarjeta_visa_transacciones_tend6	0.00187195085127827	0.00216159524213088	0.000948811613454149
mrentabilidad_rank_delta2	0.00183508481021918	0.00260891476660481	0.0064044783908155
mrentabilidad_annual_rank_lag1	0.00183104265765605	0.00268861128150717	0.00346316238910764
rf_006_019	0.00179073717387894	0.00157603006193766	0.00389012761516201
mcomisiones_otras_rank_lag2	0.00176524355769783	0.00177650371864615	0.00370036529247118
Master_fechaalta	0.00176464151611537	0.00244224895818732	0.0051235827126524
ccaja_seguridad	0.00175226122324145	0.00288889375437899	0.000379524645381659
thomebanking_lag2	0.00172230320128955	0.00214236827851349	0.00630959722947009
Visa_mpagominimo_rank_lag1	0.00168949360381457	0.00113686806084238	0.00265667251767162
vm_mconsumospesos_rank_tend6	0.00168755372428475	0.000611547738973915	0.000853930452108734
rf_004_025	0.00166962001846449	0.000145956001143013	0.00018976232269083
Visa_Finiciomora	0.00164550270448055	0.00149104715809508	0.000332084064708952
thomebanking_lag1	0.00162073629879112	0.00110424718883079	0.00341572180843494
Master_fechaalta_lag2	0.00162025844168467	0.00304315261498301	0.00531334503534323
Visa_mpagominimo_rank	0.00161022349644668	0.00152371154001515	0.0025617913563262
mcomisiones_rank_lag2	0.00160096929736358	0.0019734556703742	0.00436453342188908
rf_003_019	0.00156827414575529	0.00101454820054988	0.000332084064708952
ctrx_quarter_normalizado_delta2	0.00154444070327687	0.0010246279527211	0.000996252194126856
cdescubierto_preacordado_lag2	0.00153168916515948	0.00256625024915202	0.00185018264623559
rf_009_015	0.0015239274689536	0.00136304165674693	0.00199250438825371
rf_009_016	0.00150290526856881	0.000956609107613949	0.00018976232269083
rf_003_021	0.00148706945271466	0.000538836837288349	0.000711608710090612
rf_017_022	0.00144207867930793	0.000302565176086922	0.00018976232269083
mcomisiones_rank_delta1	0.00144202252035777	0.00269198440339716	0.00403244935718013
thomebanking	0.00141331861587417	0.00176675723938586	0.00374780587314389
mcuentas_saldo_rank_lag2	0.00138802027621353	0.00219538763466335	0.00218226671094454
rf_010_019	0.00137619892168899	0.00127829890162309	0.00332084064708952
mtarjeta_visa_consumo_rank_delta2	0.00137472963780377	0.00184103826430612	0.0018976232269083
mcuentas_saldo_rank_delta1	0.00135730136131939	0.00186688665671231	0.00232458845296266
vm_Finiciomora_delta1	0.00135688071559502	0.00183321570228261	0.000332084064708952
Visa_fechaalta_lag1	0.00135633589156452	0.00201738496242037	0.00370036529247118
Master_fechaalta_lag1	0.00133865332046075	0.00278718914848523	0.00422221167987096
Visa_msaldopesos_rank_lag1	0.00132812588194849	0.000827116996079327	0.00185018264623559
mcomisiones_rank_lag1	0.00132727874756289	0.00137969724971328	0.00308363774372598
chomebanking_transacciones	0.00131683363114412	0.00282308053693099	0.00251435077565349
mrentabilidad_annual_rank	0.00131467940510801	0.00225256913567043	0.00265667251767162
mprestamos_personales_rank_lag1	0.00130069957150045	0.00212367655171057	0.000853930452108734
mactivos_margen_rank_lag2	0.00129094249034462	0.00218798328728255	0.00294131600170786
Master_mlimitecompra_rank_tend6	0.00128709741657803	0.00246438472153704	0.00455429574457991
mcomisiones_otras_rank_lag1	0.00128020840121813	0.00152599821299637	0.00336828122776223
chomebanking_transacciones_delta1	0.0012751234305029	0.00306148548245121	0.00284643484036245
rf_016_020	0.00127488054233138	0.00126347371206037	0.00294131600170786
chomebanking_transacciones_delta2	0.00126966869295304	0.00261410140745634	0.00346316238910764
vm_Finiciomora	0.00126963307695608	0.0020227717488509	0.000474405806727074
Visa_mfinanciacion_limite_rank_delta1	0.00126884725617044	0.00315637124146396	0.0051235827126524
Visa_msaldototal_rank	0.00126769624272028	0.000985156543029493	0.00180274206556288
Visa_cconsumos_tend6	0.00126210440505079	0.00182721107515165	0.00374780587314389
mactivos_margen_rank_lag1	0.0012541769770635	0.0024745066848135	0.0031785189050714
mrentabilidad_rank_tend6	0.00124070484359029	0.00249560743186268	0.00260923193699891
mcuenta_corriente_rank_lag1	0.00123842586468348	0.0019268896778741	0.00161297974287205
mrentabilidad_rank_lag2	0.00122768499492568	0.00237026694487905	0.00365292471179847
Visa_mpagospesos_rank_tend6	0.00121608507642056	0.00228573914169114	0.00365292471179847
Master_mlimitecompra_rank_delta2	0.00121550451535686	0.0023308825550044	0.00531334503534323
thomebanking_delta2	0.00121447569515655	0.000541925001747877	0.000474405806727074
Master_fultimo_cierre_tend6	0.00121397717598415	0.00271500724935859	0.00355804355045306
cproductos_tend6	0.00120536263699889	0.00147209593040516	0.000237202903363537
ccajas_consultas_tend6	0.00120073172707488	0.00343844117257137	0.000759049290763319
Master_mlimitecompra_rank	0.00119321369823358	0.00194361891298406	0.00441197400256179
mcuenta_debitos_automaticos_rank	0.00119016450100716	0.00308941923333669	0.000806489871436027
rf_017_016	0.0011850327690722	0.00102456340220016	0.00185018264623559
mcaja_ahorro_rank_delta2	0.00115628778574914	0.00179716767816632	0.00199250438825371
Visa_mconsumototal_rank_tend6	0.00114875946197475	0.00161883861666957	0.00450685516390721
mrentabilidad_rank	0.00114056236766193	0.00272645490110031	0.00327340006641681
Visa_mconsumospesos_rank_tend6	0.0011386120008871	0.00199633525833845	0.00436453342188908
mpasivos_margen_rank_delta1	0.00113165639413994	0.00320359364912065	0.00398500877650742
mcuenta_corriente_rank_lag2	0.00112968457879819	0.00244204270823309	0.00199250438825371
rf_009_021	0.00112920624174106	0.000924143702349974	0.000948811613454149
Master_mfinanciacion_limite_rank_tend6	0.00112658081685546	0.00256635116616363	0.00398500877650742
rf_007_020	0.00112460669917452	0.00161628568902451	0.000806489871436027
Master_fechaalta_tend6	0.00110592848369116	0.000934543999160387	0.000948811613454149
cliente_vip_delta1	0.00109788384977179	0.00208765814030811	0.000853930452108734
Visa_mpagominimo_rank_lag2	0.00109491987348734	0.00170315380576738	0.00308363774372598
Visa_mconsumototal_rank	0.00109347992674552	0.00101322160292236	0.00327340006641681
chomebanking_transacciones_lag2	0.00108422866997556	0.00163085397530671	0.00360548413112577
mactivos_margen_rank_delta1	0.00108367864207132	0.0025042227833828	0.0037952464538166
Visa_mfinanciacion_limite_rank_tend6	0.00107181313638341	0.00309864826938687	0.00360548413112577
cliente_vip_lag1	0.00106885799935155	0.00137722069169863	0.000332084064708952
Visa_mlimitecompra_rank_tend6	0.00106719030105922	0.00300433645152508	0.00308363774372598
mpasivos_margen_rank_delta2	0.00106417169107579	0.00195532905286023	0.00403244935718013
vmr_msaldopesos2	0.00105537613130063	0.00092061939976305	0.00123345509749039
Visa_msaldototal_rank_tend6	0.00105432065258656	0.000913046857362901	0.00175530148489018
mcomisiones_otras_rank	0.00104319689542886	0.00253147505220919	0.00370036529247118
Visa_mpagospesos_rank_lag2	0.00103490068285417	0.00192105194695925	0.00351060296978035
mcomisiones_rank_tend6	0.00103416356518246	0.00218603170553679	0.00327340006641681
Master_mfinanciacion_limite_rank_delta2	0.00102805566684876	0.00280401358587255	0.00422221167987096
mttarjeta_visa_debitos_automaticos_rank_tend6	0.00102647388594128	0.00232877615591265	0.00118601451681769
Visa_fechaalta_lag2	0.00102381947898523	0.00199656709471647	0.00327340006641681
vm_fechaalta_lag2	0.00102081232900487	0.00232275737182639	0.0031785189050714
Visa_mfinanciacion_limite_rank_delta2	0.00101432597545467	0.00244905572619821	0.00407988993785284
Visa_mpagominimo_rank_delta2	0.000995295501589031	0.00173383127849361	0.00327340006641681
numero_de_cliente	0.000989873390793324	0.00279920164975525	0.00246691019498079
mactivos_margen_rank_tend6	0.000981355186834818	0.0016452449749469	0.00284643484036245
mcuenta_corriente_rank_tend6	0.000968363896240996	0.0037451690130368	0.00222970729161725
Master_mfinanciacion_limite_rank	0.000964459443767531	0.00272636073786554	0.00360548413112577
rf_013_024	0.000962579228155353	0.00153096561586128	0.00284643484036245
Master_mlimitecompra_rank_delta1	0.000960626309458789	0.00245878012580345	0.00479149864794345
Master_mfinanciacion_limite_rank_lag1	0.000954392117150135	0.00101595298613235	0.00308363774372598
mcomisiones_otras_rank_delta1	0.000946775488951222	0.00174719596381495	0.00365292471179847
mrentabilidad_annual_rank_tend6	0.000944735979973657	0.0023256600671835	0.0025617913563262
cliente_edad_lag2	0.000934385914148648	0.00206563329475493	0.00218226671094454
vm_fechaalta_lag1	0.000933347571093496	0.0014906645306611	0.00265667251767162
cliente_edad_lag1	0.000924613232481385	0.00267074533380311	0.0018976232269083
mpayroll_rank_tend6	0.000919477691179225	0.00106391246462673	0.000664168129417904
ccomisiones_otras	0.000916846793285503	0.00075252438826222	0.000569286968072489
vm_mpagominimo_rank_lag1	0.00091528709617438	0.00141882330762385	0.0012808956781631
vm_fechaalta	0.000907013882582774	0.00183661531975867	0.00289387542103515
mcaja_ahorro_rank_lag2	0.000906742962587303	0.00162388394772878	0.00151809858152664
Master_mfinanciacion_limite_rank_lag2	0.000903852780485307	0.00160613281423098	0.0031785189050714
rf_001_019	0.000898307199003567	0.000541623289755638	0.000569286968072489
cliente_antiguedad_lag2	0.000898260095596483	0.00185781321729006	0.00213482613027183
rf_019_021	0.000896600328037692	0.000432704741035799	0.000521846387399782
Master_mlimitecompra_rank_lag1	0.000895163476797261	0.00159170427917721	0.00322595948574411
Visa_mconsumototal_rank_lag1	0.000894006789354738	0.00101653082369303	0.00294131600170786
Visa_mconsumosdolares_rank_lag2	0.000893704077154762	0.00127414390018368	0.00260923193699891
vm_cconsumos_tend6	0.000892472224464395	0.000604008575816989	0.000616727548745197
Master_mfinanciacion_limite_rank_delta1	0.000882768256473567	0.00201947577587326	0.00483893922861616
tcallcenter_delta1	0.000879248455614538	0.000477066144919327	0.000284643484036245
Visa_msaldototal_rank_delta2	0.000871581184186164	0.00115900551263631	0.00222970729161725
Visa_mlimitecompra_rank_delta2	0.000864391136065192	0.0012585752756474	0.00370036529247118
Visa_mconsumospesos_rank_delta2	0.00086218142588461	0.00154091704627256	0.00365292471179847
vm_fultimo_cierre_tend6	0.000861943840157635	0.00196070168233547	0.00222970729161725
vm_Fvencimiento	0.000851430938965803	0.00209373913706948	0.00270411309834432
ctrx_quarter_delta1	0.000850608978670182	0.00199724857677557	0.000901371032781441
Visa_mfinanciacion_limite_rank	0.000848955168318688	0.00112695169811853	0.00246691019498079
Visa_mpagospesos_rank_delta2	0.000843673389237157	0.00157185090275802	0.00332084064708952
rf_015_025	0.000843334463334367	0.00113045742781915	0.00303619716305328
Visa_Fvencimiento_lag2	0.00084188516279513	0.00131532661302198	0.00275155367901703
Visa_mfinanciacion_limite_rank_lag2	0.000839829365778652	0.0018317245462848	0.00284643484036245
ctrx_quarter	0.000834393635286989	0.00124840863353955	0.000711608710090612
Visa_mlimitecompra_rank_delta1	0.000832182199189155	0.00134715144852886	0.00355804355045306
ccallcenter_transacciones_tend6	0.000831172423892133	0.00202298540198359	0.000664168129417904
mcomisiones_rank	0.000830519613037058	0.00128748780465321	0.00289387542103515
ccaja_seguridad_lag2	0.000829233701428518	0.000581880865047345	9.48811613454149e-05
ccomisiones_mantenimiento_tend6	0.00082754144320368	0.00420540279786905	0.000759049290763319
vm_Fvencimiento_lag2	0.000822715672366089	0.00113230120889613	0.00222970729161725
Visa_msaldototal_rank_delta1	0.000820398815996901	0.00150425884439495	0.00208738554959913
vm_Fvencimiento_lag1	0.000815265667764174	0.0019565812290622	0.00246691019498079
ccomisiones_otras_tend6	0.000812046823126409	0.00141540680570569	0.00185018264623559
Visa_mconsumospesos_rank	0.000807172804590976	0.00121153366140147	0.00275155367901703
vmr_msaldopesos_delta2	0.00080543228225481	0.000642237939971883	0.000853930452108734
cmobile_app_trx_lag2	0.000801710829243434	0.00241877114145154	0.00137577683950852
Visa_mconsumosdolares_rank	0.000800376200566327	0.00149898804109359	0.00218226671094454
Visa_fultimo_cierre_tend6	0.000798129903259256	0.000981554182367951	0.00232458845296266
Master_msaldopesos_rank	0.000795978526298223	0.000938584186393534	0.00161297974287205
Visa_mconsumospesos_rank_lag1	0.000775894789274859	0.00109665490462142	0.00275155367901703
rf_002_015	0.000768270198389206	0.00103725270983762	0.00308363774372598
Visa_Finiciomora_lag1	0.00076611086335397	0.00132201947598888	0.000237202903363537
Visa_mconsumototal_rank_lag2	0.000765992723032334	0.000996408854764181	0.00284643484036245
chomebanking_transacciones_lag1	0.000765298040717108	0.00117578449191029	0.00279899425968974
Visa_cconsumos_lag1	0.000764902279361408	0.000896524391728466	0.00246691019498079
rf_001_022	0.000762725465377383	0.00103874269691251	0.0031785189050714
Visa_msaldopesos_rank_lag2	0.000761289483716298	0.00104204906031607	0.00203994496892642
Visa_mfinanciacion_limite_rank_lag1	0.000759631663143906	0.00124548840433872	0.00265667251767162
Visa_mlimitecompra_rank_lag1	0.000756550752413962	0.00104963069433888	0.00289387542103515
rf_007_026	0.000752869817194268	0.00091686624804555	0.001945063807581
Visa_Fvencimiento	0.000752221505622769	0.00162535951808772	0.00289387542103515
ctrx_quarter_tend6	0.000746033310735627	0.00246797773081527	0.00142321742018122
rf_020_025	0.000743264514510739	0.000769248038518257	0.00251435077565349
mrentabilidad_rank_lag1	0.000734101466795122	0.00138260864705209	0.00246691019498079
Master_mlimitecompra_rank_lag2	0.000731246293562934	0.0011654900475638	0.00294131600170786
Visa_cconsumos_lag2	0.000729384564287863	0.00184579500128579	0.0025617913563262
ccaja_ahorro_tend6	0.000724517599786743	0.00142611102247385	0.00018976232269083
rf_004_019	0.00072081861147143	0.00090244680461445	0.00308363774372598
mpasivos_margen_rank_lag2	0.000717806139222372	0.00190624507052219	0.00265667251767162
Master_mpagominimo_rank	0.000717802974211432	0.000808885565144035	0.00166042032354476
Visa_msaldopesos_rank_tend6	0.000717033852863516	0.00115970686638495	0.00246691019498079
mcaja_ahorro_adicional_rank_tend6	0.000713826161866779	0.000364112084657998	9.48811613454149e-05
vm_mpagospesos_rank_lag1	0.000713003186684667	0.00044288683890219	0.000379524645381659
vmr_msaldopesos_lag2	0.000707744300653063	0.000670712252765115	0.000806489871436027
Visa_fechaalta	0.000699158844020002	0.00207528885778854	0.00275155367901703
rf_009_025	0.000698021727076209	0.00115608333523063	0.00222970729161725
mcomisiones_mantenimiento_rank_lag2	0.000694784546712526	0.0024861172064813	0.00137577683950852
Master_msaldopesos_rank_lag1	0.000691341952070981	0.000683666126622202	0.00118601451681769
mautoservicio_rank_delta2	0.000691158430930755	0.00248939798346105	0.00118601451681769
rf_008_013	0.000687736342064196	0.000598913500593755	0.000996252194126856
internet_tend6	0.000685995326646586	0.00266829644029744	0.000521846387399782
ctrx_quarter_normalizado_tend6	0.000683055914533415	0.000687856325629365	0.000616727548745197
mcuenta_corriente_rank_delta2	0.000680196774818782	0.00217729244818775	0.00132833625883581
mttarjeta_visa_debitos_automaticos_rank_delta2	0.000679592114153593	0.000798399807080547	0.000853930452108734
Visa_Fvencimiento_lag1	0.000675877673698633	0.00134884417878924	0.00232458845296266
Visa_mconsumospesos_rank_lag2	0.00067068472434442	0.000923740943465801	0.00322595948574411
mpasivos_margen_rank_tend6	0.000670537594442278	0.0019782507220494	0.00213482613027183
rf_017_018	0.000669587211711581	0.000845123604174082	0.00170786090421747
rf_012_027	0.000668732188596603	0.000968350548648153	0.00279899425968974
vmr_Master_mlimitecompra_lag2	0.000667404139868966	0.00119472130288427	0.00218226671094454
Visa_msaldopesos_rank_delta2	0.000665266749662744	0.00100228152348614	0.00227714787228996
rf_011_021	0.000653146746756766	0.00100525344505585	0.00232458845296266
vmr_mpagospesos_tend6	0.000652503474432365	0.000790921038274198	0.00123345509749039
vm_mlimitecompra_rank	0.000648529391202662	0.000979013203712687	0.00180274206556288
Visa_mconsumototal_rank_delta2	0.000647421002503909	0.000908399089974912	0.00308363774372598
rf_004_023	0.000644939700577889	0.000741070112623988	0.000284643484036245
cliente_antiguedad	0.000643403553864209	0.00195647070090663	0.00180274206556288
rf_003_028	0.000642397711712381	0.000374823055202995	0.000426965226054367
vm_mpagospesos_rank_delta2	0.000638269946223067	0.000310428520532109	0.000901371032781441
rf_007_021	0.000633192198584139	0.000347837041040445	0.000379524645381659
Visa_mpagospesos_rank_delta1	0.000628376468443192	0.00133366493546378	0.00260923193699891
mcomisiones_mantenimiento_rank	0.000623344036220023	0.0029730775045891	0.001945063807581
mpasivos_margen_rank_lag1	0.00062047015744819	0.0014314417006045	0.00166042032354476
Visa_mpagominimo_rank_delta1	0.000620050896040668	0.0018149007582991	0.00208738554959913
Visa_mconsumosdolares_rank_tend6	0.000619697476827232	0.00110222599123146	0.00251435077565349
rf_008_022	0.000618888705040463	0.000850473764353303	0.00289387542103515
rf_011_022	0.000615103351811163	0.000250134827205596	4.74405806727074e-05
vm_status04	0.000612584892138819	0.000640465463192677	0.000426965226054367
tcallcenter_delta2	0.000609462732920916	0.00104769560739425	0.000853930452108734
Visa_mconsumototal_rank_delta1	0.000606122911331767	0.000894148361084457	0.00237202903363537
mtransferencias_recibidas_rank	0.000603824374523126	0.00376615182875195	0.00118601451681769
Visa_mconsumospesos_rank_delta1	0.000602891244550786	0.00109654255814131	0.00232458845296266
Visa_mlimitecompra_rank	0.000602653603311961	0.000639033792383181	0.0018976232269083
mcaja_ahorro_rank_tend6	0.000602135254320041	0.0025768171824179	0.0018976232269083
ctrx_quarter_normalizado_lag2	0.000601636828678147	0.00136975802805244	0.00137577683950852
vm_mlimitecompra_rank_delta2	0.000599905947319463	0.00130731676357152	0.001945063807581
vmr_mpagominimo_lag1	0.000592988602746931	0.000680624589198926	0.00113857393614498
Visa_msaldototal_rank_lag2	0.000591376196726913	0.000774370128848846	0.001945063807581
mtarjeta_visa_consumo_rank_delta1	0.000587248704936719	0.00129065935228063	0.00109113335547227
vm_mpagominimo_rank	0.000586291778443954	0.00115361924572706	0.00113857393614498
Visa_msaldopesos_rank_delta1	0.000580384703688184	0.000594543157577451	0.00147065800085393
vm_mpagospesos_rank_tend6	0.00057592395542613	0.000953373658867206	0.00142321742018122
vm_Finiciomora_tend6	0.000573828065198016	0.000881585297121752	0.000379524645381659
Visa_mpagospesos_rank	0.000572868009857918	0.000723149355423279	0.00232458845296266
vm_mlimitecompra_rank_tend6	0.000572730629952862	0.00196767911309186	0.00199250438825371
internet_lag1	0.000568720271064258	0.00252778203508162	0.000332084064708952
cliente_edad	0.000568550134276344	0.00166017380900803	0.00137577683950852
vmr_mpagominimo_lag2	0.000567999500040778	0.000509946517817914	0.00156553916219935
ctrx_quarter_normalizado	0.000566222596957623	0.00107688997670275	0.000711608710090612
mcaja_ahorro_dolares_rank	0.000561483274769768	0.00159955775271779	0.000569286968072489
mtransferencias_recibidas_rank_lag2	0.000561223275242287	0.00135433707744434	0.00161297974287205
vm_Fvencimiento_tend6	0.000559997176705774	0.00130550467329355	0.00132833625883581
Visa_cconsumos_delta1	0.000559788910711514	0.000676465041948186	0.00113857393614498
mtransferencias_emitidas_rank	0.000559178270630058	0.00313454199567846	0.00123345509749039
vm_mfinanciacion_limite_rank_tend6	0.000558213451026929	0.00168259803655696	0.00185018264623559
Master_mconsumospesos_rank_tend6	0.000556341356658831	0.00215566451690417	0.00213482613027183
internet	0.00055519988749781	0.00108825658312241	0.00018976232269083
Master_mpagominimo_rank_lag2	0.000555043861401295	0.00140627829702615	0.00161297974287205
vmr_msaldopesos	0.000553557434771448	0.000953848631211425	0.00151809858152664
internet_lag2	0.000552705359027432	0.000745840357157341	0.000237202903363537
vm_cconsumos_delta2	0.000550675837155638	0.000582529617264838	0.000284643484036245
rf_013_015	0.000544331657036487	0.000911811305842378	0.000426965226054367
ctrx_quarter_normalizado_delta1	0.000537977479242638	0.00121173627470664	0.000853930452108734
rf_016_015	0.000537246494292544	0.00103370347022852	0.000806489871436027
Visa_mpagospesos_rank_lag1	0.000536891830461971	0.000682125875861991	0.00251435077565349
ctrx_quarter_lag2	0.000536872362316519	0.00141340677859915	0.00161297974287205
Visa_mlimitecompra_rank_lag2	0.000535998514590088	0.000800441525771037	0.00241946961430808
rf_011_016	0.000535929502520241	0.000470686813054136	0.000759049290763319
vm_msaldopesos_rank_delta1	0.00053525596384278	0.000917236796609416	0.00104369277479956
vmr_mpagominimo	0.0005349043081908	0.000920600177475124	0.00147065800085393
mcaja_ahorro_rank_delta1	0.000529330122803187	0.00218896479288968	0.00151809858152664
Master_msaldototal_rank	0.000528286658740198	0.00188937816226898	0.00156553916219935
Visa_msaldopesos_rank	0.000524194511955222	0.000950179641943762	0.00137577683950852
Master_fultimo_cierre	0.000520809812529079	0.000830474532330463	0.00175530148489018
ccajas_consultas_delta2	0.000519800197957252	0.000641491387870551	0.000142321742018122
vm_mfinanciacion_limite_rank_lag1	0.000514454226703366	0.000533933984944373	0.00151809858152664
Visa_status	0.000513694403257218	0.00176209466564096	0.000474405806727074
Visa_delinquency_lag1	0.000512857619341098	0.000805050718702851	0.000474405806727074
vmr_msaldopesos2_tend6	0.000512683827252785	0.00114498713964517	0.0012808956781631
mpayroll_rank_delta2	0.000509735854723721	0.00143480144482114	0.000426965226054367
rf_005_019	0.000504816074800541	0.00072852769963277	0.00199250438825371
vm_mfinanciacion_limite_rank_delta2	0.000501251608266075	0.0017306641467972	0.0018976232269083
mcomisiones_mantenimiento_rank_delta2	0.000493242156204813	0.00128054803919072	0.000996252194126856
mpagomiscuentas_rank_tend6	0.000493112969204781	0.00239883542090705	0.000901371032781441
mautoservicio_rank_lag2	0.000491595479173655	0.00123725126432157	0.00166042032354476
rf_006_018	0.000491066181698715	0.00116349638459312	0.00118601451681769
rf_017_020	0.000490278727977378	0.000662049624807124	0.00170786090421747
vmr_Master_mlimitecompra_lag1	0.000489521673408169	0.000691759099479908	0.00137577683950852
rf_007_015	0.000488251844562989	0.00133267251990945	0.00137577683950852
mttarjeta_visa_debitos_automaticos_rank_lag1	0.000487409216937986	0.000668797427150999	0.00109113335547227
vm_status01	0.000482814642073935	0.00128944094496285	0.000521846387399782
Master_mpagospesos_rank_tend6	0.000481151799524564	0.00161148777998218	0.00170786090421747
Master_fechaalta_delta2	0.000479613156022915	0.000380250624055214	0.000901371032781441
mplazo_fijo_dolares_rank_delta2	0.000479259830793082	0.00151671462721018	0.000379524645381659
mcaja_ahorro_dolares_rank_lag1	0.000478297740820469	0.00106554376149394	0.00118601451681769
Master_msaldototal_rank_delta1	0.000477693608009627	0.000987766877777678	0.000806489871436027
vm_mpagominimo_rank_tend6	0.000473466460700107	0.000728196245046375	0.00132833625883581
vmr_mpagominimo_tend6	0.000472731591526686	0.00114805088660382	0.00151809858152664
Visa_mconsumosdolares_rank_lag1	0.000472354163739461	0.000650592751562415	0.00156553916219935
vm_msaldototal_rank_delta2	0.000471227907003979	0.000644476427352964	0.000996252194126856
vmr_msaldopesos_tend6	0.000469561276154203	0.000904138365951914	0.000901371032781441
ctarjeta_visa_transacciones_delta2	0.000466850889690536	0.00101418544480545	0.000569286968072489
Master_mconsumospesos_rank	0.000465575600230636	0.00127350982444278	0.00132833625883581
rf_010_017	0.000464699297841894	0.000781406265511607	0.00123345509749039
Visa_mpagominimo_rank_tend6	0.000462649953977584	0.00133685414681524	0.00161297974287205
vm_mlimitecompra_rank_delta1	0.000461196168376444	0.00148495603066845	0.00199250438825371
mtransferencias_emitidas_rank_lag1	0.000459805006789118	0.00109203584078499	0.000996252194126856
Master_msaldototal_rank_lag1	0.000459412980112379	0.000619610709476817	0.00166042032354476
Visa_mpagado_rank_tend6	0.000457169256848766	0.00111871351905879	0.00113857393614498
vmr_msaldopesos2_lag2	0.000455044235558428	0.00100642418629478	0.00137577683950852
rf_005_015	0.000454570333188499	0.000933641071149173	0.000569286968072489
Master_mpagospesos_rank_lag2	0.000451636480826662	0.00163463245368736	0.00147065800085393
mtransferencias_emitidas_rank_lag2	0.000447174024570523	0.00159520559294682	0.00132833625883581
vm_mconsumototal_rank_tend6	0.000445877089378272	0.000941073992201212	0.0012808956781631
mtarjeta_visa_consumo_rank_tend6	0.000445797209845844	0.000478615097661234	0.000759049290763319
Visa_msaldototal_rank_lag1	0.000445618172675579	0.00119331859538698	0.00170786090421747
mtransferencias_recibidas_rank_delta2	0.000445470951695507	0.000857051683233619	0.00109113335547227
Visa_delinquency	0.000444567454909059	0.000858813509826272	0.000569286968072489
ctarjeta_visa_debitos_automaticos_tend6	0.000443572906589739	0.00157549404584125	0.000616727548745197
mpayroll_sobre_edad_rank_delta2	0.000438438694018547	0.00201514608539831	0.000806489871436027
Visa_cconsumos	0.000437594683916868	0.000778295112234762	0.00180274206556288
Master_cconsumos_tend6	0.000435625276968735	0.00147427441307664	0.00151809858152664
vm_fultimo_cierre_lag1	0.000433781545867029	0.000711888991108514	0.00109113335547227
ccaja_ahorro_lag1	0.000433275025499623	0.000361111719297374	4.74405806727074e-05
rf_011_019	0.000433073356880943	0.000644359145420552	0.000426965226054367
rf_016_019	0.000432854652816655	0.000926764557404389	0.00142321742018122
vmr_mpagospesos	0.000430145941144042	0.00143356173713025	0.00123345509749039
rf_019_016	0.000427099626786653	0.000635816526881773	0.00147065800085393
Master_madelantodolares_rank_tend6	0.000426465656145643	0.000618870911152324	0.0018976232269083
mpagomiscuentas_rank	0.000426402784765393	0.00139130920006463	0.000616727548745197
mcuenta_debitos_automaticos_rank_lag2	0.000423487891165121	0.000828254487955364	0.000616727548745197
Master_mconsumosdolares_rank_tend6	0.000422024887384485	0.00078608065836598	0.00147065800085393
mtransferencias_emitidas_rank_tend6	0.00042105349900247	0.000869420186471238	0.00118601451681769
ccomisiones_mantenimiento_delta1	0.000419671944695801	0.00107321137629113	0.000142321742018122
rf_002_021	0.000419595118748735	0.000881663225316045	0.000474405806727074
mtransferencias_recibidas_rank_tend6	0.000418633455949803	0.00114439449572757	0.00123345509749039
Master_mpagospesos_rank	0.000416329472650702	0.000830590905100608	0.00109113335547227
rf_008_019	0.000415469492258234	0.000472663331822067	0.00151809858152664
mcaja_ahorro_dolares_rank_tend6	0.000414813168197868	0.00135279877488899	0.000759049290763319
rf_018_019	0.000414700120223921	0.000667171845018036	0.000853930452108734
rf_020_016	0.00040932827065476	0.00127791744311202	0.00123345509749039
Master_mpagominimo_rank_lag1	0.000408857064099545	0.000815819356111624	0.0012808956781631
vmr_Visa_mlimitecompra_lag2	0.00040840220955444	0.000755974009662947	0.00123345509749039
mtarjeta_visa_consumo_rank_lag2	0.000403132138662342	0.000888799759469121	0.00123345509749039
Master_msaldototal_rank_lag2	0.000402607783264968	0.000474186178618886	0.000996252194126856
mcomisiones_mantenimiento_rank_lag1	0.000400228578109275	0.00141879992916556	0.00118601451681769
vm_mfinanciacion_limite_rank	0.000397683441825504	0.000999569102803431	0.00142321742018122
Master_fultimo_cierre_lag1	0.000397631522741624	0.000918427019896926	0.0012808956781631
vmr_Visa_mlimitecompra_lag1	0.000395934443615593	0.00130589665211084	0.00166042032354476
Master_msaldopesos_rank_lag2	0.000395194826525208	0.000683323112686987	0.00137577683950852
rf_014_023	0.000392786744251005	0.000850746123392359	0.00113857393614498
vm_fultimo_cierre	0.00039041162998765	0.00102001850002864	0.00109113335547227
Master_fechaalta_delta1	0.000389910047203137	0.000233865758082939	0.000711608710090612
vmr_msaldopesos_delta1	0.000389172619917228	0.000895033495491308	0.00109113335547227
rf_007_018	0.000388929013274939	0.000834334056033173	0.000759049290763319
vmr_msaldototal	0.000388791529680431	0.000775817774938171	0.000853930452108734
mcuenta_debitos_automaticos_rank_tend6	0.000388325879402431	0.00211650313154553	0.000664168129417904
ccaja_ahorro_delta2	0.00038670051239653	0.00163065863529968	0.000237202903363537
vmr_mpagominimo_delta2	0.000385690186147832	0.00135822179792987	0.000996252194126856
Visa_Fvencimiento_tend6	0.000384145770119694	0.000580392436536338	0.00109113335547227
Visa_cconsumos_delta2	0.000382307644004235	0.000592199856775044	0.00166042032354476
Master_Fvencimiento_tend6	0.000381934558649732	0.000426675047002338	0.00118601451681769
vmr_msaldopesos2_delta2	0.000380319482138513	0.000880852252574097	0.00142321742018122
cextraccion_autoservicio_delta2	0.000380053750158515	0.00047197029041415	0.000237202903363537
thomebanking_tend6	0.000376949659989675	0.00269113031038771	0.000569286968072489
rf_001_013	0.000374787719056971	0.00051424217964802	0.00123345509749039
mcuenta_corriente_rank_delta1	0.00037474726835753	0.0012483947363449	0.000664168129417904
vmr_mconsumospesos_tend6	0.000374063426854121	0.0013074676845078	0.00113857393614498
rf_013_021	0.000373671495488236	0.0010935984309609	0.000901371032781441
vm_mconsumospesos_rank_delta2	0.000371419681197962	0.000761976818469376	0.000806489871436027
rf_006_017	0.000369552226093406	0.0013850501373793	0.000569286968072489
mcaja_ahorro_rank_lag1	0.000367841790524336	0.002164047122884	0.000948811613454149
vmr_Visa_mlimitecompra	0.000366252044168702	0.000694956103650799	0.0012808956781631
cprestamos_personales_tend6	0.000364756890597988	0.00382412040452139	0.000616727548745197
rf_002_026	0.000364686090037114	0.00135040261279479	0.00109113335547227
Master_fultimo_cierre_lag2	0.000363994381939265	0.00119261399463024	0.00132833625883581
cplazo_fijo_tend6	0.000360689256678487	0.000599181833342772	9.48811613454149e-05
vm_mfinanciacion_limite_rank_lag2	0.000360579106192569	0.000859577206130348	0.00142321742018122
Visa_mconsumosdolares_rank_delta1	0.000359341769409427	0.000566483942299155	0.0012808956781631
Visa_fechaalta_tend6	0.000358975424025313	0.000475896312842657	0.000616727548745197
vm_fultimo_cierre_lag2	0.000358877896272084	0.000786522251466977	0.0012808956781631
cdescubierto_preacordado_lag1	0.000358747018682927	0.00197830501202476	0.000806489871436027
Visa_cadelantosefectivo_delta1	0.000358290847278077	9.02179900548994e-05	0.000426965226054367
matm_rank_lag2	0.000356502040186817	0.00116386797219958	0.000996252194126856
ctransferencias_recibidas_tend6	0.000355428730482696	0.00170700969282102	0.00118601451681769
vmr_mconsumospesos_lag2	0.000354728721335356	0.000481158154401679	0.00104369277479956
Master_mpagominimo_rank_delta2	0.000353770637860994	0.00137949190892132	0.00109113335547227
Master_cadelantosefectivo_tend6	0.000353286798013253	0.000391012507687149	0.00113857393614498
Visa_delinquency_tend6	0.000345420004094881	0.00126549231205322	0.000569286968072489
vm_msaldopesos_rank_tend6	0.000343808953287384	0.000983351206528359	0.00123345509749039
ccajas_transacciones_lag2	0.000343590739451127	0.00084422314388902	0.00113857393614498
Master_mconsumototal_rank_delta1	0.000342898556734362	0.000627198188114206	0.00109113335547227
Master_fultimo_cierre_delta2	0.000341024602872631	0.000335886492684887	0.000996252194126856
vmr_mpagominimo_delta1	0.000339629916719066	0.000711274267535862	0.000806489871436027
vm_msaldototal_rank_tend6	0.000338916444663114	0.000845401028545767	0.00123345509749039
vm_msaldopesos_rank	0.000338223273128959	0.000500714234759637	0.000948811613454149
rf_020_015	0.000331648776596098	0.000440439503960402	0.000948811613454149
mcaja_ahorro_dolares_rank_lag2	0.00033008791196998	0.00138444229746381	0.00104369277479956
Visa_madelantodolares_rank	0.000330019655132033	0.000281811858903968	0.000616727548745197
vmr_msaldototal_tend6	0.000328858745845878	0.000895702119398346	0.000901371032781441
Visa_mconsumosdolares_rank_delta2	0.000327979218799247	0.000817357918427626	0.00137577683950852
rf_002_024	0.000327834986385133	0.000737805570684708	0.00132833625883581
mcuentas_saldo_rank_lag1	0.000327588584860258	0.000848861949534666	0.000806489871436027
vm_Finiciomora_lag1	0.000326945933636153	0.00168595141663773	0.000426965226054367
vm_mconsumototal_rank_delta2	0.00032669336493403	0.000384925406550558	0.000474405806727074
vmr_msaldototal_delta2	0.000324790621171587	0.000809735242222482	0.000664168129417904
mextraccion_autoservicio_rank_lag2	0.000323117063407414	0.000718090906451363	0.00123345509749039
mttarjeta_visa_debitos_automaticos_rank	0.000322414219919552	0.000957046544544583	0.00132833625883581
vmr_msaldopesos2_lag1	0.000321659491602502	0.00101161965900833	0.00104369277479956
mpagomiscuentas_rank_delta2	0.000321352662070938	0.000693014262929329	0.000474405806727074
ccajas_transacciones_delta1	0.000320273798855147	0.00123660653839412	0.000284643484036245
vmr_mconsumototal_tend6	0.000319599418098136	0.000957468915357654	0.000948811613454149
tcuentas_lag2	0.000319481585508224	0.000820413612806198	0.00018976232269083
mplazo_fijo_dolares_rank_lag2	0.000319076163758057	0.00120784544984588	0.000237202903363537
rf_013_019	0.000318382437591883	0.000743231061451747	0.000426965226054367
rf_019_024	0.000317523037382325	0.000467777104159539	0.000853930452108734
ctarjeta_visa_transacciones_lag2	0.000316579084767222	0.000636369817061257	0.00104369277479956
rf_011_017	0.000316532689085994	0.000742405412233207	0.000853930452108734
mplazo_fijo_dolares_rank_tend6	0.000315927245988204	0.000692948283724827	9.48811613454149e-05
tcallcenter_lag1	0.000315060024360954	0.00109178737972552	0.000806489871436027
Master_mconsumototal_rank_lag2	0.000311963597513665	0.00065457033647948	0.00109113335547227
mpagomiscuentas_rank_lag1	0.000307752540514589	0.00114193703012052	0.000806489871436027
Visa_fultimo_cierre	0.000306902169956809	0.000595002933923782	0.00104369277479956
Master_msaldototal_rank_tend6	0.000304967892586882	0.00109632150183017	0.00113857393614498
rf_010_016	0.000304833191670601	0.000840186853065588	0.000569286968072489
rf_005_022	0.000304739532698854	0.000338276810164516	0.00147065800085393
rf_005_013	0.000303603064722987	0.000836606961700067	0.00104369277479956
Master_mconsumototal_rank_tend6	0.000303557660704012	0.000700311588923297	0.000996252194126856
vm_mconsumospesos_rank_lag2	0.000303409442858442	0.000968217421316235	0.000853930452108734
mplazo_fijo_dolares_rank_delta1	0.000302612394132193	0.000936524544218357	0.000142321742018122
rf_018_021	0.000300130447529998	0.000963535365522756	0.000759049290763319
mcuenta_debitos_automaticos_rank_delta2	0.000299829653635123	0.00217187968569244	0.000664168129417904
Master_Finiciomora_tend6	0.000297461130655745	0.00130630863249801	0.000237202903363537
vm_mlimitecompra_rank_lag2	0.00029657007994549	0.0003893826395035	0.000948811613454149
Visa_fultimo_cierre_lag2	0.000296235601091901	0.000699284755083156	0.00113857393614498
rf_014_017	0.000294714107259328	0.000704934419289113	0.000521846387399782
vmr_mconsumototal_lag1	0.000293345624518062	0.000531649390048334	0.000996252194126856
mplazo_fijo_dolares_rank	0.000293103700554274	0.00232677872641258	0.000332084064708952
Visa_mpagosdolares_rank_tend6	0.000292868691660099	0.000909011605582059	0.00113857393614498
Master_mpagominimo_rank_tend6	0.000292548256913301	0.00125709905588683	0.000853930452108734
mtransferencias_recibidas_rank_delta1	0.000288756986936689	0.000931340111332333	0.000996252194126856
vm_mpagominimo_rank_delta2	0.00028800160240802	0.00147912531329108	0.00104369277479956
rf_017_015	0.000287907733508625	0.000475518880621629	0.000711608710090612
rf_011_024	0.000287255109251204	0.000453130759802721	0.00104369277479956
mtransferencias_recibidas_rank_lag1	0.000285805382712189	0.0010067890201244	0.00113857393614498
cliente_antiguedad_lag1	0.000284726592484592	0.000865271679048023	0.000806489871436027
rf_015_015	0.000284406494825017	0.000596442657313355	0.000996252194126856
vm_msaldototal_rank_lag2	0.000283888424553031	0.000557208798734017	0.000901371032781441
ccomisiones_otras_lag2	0.000282547645810159	0.0010985482999821	0.00104369277479956
vm_status01_lag2	0.000281712171588748	0.00208223966307855	0.000332084064708952
rf_002_017	0.000281272078124739	0.000438680924375845	0.000996252194126856
vmr_msaldototal_lag1	0.000280253628892258	0.000808489300276052	0.000853930452108734
rf_016_018	0.000279870399022106	0.000652227685078693	0.000284643484036245
rf_017_013	0.000279203573545293	0.000970222643635731	0.000237202903363537
thomebanking_delta1	0.000278904129278971	0.000764954714533979	0.000332084064708952
rf_010_013	0.000278588829161512	0.000436362170954642	0.000996252194126856
chomebanking_transacciones_tend6	0.0002775998107489	0.00145951922900845	0.00104369277479956
Master_mconsumospesos_rank_delta2	0.000277201326404225	0.000651818691938975	0.000759049290763319
Visa_madelantopesos_rank_tend6	0.000275225785259165	0.000319597681753008	0.000759049290763319
ccajas_transacciones	0.000274185731748434	0.000973880722956192	0.000664168129417904
rf_012_025	0.00027406504693449	0.000406192140653583	0.000332084064708952
Master_mconsumototal_rank_lag1	0.0002730729142743	0.000415289737816056	0.000759049290763319
mcomisiones_mantenimiento_rank_delta1	0.000272944362493123	0.00151654279554176	0.000759049290763319
vmr_Master_mlimitecompra_tend6	0.000272912654005861	0.00140189106956775	0.000711608710090612
vm_mfinanciacion_limite_rank_delta1	0.000272408243194519	0.000722518007169178	0.00109113335547227
ccaja_ahorro	0.000271542087597846	0.00112661348975529	0.00018976232269083
rf_006_014	0.000271191886739181	0.000589005190449982	0.000806489871436027
rf_010_010	0.000271092561116923	0.000457911264881656	0.000237202903363537
rf_001_020	0.000269648394265787	0.00144365863350422	0.000521846387399782
vm_mlimitecompra_rank_lag1	0.000267488870134387	0.000299329207818884	0.000948811613454149
vmr_msaldototal_lag2	0.000267112270667726	0.000769629497029323	0.00109113335547227
rf_010_014	0.000266942144000757	0.000665802776524623	0.00018976232269083
Master_madelantopesos_rank	0.000266740965925353	0.000423752479955684	0.000569286968072489
vm_mconsumototal_rank_delta1	0.000266621276580914	0.000297924681997067	0.000569286968072489
vm_status02	0.00026543261052362	0.0017223744052489	0.000569286968072489
mautoservicio_rank	0.000263367008593145	0.00201266394252974	0.000806489871436027
vm_msaldototal_rank_delta1	0.000262479165873474	0.000425075570814464	0.000853930452108734
vm_mpagominimo_rank_lag2	0.000261995211681264	0.000703715102809067	0.000901371032781441
Master_mpagominimo_rank_delta1	0.000261531889918624	0.000788450324874122	0.000853930452108734
mprestamos_prendarios_rank_lag2	0.000260909754812539	0.001198084294109	0.00018976232269083
ctarjeta_debito_transacciones_tend6	0.000259437588922125	0.00190250971240905	0.000853930452108734
vm_msaldopesos_rank_lag2	0.000259121051870774	0.000802957827164774	0.000759049290763319
vm_mconsumototal_rank_lag2	0.000258781124585672	0.000728052207767256	0.00104369277479956
vmr_mpagospesos_delta2	0.000257927811104012	0.00088153191630866	0.000853930452108734
mcaja_ahorro_dolares_rank_delta1	0.000257055535476562	0.0012829860227492	0.000521846387399782
mpayroll_sobre_edad_rank_lag2	0.000256675171113521	0.00088238574955747	0.000711608710090612
rf_016_013	0.000255806114136961	0.000898077890281708	0.000664168129417904
Visa_fechaalta_delta2	0.000255273563671832	0.000168081893588124	0.00018976232269083
Master_mpagospesos_rank_delta2	0.000254935179925702	0.000831901787208948	0.000901371032781441
Master_madelantopesos_rank_tend6	0.000252242848049158	0.000456069821650501	0.00118601451681769
Master_mconsumospesos_rank_lag1	0.000252157731260796	0.000610411935542087	0.00113857393614498
vm_msaldototal_rank	0.000250995633942787	0.000394333028045996	0.000521846387399782
Master_msaldopesos_rank_delta1	0.000250816018239421	0.000555724136752402	0.000711608710090612
vmr_Master_mlimitecompra_delta2	0.000249929203647018	0.00029670432647443	0.000284643484036245
mtransferencias_emitidas_rank_delta2	0.000249498640327153	0.000906819615356907	0.000474405806727074
Visa_Finiciomora_tend6	0.000248835432585852	0.00110383793593042	0.000284643484036245
ctrx_quarter_lag1	0.000245827071962791	0.00148428857568432	0.000664168129417904
rf_015_019	0.000244261585417279	0.000468864851871553	0.000616727548745197
rf_019_020	0.000242841225228664	0.000791492641579341	0.000616727548745197
mttarjeta_visa_debitos_automaticos_rank_delta1	0.000242282165798107	0.000680553934302767	0.000521846387399782
vmr_msaldopesos_lag1	0.000241994828254911	0.000862759663704971	0.000901371032781441
ccajas_transacciones_tend6	0.000240270862388868	0.00166338964582587	0.000426965226054367
Master_mconsumototal_rank	0.000239248956679151	0.000788760608967734	0.000806489871436027
Master_mpagosdolares_rank_tend6	0.000239137450613205	0.000266946925962156	0.000948811613454149
Visa_mpagado_rank_delta2	0.00023854557616781	0.00188111829319516	0.000664168129417904
rf_014_024	0.000237727865061607	0.000408642073201847	0.000474405806727074
rf_010_020	0.00023750309403743	0.000353676720160154	0.000426965226054367
vmr_mpagospesos_lag2	0.000236443896209187	0.000501803021514241	0.000853930452108734
rf_012_023	0.000236442976715512	0.000687143412531903	0.000759049290763319
mcaja_ahorro_dolares_rank_delta2	0.000235752449487123	0.00180275357113328	0.000569286968072489
matm_rank_lag1	0.000235494376683001	0.000976510150111979	0.000379524645381659
ctransferencias_emitidas_tend6	0.000235248039014203	0.000943084409733661	0.000426965226054367
mpayroll_sobre_edad_rank_delta1	0.000233057493731447	0.00139694886348566	0.000284643484036245
vmr_mconsumospesos_lag1	0.000231541515676446	0.000511265452506332	0.000569286968072489
vm_msaldopesos_rank_delta2	0.000231516671749253	0.00129596691171364	0.000901371032781441
Master_mpagospesos_rank_delta1	0.000231183242089726	0.000537511668344388	0.000711608710090612
rf_015_029	0.000230851802946182	0.000830224382826781	0.00104369277479956
vm_status01_tend6	0.000227859618491065	0.000853188652762166	0.000426965226054367
vm_status05_tend6	0.000227660836107868	0.000182162609134696	0.000142321742018122
rf_006_013	0.000227653531217947	0.000366091071152082	0.000521846387399782
ccaja_ahorro_lag2	0.000227599434100345	0.00044920395809227	0.00018976232269083
cprestamos_personales_delta2	0.000226770612586577	0.00178122006284512	0.000284643484036245
rf_020_023	0.0002267422873081	0.000457034312935207	0.000806489871436027
mextraccion_autoservicio_rank_delta2	0.000226653399478877	0.000792357904296646	0.000711608710090612
tcallcenter_tend6	0.000226082214711962	0.000958825385459656	0.000426965226054367
ccajas_transacciones_lag1	0.000225950174472632	0.000607924857221209	0.000521846387399782
rf_014_030	0.000224429277151851	0.000630560529937323	0.000426965226054367
rf_018_025	0.000223239324370269	0.000700454457279502	0.000616727548745197
Master_msaldototal_rank_delta2	0.000222678240327673	0.000858543098992073	0.000759049290763319
ccomisiones_otras_delta2	0.000219860521506062	0.00056692241827238	0.000759049290763319
Master_msaldopesos_rank_tend6	0.000215758749903275	0.000323926982586984	0.000806489871436027
cpagomiscuentas_tend6	0.000214763303749314	0.00199006515582559	0.000426965226054367
cmobile_app_trx_tend6	0.000213824928811356	0.00244008891852183	0.000711608710090612
Visa_cadelantosefectivo_tend6	0.000211767127094294	0.000252040820957692	0.000901371032781441
mpayroll_sobre_edad_rank_tend6	0.000211721522729255	0.000889343438504642	0.000569286968072489
vm_mpagospesos_rank	0.000211715777501291	0.000335988059098116	0.000521846387399782
Master_mconsumospesos_rank_lag2	0.000211044820563755	0.000502524376832752	0.000616727548745197
Master_cconsumos_delta2	0.00020973443310469	0.000341876313458934	0.000759049290763319
rf_003_015	0.000208441228366408	0.00037684762969074	0.000521846387399782
mextraccion_autoservicio_rank_tend6	0.000205541568888764	0.0012016558731338	0.000711608710090612
Master_status_delta2	0.000205279537012078	0.000107501034865639	0.00018976232269083
vmr_mpagado_delta2	0.000204626567225382	0.00111473190785168	0.000332084064708952
mcuenta_debitos_automaticos_rank_lag1	0.000203412772585349	0.000821645397797331	0.000521846387399782
ctarjeta_debito_delta1	0.000203303786399414	0.00108333515789212	0.000142321742018122
Visa_delinquency_delta2	0.000202877169084794	0.00101428999846612	0.000284643484036245
vm_mconsumosdolares_rank_lag2	0.000199870432550856	0.00149583233886567	0.000569286968072489
catm_trx_tend6	0.000199866901789902	0.00117565980679942	0.000474405806727074
mautoservicio_rank_lag1	0.00019972689779453	0.000534417919030935	0.000521846387399782
vmr_msaldopesos2_delta1	0.000198985443747329	0.000324725876458817	0.000521846387399782
Master_Fvencimiento_delta2	0.0001984967509646	0.000497720103654556	0.000664168129417904
Master_cconsumos_lag2	0.000197306628675696	0.000365795463535062	0.000759049290763319
vm_status01_delta1	0.000196508127355878	0.000577617283657223	0.000426965226054367
rf_014_028	0.000196128948486522	0.00132132058996639	0.000379524645381659
rf_019_023	0.000192651428483542	0.000448492993199666	0.000901371032781441
Master_Fvencimiento_delta1	0.000192130665741407	0.000313880090137693	0.000711608710090612
Visa_cadelantosefectivo	0.000191419749446172	0.0001334545004538	0.000521846387399782
vmr_mconsumosdolares_lag2	0.000190594870215003	0.00040044610524735	0.000616727548745197
Visa_mpagosdolares_rank_lag2	0.000189772167632138	0.000568767498152603	0.000901371032781441
Master_cadelantosefectivo	0.000189241944920918	0.000221055661744323	0.000474405806727074
rf_005_020	0.000187984842407986	0.000710106513544373	0.000521846387399782
Visa_mpagado_rank	0.000187876540469851	0.000889636318634862	0.000569286968072489
vmr_msaldototal_delta1	0.000187004569019367	0.00155104277607842	0.000948811613454149
vm_cconsumos_lag2	0.000186688421980008	0.00069629452038779	0.000426965226054367
ccomisiones_otras_delta1	0.000186668980797304	0.00108194686711078	0.000664168129417904
Master_mpagospesos_rank_lag1	0.000185672922606423	0.000480294710008907	0.000569286968072489
rf_019_026	0.000185022731267674	0.000592503516972141	0.000284643484036245
Visa_fultimo_cierre_delta1	0.000183923009090814	0.000175529101475784	0.000616727548745197
vm_msaldopesos_rank_lag1	0.000183873840672517	0.00035938314206762	0.000474405806727074
Master_mpagado_rank_delta1	0.000183870614153305	0.0008475869143957	0.000237202903363537
rf_008_018	0.000183606682580502	0.000439805687980148	0.000521846387399782
rf_004_015	0.000182456386855518	0.000914797903888677	0.000332084064708952
Master_madelantopesos_rank_lag2	0.000182366587823969	0.0002142192810196	0.000806489871436027
Visa_fultimo_cierre_lag1	0.000182277899494754	0.000244387103355154	0.000616727548745197
Visa_mpagosdolares_rank	0.000181944375098105	0.000282230203427	0.000664168129417904
ccajeros_propios_descuentos_delta1	0.000180301312978748	0.000240516150183948	0.000142321742018122
cextraccion_autoservicio_tend6	0.000180120374762925	0.000752270731989795	0.000426965226054367
Visa_madelantodolares_rank_tend6	0.000180093399662937	0.000212538889389984	0.000664168129417904
vmr_mconsumototal_delta2	0.000179408155165992	0.00108618018638545	0.000569286968072489
rf_007_016	0.000178727941191193	0.000897810336814633	0.000332084064708952
ctarjeta_debito_transacciones_delta2	0.000178305277052143	0.00105619809291297	0.000616727548745197
vmr_mconsumospesos	0.000177897360219339	0.000289388557474479	0.000569286968072489
mttarjeta_visa_debitos_automaticos_rank_lag2	0.000177378767986315	0.000273925525641464	0.000664168129417904
Master_mpagosdolares_rank	0.000176523596036865	0.00015886805353583	0.000711608710090612
ccajas_extracciones_tend6	0.000174688483982733	0.00229446748909298	0.000332084064708952
vm_mpagospesos_rank_lag2	0.000174519635568915	0.000380535061964385	0.000616727548745197
vm_mconsumospesos_rank	0.000173950524146866	0.000172441846178522	0.000521846387399782
tcallcenter_lag2	0.00017303240751251	0.000487705811166544	0.000616727548745197
Master_mpagado_rank_tend6	0.000172155700920508	0.000834786559081371	0.000569286968072489
Visa_mpagado_rank_lag2	0.000171920674682184	0.000432143528156562	0.000569286968072489
Visa_delinquency_lag2	0.000170930408759981	0.000420514823243436	0.000332084064708952
rf_009_018	0.000168917893967742	0.000770566713446027	0.000284643484036245
ccajas_consultas_delta1	0.000167874392170655	0.000731794449537554	0.000142321742018122
mautoservicio_rank_delta1	0.000167826425194199	0.000529133738056216	0.000474405806727074
vmr_Visa_mlimitecompra_tend6	0.000167625486298829	0.000972286701741918	0.000616727548745197
ccajas_transacciones_delta2	0.000167012345021982	0.000524181011667891	0.000521846387399782
mpagomiscuentas_rank_delta1	0.00016624723220285	0.000365038391127501	0.000237202903363537
Visa_madelantopesos_rank_lag1	0.000165982160576015	0.000121584218138364	0.000426965226054367
Visa_cadelantosefectivo_lag2	0.000163680372796399	0.000167337809212945	0.000521846387399782
mautoservicio_rank_tend6	0.000162813224183783	0.000918015169390084	0.000521846387399782
vmr_mconsumototal_lag2	0.000162578692719016	0.000134766551485055	0.000474405806727074
active_quarter_lag1	0.000162559136980328	0.000418788713739835	0.000521846387399782
Visa_mpagosdolares_rank_lag1	0.000162291445365391	0.000254540757430628	0.000853930452108734
mcajeros_propios_descuentos_rank_delta2	0.000161618243841252	0.000131911002685493	0.000142321742018122
vm_status03_delta2	0.000161536183176422	0.000322527911738768	4.74405806727074e-05
vm_mconsumospesos_rank_lag1	0.000160612179684326	0.000263793561580069	0.000569286968072489
Master_madelantodolares_rank_lag2	0.000160543162538142	0.000173089299592778	0.000711608710090612
Master_fultimo_cierre_delta1	0.000160516397133137	0.000203600525504518	0.000901371032781441
ctarjeta_master_transacciones_tend6	0.000160356284966804	0.00131778342922741	0.000474405806727074
vm_status01_lag1	0.000157778263627976	0.000840483369844874	0.00018976232269083
vm_mpagospesos_rank_delta1	0.000157764663108353	0.000894675155677881	0.000521846387399782
Master_mconsumototal_rank_delta2	0.000157623321839491	0.000307587907969787	0.000569286968072489
vm_status02_delta2	0.000157473325073904	0.000507697510130603	0.000426965226054367
vmr_mconsumototal	0.000157454392540075	0.000404650201449162	0.000569286968072489
Master_mpagosdolares_rank_lag1	0.000156973292094797	0.000141006262002137	0.000474405806727074
vmr_mpagospesos_delta1	0.000156358865235837	0.00105138005242045	0.000521846387399782
ccomisiones_mantenimiento_delta2	0.000156016982123049	0.00109459097639555	0.00018976232269083
rf_019_028	0.000155486877944276	0.000200490411270264	0.000237202903363537
ctarjeta_debito_transacciones_delta1	0.000155279032439854	0.00155750756919668	0.000332084064708952
vmr_mpagospesos_lag1	0.000152757523920061	0.00024094163812479	0.000569286968072489
cplazo_fijo_lag2	0.000152710916047984	0.00115199652096123	0.00018976232269083
vm_status03	0.000151905725090178	0.000113257980219073	0.000379524645381659
mtarjeta_master_consumo_rank_tend6	0.000150862901280077	0.000533818781097142	0.000426965226054367
matm_rank_delta2	0.000150432328822807	0.000700065205949006	0.000426965226054367
mextraccion_autoservicio_rank_lag1	0.000150409056190841	0.000490604350353291	0.000379524645381659
Master_delinquency_tend6	0.000150392119503147	0.000467601765722379	0.000237202903363537
Master_mpagado_rank_lag2	0.000150299956168069	0.000191932856494245	0.000379524645381659
Master_mconsumospesos_rank_delta1	0.000149900319748921	0.000385902885867647	0.000426965226054367
rf_001_015	0.000149356351504077	0.000362145956315973	0.000521846387399782
mextraccion_autoservicio_rank_delta1	0.000149197610244604	0.000715242371189287	0.000332084064708952
rf_018_023	0.000148411600518792	0.000396236294311291	9.48811613454149e-05
Visa_status_delta2	0.000148228333237673	0.000164531225295464	0.000284643484036245
mtarjeta_master_consumo_rank_lag1	0.000148179011260209	0.000744482068730805	0.000284643484036245
ccallcenter_transacciones_delta2	0.000148160719190781	0.0011759878844974	0.000284643484036245
vmr_mconsumospesos_delta2	0.000147748382624819	0.000478335595204368	0.000569286968072489
rf_019_017	0.000147249068116478	0.000333771651372084	0.000474405806727074
ctarjeta_visa_transacciones	0.00014674250933813	0.00211377837223205	0.000426965226054367
rf_015_023	0.000146681927666517	0.00038994463166468	0.000426965226054367
Master_msaldopesos_rank_delta2	0.000146192451878777	0.000295704507741645	0.000664168129417904
Visa_mpagosdolares_rank_delta1	0.000144070743977775	0.000142741722889053	0.000521846387399782
mtransferencias_emitidas_rank_delta1	0.000143986865307783	0.000203750926919505	0.000332084064708952
ctarjeta_debito_lag2	0.000143725309798688	0.001275027216266	0.000332084064708952
rf_009_023	0.000143013415256475	0.000321688105564932	0.000284643484036245
cmobile_app_trx_lag1	0.000142947858775505	0.000740730475577192	0.000332084064708952
minversion2_rank_lag1	0.000142749548660775	0.00169110467824604	0.000237202903363537
rf_018_015	0.000142239337627829	0.000363945707963182	0.000332084064708952
rf_017_017	0.000142085724990697	0.000323050420281506	0.000332084064708952
rf_012_015	0.000141999546402039	0.000485717603169469	0.000332084064708952
Visa_madelantopesos_rank_lag2	0.000139782644105515	0.000168395684450479	0.000616727548745197
vm_mconsumototal_rank	0.000138799862394804	0.000490675914411718	0.000426965226054367
mforex_sell_rank_tend6	0.000138770637251152	0.00214302066738005	0.000379524645381659
cseguro_vida_lag2	0.000138347834633885	0.00059864594712668	0.000142321742018122
mtarjeta_master_consumo_rank_delta2	0.000137665820082678	0.000300382667125408	0.000379524645381659
mpagomiscuentas_rank_lag2	0.00013747049180776	0.000956687425449214	0.000521846387399782
ccajas_depositos_tend6	0.000137245018895515	0.00223423522915964	0.000332084064708952
rf_008_010	0.000137224241113521	0.0004405114576598	0.000142321742018122
cplazo_fijo_delta1	0.000137147342067216	0.000361111719297374	4.74405806727074e-05
vm_mconsumototal_rank_lag1	0.000137005440368207	0.000220086754528607	0.000474405806727074
Master_cconsumos_lag1	0.000136615573527054	0.00034974199574995	0.000521846387399782
active_quarter_lag2	0.000135880497726925	0.000350764283778757	0.000426965226054367
ctransferencias_recibidas_lag2	0.000135501584434553	0.00133404574457322	0.000332084064708952
Master_mpagosdolares_rank_lag2	0.000135389136145108	0.000438643259081937	0.000521846387399782
cliente_vip	0.000134920746676161	0.000673883280871242	0.000284643484036245
vm_fultimo_cierre_delta1	0.000134150466781443	0.000170640535967428	0.000474405806727074
ctarjeta_debito_tend6	0.000133424540950188	0.00238036695838078	0.000332084064708952
mpayroll_rank_lag2	0.00013330016496307	9.56954329514669e-05	0.00018976232269083
matm_rank_tend6	0.000133080124745697	0.000404731506531875	0.000379524645381659
Visa_mpagado_rank_lag1	0.000132880958422281	0.000219881413736643	0.000332084064708952
vm_status01_delta2	0.000130974381349253	0.00058421598338935	0.000237202903363537
vmr_mconsumospesos_delta1	0.000130251595020349	0.000590421405500943	0.000474405806727074
rf_016_014	0.000130230932640396	0.000342541690357877	0.000379524645381659
Master_delinquency_lag1	0.000130055680936248	9.55963342643903e-05	0.000284643484036245
cmobile_app_trx_delta2	0.000129782291810908	0.000575571278916046	0.000379524645381659
vm_status02_delta1	0.000128646272858118	0.000578135506149274	0.000379524645381659
cmobile_app_trx_delta1	0.000128173334230593	0.000539035943824769	0.000237202903363537
mpayroll_rank_delta1	0.000126155014817259	0.00135252511704669	0.000332084064708952
ctarjeta_debito_delta2	0.000125084505558542	0.000787889241875209	0.000142321742018122
Visa_mpagosdolares_rank_delta2	0.000123559614409199	0.000706936914121808	0.000521846387399782
Master_cconsumos	0.000123516775018665	0.000173874296269961	0.000569286968072489
mtarjeta_visa_descuentos_rank_delta2	0.000123284320029172	0.000489742854165377	0.000426965226054367
vmr_mconsumosdolares_lag1	0.000122762514306198	0.000419739957231511	0.000379524645381659
mtarjeta_visa_descuentos_rank_delta1	0.000122411296149783	0.000165616505281325	0.000332084064708952
rf_004_016	0.000122036753244352	0.000342361676229059	0.000284643484036245
mcheques_depositados_rechazados_rank_lag2	0.000120922353983895	9.93857225922364e-06	4.74405806727074e-05
rf_010_007	0.000119514087658355	0.000661981827278088	0.000142321742018122
vm_status05	0.000119350122679846	4.56412445944744e-05	0.00018976232269083
rf_010_018	0.000118380383430212	0.000711290892217311	0.000332084064708952
rf_005_014	0.000117407013585014	0.000398406724402689	0.000332084064708952
cprestamos_personales_lag2	0.000116436111515996	0.00108263938899741	0.000237202903363537
mprestamos_prendarios_rank	0.000116428228981332	0.000722223438594748	9.48811613454149e-05
rf_003_022	0.000114842929326892	0.00031168537242574	0.000332084064708952
minversion2_rank_lag2	0.000114581644048087	0.000842403520552267	0.000142321742018122
Visa_mpagado_rank_delta1	0.000113286116716838	0.000342162050171344	0.000379524645381659
mv_status07_rank	0.000112842619231065	0.000620260500736902	0.000284643484036245
rf_002_022	0.00011273041426733	0.000381976473798168	0.000237202903363537
mv_status07_rank_tend6	0.000112332559811357	0.000152451835658673	9.48811613454149e-05
rf_019_015	0.000111956114972008	0.000268781355655825	0.000426965226054367
Master_cadelantosefectivo_lag2	0.000111043153949179	0.000266377011101222	0.000474405806727074
Visa_msaldodolares_rank_tend6	0.000110912973933205	0.00192457793799039	0.000379524645381659
vm_status05_delta2	0.000109928661537955	0.000860841850843408	0.00018976232269083
Visa_msaldodolares_rank_lag1	0.000108778989863886	0.000199899715557519	0.000284643484036245
mtarjeta_visa_consumo_rank_lag1	0.00010868587496961	0.000400445325965408	0.000426965226054367
ctransferencias_recibidas_delta2	0.00010810910504853	0.00156906951562336	0.000284643484036245
ctarjeta_visa_transacciones_lag1	0.000107015692038268	0.000104538334798924	0.000142321742018122
vmr_mpagado_tend6	0.000106741690368375	0.000241340370718925	0.000284643484036245
mpayroll_sobre_edad_rank_lag1	0.000106303138037696	0.00189737943961806	0.000379524645381659
vm_mpagado_rank_delta2	0.000106092177904971	0.000427397311483116	0.000237202903363537
rf_003_023	0.000105400511546766	0.000576550057036373	0.000379524645381659
Master_madelantodolares_rank_delta1	0.000105379493823286	0.000112839375935393	0.000379524645381659
internet_delta2	0.00010471858295485	0.000977612834061233	0.000142321742018122
mtarjeta_master_consumo_rank_lag2	0.000102983404646887	0.000249884417941267	0.000379524645381659
mextraccion_autoservicio_rank	0.000102937157871517	0.000342403367813006	0.000379524645381659
ctarjeta_visa_transacciones_delta1	0.000102891833635623	0.00110099108911256	0.00018976232269083
vm_fultimo_cierre_delta2	0.000102704882668926	0.000102945872148536	0.000426965226054367
catm_trx_delta2	0.000102005416012702	0.000832340003421526	0.000284643484036245
Master_status_delta1	0.000101799663650857	0.000625976144147359	0.000284643484036245
rf_006_015	0.000101394851907076	0.000648568696595964	0.000284643484036245
active_quarter	0.000101076623632057	0.000300534627104281	0.000379524645381659
cplazo_fijo_delta2	0.000101053395883363	0.000346603957246074	4.74405806727074e-05
ctarjeta_debito_transacciones_lag2	0.000100436323914883	0.000503487309553572	0.000474405806727074
Master_mconsumosdolares_rank_delta2	9.97043842275936e-05	0.000270690076894721	0.000521846387399782
Master_cadelantosefectivo_delta1	9.96140740565918e-05	5.27155660724399e-05	0.000237202903363537
cdescubierto_preacordado_delta1	9.92459264885643e-05	0.00113483101784355	0.00018976232269083
Master_status_tend6	9.85646781256835e-05	0.000128701400123191	0.000237202903363537
Master_mpagado_rank_lag1	9.78856430453331e-05	0.000164008327111754	0.000237202903363537
rf_009_019	9.74407211396568e-05	0.000253868496874522	0.000237202903363537
vmr_mconsumototal_delta1	9.70152781507832e-05	0.000706444667694521	0.000379524645381659
vmr_mpagado_lag1	9.7014331921738e-05	0.000334812642167522	0.000284643484036245
ctarjeta_visa_descuentos_delta1	9.63234635635649e-05	4.47131198004387e-05	9.48811613454149e-05
rf_017_019	9.56384147170729e-05	0.000487696459783229	0.000332084064708952
matm_other_rank_lag2	9.55166131091916e-05	0.0002527430838686	0.00018976232269083
vm_mpagado_rank_tend6	9.51359203918118e-05	0.000975951404958895	0.000284643484036245
rf_001_017	9.49992735467008e-05	0.000468275065321075	0.000379524645381659
vm_status04_delta2	9.44179288315458e-05	0.000354928636601479	9.48811613454149e-05
Master_madelantopesos_rank_delta1	9.42296751818288e-05	0.000258564579742974	0.000474405806727074
ctarjeta_master_transacciones_lag2	9.41059169107815e-05	0.0014619270803318	0.000332084064708952
rf_016_017	9.39757941727994e-05	0.00039569092683156	0.000379524645381659
ccuenta_debitos_automaticos_tend6	9.21190308472936e-05	0.000668131660611085	0.00018976232269083
cproductos_delta1	9.18326239657121e-05	0.000664539690375449	9.48811613454149e-05
Master_mpagosdolares_rank_delta2	9.16354885151501e-05	0.000154329905141147	0.000284643484036245
ccaja_ahorro_delta1	9.1500658659933e-05	0.000722223438594748	9.48811613454149e-05
vm_mconsumosdolares_rank	9.11270410013578e-05	0.000247177322351833	0.000237202903363537
ccomisiones_mantenimiento	9.05024601165501e-05	0.00108333515789212	0.000142321742018122
Master_mconsumosdolares_rank_lag2	9.04737547897126e-05	0.00013105703955636	0.000426965226054367
mtarjeta_master_consumo_rank_delta1	8.9512161705796e-05	0.000822736132756793	0.000237202903363537
Master_mpagado_rank_delta2	8.92586582809895e-05	0.000407936952923815	0.000237202903363537
rf_007_028	8.91539564804017e-05	0.000405062441596975	0.000332084064708952
mcheques_depositados_rank	8.90754099938278e-05	0.000722223438594748	9.48811613454149e-05
cinversion1_lag1	8.87637364954687e-05	0.00108333515789212	0.000142321742018122
vmr_mpagado_lag2	8.87616788872447e-05	0.000359963966875754	0.000237202903363537
Master_mpagado_rank	8.85902943359221e-05	9.73319250316307e-05	0.000237202903363537
Master_mpagosdolares_rank_delta1	8.7726051523835e-05	0.000150797809734793	0.000521846387399782
rf_020_021	8.71255290666666e-05	0.000134410679397781	0.000284643484036245
rf_020_027	8.67654131083722e-05	0.000217646303243982	0.000237202903363537
rf_007_017	8.56857969027291e-05	0.000228831726611902	4.74405806727074e-05
vm_status03_lag2	8.42978156161609e-05	3.94773841865049e-05	0.000142321742018122
cprestamos_personales_lag1	8.39557362183778e-05	0.001929112449736	0.000284643484036245
Master_mconsumosdolares_rank_lag1	8.32173438786772e-05	0.000151952705574223	0.000284643484036245
vm_status02_lag1	8.30312926079438e-05	0.000204645542589994	0.00018976232269083
matm_rank	8.2741624518854e-05	0.000562736115674933	0.000332084064708952
Visa_cadelantosefectivo_delta2	8.22572189769116e-05	0.000113786073615735	0.000332084064708952
cextraccion_autoservicio_lag2	8.16562595318125e-05	0.000489509329343144	0.000237202903363537
vm_msaldodolares_rank_tend6	8.13664467671444e-05	0.0010663586306456	0.000237202903363537
vm_status05_lag2	8.09996031406443e-05	0.000250863715582888	9.48811613454149e-05
Master_msaldodolares_rank_tend6	8.07299996083295e-05	0.000842942653776454	0.000284643484036245
cseguro_vida_delta2	8.06946965674899e-05	0.00133912562379857	0.00018976232269083
vm_mconsumospesos_rank_delta1	8.06185887527684e-05	0.000258580555022804	0.00018976232269083
Visa_madelantopesos_rank	8.05801571660033e-05	0.000123234477532853	0.000332084064708952
rf_013_017	8.04640941868482e-05	0.000465881890474321	0.000237202903363537
matm_other_rank_tend6	8.01497319224792e-05	0.00152945991326721	0.000379524645381659
matm_other_rank_delta2	8.00613985983673e-05	0.000157218703303608	0.00018976232269083
vmr_msaldodolares2	7.93398928598449e-05	0.00111269863138224	0.000237202903363537
vm_msaldototal_rank_lag1	7.8748962668483e-05	0.000648962493737794	0.000284643484036245
rf_002_020	7.81288746795277e-05	0.000435845896667447	0.000284643484036245
tcuentas_lag1	7.80707925958005e-05	0.00162445503151262	0.000284643484036245
vmr_msaldodolares2_tend6	7.79249359233525e-05	0.000355319316615537	0.00018976232269083
Visa_madelantopesos_rank_delta1	7.67096761258188e-05	7.04576079475686e-05	0.000237202903363537
rf_012_022	7.61422261885683e-05	0.000287765962588964	0.000237202903363537
vm_status04_lag1	7.53472103657073e-05	2.7602556059735e-05	9.48811613454149e-05
rf_011_010	7.49800944783822e-05	0.000255586813558695	0.000142321742018122
Visa_fultimo_cierre_delta2	7.49505234670319e-05	0.000107585197315476	0.000332084064708952
Visa_msaldodolares_rank	7.48303283503084e-05	0.000405430782195335	0.00018976232269083
Visa_msaldodolares_rank_lag2	7.45995736795843e-05	0.000270177179495946	0.00018976232269083
mpayroll_rank_lag1	7.43389302188714e-05	0.000398249309450216	0.000142321742018122
vmr_mconsumosdolares_tend6	7.41960450643528e-05	0.000196981954082846	0.000237202903363537
rf_009_012	7.35791103261586e-05	0.00100256258450689	0.000142321742018122
Visa_Fvencimiento_delta2	7.34905248773547e-05	9.71972391358268e-05	0.00018976232269083
Master_madelantodolares_rank_delta2	7.32036481940887e-05	7.17023809710837e-05	0.000379524645381659
Visa_status_lag1	7.3168102068137e-05	0.000322525573892939	0.00018976232269083
vm_mconsumosdolares_rank_lag1	7.31399964258016e-05	0.000498719922387342	0.00018976232269083
rf_009_022	7.29376834508613e-05	0.000281964338404136	0.00018976232269083
vm_mconsumosdolares_rank_delta2	7.23932338847514e-05	0.000405590405113313	0.000237202903363537
ccomisiones_mantenimiento_lag2	7.23347067755613e-05	0.000597011403251374	9.48811613454149e-05
rf_014_016	7.22250003844444e-05	0.000422795002208464	0.000237202903363537
vmr_msaldodolares_delta2	7.18180785769665e-05	0.000607920701050847	0.000142321742018122
vm_mconsumosdolares_rank_tend6	7.1173726378398e-05	0.000373845446005582	0.000237202903363537
rf_007_025	6.98025219595431e-05	0.000166242658322473	0.000284643484036245
Master_madelantopesos_rank_lag1	6.95883004924005e-05	0.000112086849339165	0.000332084064708952
rf_012_026	6.94489667426028e-05	0.000353208891233745	0.00018976232269083
rf_015_024	6.93299882544263e-05	0.000136596045726419	4.74405806727074e-05
rf_018_024	6.8838523115353e-05	0.000181022519652181	9.48811613454149e-05
Visa_status_delta1	6.86880564529003e-05	8.48844545571273e-05	0.000142321742018122
cseguro_accidentes_personales	6.83272176243482e-05	0.000551517183183466	0.000237202903363537
vmr_mconsumosdolares	6.81485440889582e-05	0.000610506878058801	0.000332084064708952
cforex_buy_tend6	6.73494002319004e-05	0.00141853614222787	0.00018976232269083
Visa_cadelantosefectivo_lag1	6.6114616338173e-05	0.000110175400613469	0.000332084064708952
Master_cconsumos_delta1	6.59939352468755e-05	0.000219416442177359	0.000237202903363537
rf_001_006	6.5569810074848e-05	0.00092435761524331	0.00018976232269083
rf_003_016	6.53848859199354e-05	0.000371157183063104	0.000142321742018122
mcheques_depositados_rank_tend6	6.50520650823157e-05	0.000855525719309028	0.000142321742018122
vm_Fvencimiento_delta2	6.49855136394742e-05	0.000363105771909021	0.000142321742018122
rf_018_017	6.41658748792505e-05	0.000580199694135786	0.000237202903363537
vm_cconsumos_lag1	6.36920591454569e-05	0.000186421644713484	9.48811613454149e-05
rf_020_009	6.30884530044831e-05	0.000221070468101239	0.00018976232269083
Master_mconsumosdolares_rank_delta1	6.29200275763695e-05	6.06804769308564e-05	0.000284643484036245
vmr_msaldodolares2_lag2	6.25595380420424e-05	0.000303820469416667	0.000142321742018122
vmr_Visa_mlimitecompra_delta2	6.2537453949564e-05	0.000375348810753828	9.48811613454149e-05
mtarjeta_master_descuentos_rank_delta1	6.16800837985317e-05	0.000110866234055881	9.48811613454149e-05
Visa_madelantopesos_rank_delta2	6.15711647894434e-05	8.60064906746302e-05	0.000379524645381659
Master_madelantopesos_rank_delta2	6.14951603627667e-05	8.80837965738477e-05	0.000284643484036245
cpayroll_trx_tend6	6.13428451948337e-05	0.000765491639792661	0.00018976232269083
ccallcenter_transacciones_delta1	6.11159438016159e-05	0.00151229194242338	0.000237202903363537
Master_delinquency_lag2	6.07894765062328e-05	7.97337905552974e-05	0.000284643484036245
mcheques_depositados_rank_delta2	6.0783602846967e-05	0.0001504358332723	0.000142321742018122
rf_012_017	6.06954735915653e-05	0.000148530099280852	4.74405806727074e-05
mpayroll_rank	6.06597009896385e-05	0.00104434924085096	0.000142321742018122
mcheques_emitidos_rank_delta1	5.99932687596605e-05	0.00108333515789212	0.000142321742018122
rf_020_019	5.99771964027893e-05	4.59711406169837e-05	0.000142321742018122
ccajeros_propios_descuentos_tend6	5.99641177305152e-05	0.00136633685044263	0.00018976232269083
vmr_Master_mlimitecompra_delta1	5.85581973490883e-05	0.000849613956609598	0.000237202903363537
rf_008_014	5.84699090351562e-05	0.000224860505830704	0.000142321742018122
rf_009_008	5.7921389939623e-05	0.000144320807866088	4.74405806727074e-05
rf_005_017	5.73815960505424e-05	0.000329232853575782	0.00018976232269083
rf_007_024	5.5851434712537e-05	0.000904410075589351	0.00018976232269083
ccomisiones_otras_lag1	5.55654051719374e-05	0.000214350460146661	0.000237202903363537
matm_other_rank_lag1	5.54681510332225e-05	0.000187144948236852	9.48811613454149e-05
rf_011_026	5.53658604922723e-05	0.000157336894398286	0.000237202903363537
ctarjeta_visa_delta1	5.49086345632075e-05	0.000337957824089208	9.48811613454149e-05
ctarjeta_master_descuentos_delta2	5.43934047259912e-05	0.000258700824202663	0.00018976232269083
mv_status07_rank_lag2	5.3791259554541e-05	0.000180046339138331	0.00018976232269083
Visa_madelantodolares_rank_lag2	5.36858206699546e-05	0.000122895100246704	0.000332084064708952
Master_madelantodolares_rank	5.35508371709655e-05	9.65895291006612e-05	0.000237202903363537
Visa_madelantodolares_rank_lag1	5.32425478966592e-05	3.39672114483342e-05	0.000142321742018122
vm_mpagado_rank_lag1	5.28378962266758e-05	0.000464450869066445	0.000142321742018122
vm_status04_lag2	5.26579509421895e-05	0.000113553847596741	0.00018976232269083
mcheques_emitidos_rechazados_rank_tend6	5.26377660762495e-05	1.02982108758882e-05	4.74405806727074e-05
vm_msaldodolares_rank_lag2	5.24996734906232e-05	0.000236665458343257	0.000142321742018122
vm_mpagominimo_rank_delta1	5.17648027744719e-05	0.00015703089635536	0.00018976232269083
Master_delinquency_delta2	5.17568931660158e-05	0.000341542780787358	9.48811613454149e-05
cprestamos_prendarios_delta2	5.14549466044291e-05	0.00128916962496639	0.00018976232269083
vm_cconsumos	5.14332638809234e-05	0.000529612866570797	0.000142321742018122
Visa_madelantodolares_rank_delta2	5.0755407864233e-05	6.4475320232303e-05	0.000284643484036245
Visa_Finiciomora_delta1	5.04258192990061e-05	0.00131845283241639	0.000237202903363537
mcuenta_debitos_automaticos_rank_delta1	5.03382914202186e-05	0.000994596504725562	0.00018976232269083
Master_mconsumosdolares_rank	4.94623796132351e-05	6.70364303377594e-05	0.000284643484036245
cpagomiscuentas_delta2	4.89410129933328e-05	0.000325868173906836	4.74405806727074e-05
vmr_msaldodolares2_lag1	4.87739514498152e-05	0.000330420998778111	0.000142321742018122
vm_mpagosdolares_rank_delta2	4.85571539959293e-05	0.000368562563834101	9.48811613454149e-05
rf_004_018	4.83246293760256e-05	0.000619728640810848	9.48811613454149e-05
ccajas_otras_tend6	4.79235595687796e-05	0.000447982953168015	9.48811613454149e-05
rf_015_022	4.76073566249484e-05	0.0003509498827615	9.48811613454149e-05
vm_mpagado_rank_lag2	4.7371011892934e-05	0.000178585705016623	9.48811613454149e-05
vm_status04_tend6	4.69017283119918e-05	0.000360483228410397	4.74405806727074e-05
ctarjeta_master_transacciones_delta2	4.66776940333916e-05	0.000248561327082486	9.48811613454149e-05
active_quarter_delta2	4.66503291977013e-05	0.000452672671900599	0.000237202903363537
rf_007_027	4.65756461413059e-05	0.000225131695946845	9.48811613454149e-05
Master_msaldodolares_rank_lag2	4.64958753693781e-05	3.11120522897436e-05	9.48811613454149e-05
vmr_msaldodolares2_delta2	4.56330233253168e-05	0.00072222928320932	0.000142321742018122
vm_Finiciomora_delta2	4.52697458249123e-05	0.000720135092868006	9.48811613454149e-05
vm_mpagado_rank_delta1	4.48723634681942e-05	0.000599522639312482	0.000142321742018122
rf_003_026	4.4820712087012e-05	0.000685657191986402	9.48811613454149e-05
Visa_Finiciomora_lag2	4.47888746608136e-05	0.000969267114093368	0.000142321742018122
cliente_vip_delta2	4.4613925167874e-05	0.000398558944142209	0.000142321742018122
ccaja_seguridad_tend6	4.42896312211775e-05	0.00108333515789212	0.000142321742018122
mcajeros_propios_descuentos_rank	4.41509565490142e-05	0.00010873918399264	9.48811613454149e-05
catm_trx_other_tend6	4.40484524635262e-05	0.000816423039856751	0.000237202903363537
cprestamos_personales_delta1	4.38088494005939e-05	0.000722223438594748	9.48811613454149e-05
mtarjeta_master_descuentos_rank_lag1	4.37696912209247e-05	8.33054994604169e-05	9.48811613454149e-05
rf_013_022	4.37524885332199e-05	0.000147085050798003	0.000142321742018122
ctransferencias_emitidas_delta2	4.35692774725228e-05	0.000519500124797327	9.48811613454149e-05
Visa_msaldodolares_rank_delta2	4.32655934503074e-05	2.94319204207753e-05	9.48811613454149e-05
vmr_msaldodolares_lag2	4.30793162826185e-05	0.000211026433019071	9.48811613454149e-05
vm_Finiciomora_lag2	4.3043360255748e-05	0.00162634855675363	0.000237202903363537
vm_status04_delta1	4.2957661550061e-05	0.00033544217209709	4.74405806727074e-05
mtarjeta_master_descuentos_rank_delta2	4.19991694306439e-05	0.000143897138249779	0.00018976232269083
ctarjeta_visa_debitos_automaticos_lag2	4.13733972989697e-05	0.000349107140727106	0.000142321742018122
vm_status06	4.11015024777599e-05	3.66270305998957e-05	0.00018976232269083
ccajas_depositos	4.05493055767373e-05	0.000722223438594748	9.48811613454149e-05
vmr_mconsumosdolares_delta2	4.03196259470863e-05	7.77006439661795e-05	0.000142321742018122
Master_cadelantosefectivo_delta2	4.00841180067717e-05	5.7279171010592e-05	0.00018976232269083
Master_cadelantosefectivo_lag1	4.00033189806683e-05	5.0872694157722e-05	0.000284643484036245
rf_008_017	3.98552255899382e-05	0.00017944694144389	0.000142321742018122
mcheques_emitidos_rank_delta2	3.96891725451884e-05	1.01604078523125e-05	4.74405806727074e-05
mttarjeta_master_debitos_automaticos_rank	3.96307662527969e-05	0.000983777343870821	0.000142321742018122
Visa_msaldodolares_rank_delta1	3.96202507918203e-05	6.20111008484182e-05	9.48811613454149e-05
rf_002_008	3.95667015377894e-05	0.000317165153168136	0.000142321742018122
mv_status07_rank_delta2	3.91965378182824e-05	0.000121350173794836	9.48811613454149e-05
rf_003_025	3.91849989679523e-05	0.000209622037077578	0.000142321742018122
rf_009_017	3.90012044670285e-05	0.000164393422271888	9.48811613454149e-05
ccallcenter_transacciones_lag2	3.83728738619704e-05	0.000286623405380297	0.000142321742018122
Master_msaldodolares_rank	3.83316573972323e-05	3.76107441725276e-05	4.74405806727074e-05
cforex_sell_tend6	3.82885833319117e-05	0.000709738172946013	9.48811613454149e-05
rf_001_018	3.8203028455747e-05	0.000272045118313161	9.48811613454149e-05
ctarjeta_master_descuentos_delta1	3.72828389841585e-05	6.57697075395183e-05	9.48811613454149e-05
rf_003_017	3.72312992823701e-05	0.000398245413040502	0.000142321742018122
cseguro_accidentes_personales_lag2	3.6940768385358e-05	0.000384739677687492	9.48811613454149e-05
mcajeros_propios_descuentos_rank_delta1	3.69360934182516e-05	8.97269125505265e-05	0.000142321742018122
mttarjeta_master_debitos_automaticos_rank_delta2	3.64780339548026e-05	0.000410224275306653	9.48811613454149e-05
rf_003_027	3.63089175104403e-05	8.02918863067628e-05	4.74405806727074e-05
rf_012_019	3.61252881596502e-05	0.000167753426249177	9.48811613454149e-05
rf_015_027	3.60309474994222e-05	0.00056851527056374	0.000142321742018122
Master_madelantodolares_rank_lag1	3.58270583221294e-05	5.52355041152446e-05	0.000237202903363537
cmobile_app_trx	3.57509876492668e-05	0.00100276610697432	0.00018976232269083
ctarjeta_debito_transacciones_lag1	3.54710345252567e-05	0.000277696081322356	0.000142321742018122
mforex_buy_rank_tend6	3.51473868384459e-05	0.00102265364191868	0.000142321742018122
mprestamos_hipotecarios_rank_tend6	3.48465130758839e-05	0.000722223438594748	9.48811613454149e-05
ctarjeta_visa_lag2	3.47940237608263e-05	0.000699521397033161	9.48811613454149e-05
rf_012_020	3.4760639067391e-05	6.50873163181548e-05	0.000142321742018122
mcheques_depositados_rank_lag2	3.47009629295294e-05	0.000211487378288317	0.000142321742018122
minversion1_pesos_rank_delta2	3.3548423548604e-05	0.000673924972455189	0.000142321742018122
cseguro_auto	3.33349311279279e-05	0.000722223438594748	9.48811613454149e-05
vmr_Visa_mlimitecompra_delta1	3.32749943625115e-05	5.33936712431173e-05	0.000142321742018122
vm_status06_lag1	3.30482271114747e-05	0.00019311645588524	9.48811613454149e-05
ctarjeta_visa_lag1	3.2617043124918e-05	0.000327059046595965	4.74405806727074e-05
ctarjeta_debito_transacciones	3.25722573190715e-05	5.07915189553329e-05	0.000142321742018122
mcaja_ahorro_adicional_rank_delta1	3.25304611367533e-05	0.00062541350258456	9.48811613454149e-05
cpagomiscuentas_lag2	3.22352214303942e-05	0.000663324659946089	9.48811613454149e-05
mv_status07_rank_lag1	3.17027300199746e-05	0.000400489485275507	0.000142321742018122
mtarjeta_master_consumo_rank	3.14792301103523e-05	0.000792685462473327	0.000142321742018122
ccuenta_debitos_automaticos_delta1	3.1464649857866e-05	0.000361111719297374	4.74405806727074e-05
mforex_sell_rank_delta2	3.08837586287341e-05	0.000485960219614369	9.48811613454149e-05
ccajas_consultas_lag2	3.08492023169318e-05	0.000527220471005986	9.48811613454149e-05
rf_004_017	3.08217718272949e-05	0.000307546995667783	9.48811613454149e-05
Master_delinquency_delta1	3.01144838908628e-05	0.000275276930410837	9.48811613454149e-05
Visa_Fvencimiento_delta1	3.0003641077309e-05	2.58796935642292e-05	9.48811613454149e-05
mprestamos_hipotecarios_rank_lag1	2.95725789228182e-05	0.000361111719297374	4.74405806727074e-05
mcheques_emitidos_rank_tend6	2.94943451385467e-05	0.00065309437647956	9.48811613454149e-05
ctarjeta_master_descuentos_tend6	2.92927462348815e-05	0.000579871226796839	9.48811613454149e-05
mttarjeta_master_debitos_automaticos_rank_tend6	2.8328307356959e-05	0.000449471121918373	9.48811613454149e-05
vmr_msaldodolares_lag1	2.82550829011303e-05	0.000409313164835038	9.48811613454149e-05
vm_mpagosdolares_rank_lag1	2.80243803474566e-05	0.000369593683724928	9.48811613454149e-05
vmr_msaldodolares_tend6	2.77609672377789e-05	0.00021567757729548	9.48811613454149e-05
cforex_tend6	2.76081586922818e-05	0.000355889491237118	4.74405806727074e-05
mttarjeta_master_debitos_automaticos_rank_lag2	2.75809928489658e-05	8.3710855951067e-05	9.48811613454149e-05
catm_trx_lag2	2.73902278617606e-05	3.28640079777856e-05	9.48811613454149e-05
ctarjeta_master_debitos_automaticos_delta2	2.71399201597271e-05	0.000297108384161842	4.74405806727074e-05
rf_002_018	2.6843251633973e-05	0.000148711282332584	9.48811613454149e-05
ccuenta_debitos_automaticos_delta2	2.68424874761819e-05	0.000150818200945634	4.74405806727074e-05
rf_008_015	2.66716410164838e-05	0.000220853827721103	9.48811613454149e-05
vmr_mpagosdolares_tend6	2.66610253824752e-05	2.2972971917081e-05	9.48811613454149e-05
vm_fechaalta_delta1	2.66047491207026e-05	6.56921689861963e-05	9.48811613454149e-05
vm_mpagosdolares_rank_delta1	2.6050175648339e-05	0.000415447932050472	9.48811613454149e-05
matm_other_rank	2.59034336628788e-05	0.000397917595103174	9.48811613454149e-05
minversion1_pesos_rank_tend6	2.56253052701751e-05	0.00073242865515878	0.000142321742018122
ctransferencias_emitidas_lag2	2.50042703753298e-05	0.00058220621525852	9.48811613454149e-05
vm_status06_lag2	2.47411604075217e-05	4.76620525528291e-05	0.000237202903363537
rf_020_018	2.47297339980357e-05	0.000297307101057291	9.48811613454149e-05
ctarjeta_master	2.41682221895192e-05	4.79818179100802e-05	4.74405806727074e-05
Visa_fechaalta_delta1	2.39703797745526e-05	0.000370567136751978	0.000142321742018122
rf_014_019	2.374588930255e-05	0.000156591770980516	9.48811613454149e-05
cinversion1	2.35085130590443e-05	0.000722223438594748	9.48811613454149e-05
ccajas_extracciones_lag2	2.30954394090833e-05	0.000591903729636729	9.48811613454149e-05
mprestamos_prendarios_rank_tend6	2.29377115555032e-05	0.00104261261104113	0.000142321742018122
vmr_mpagado	2.2276377997483e-05	0.000262954664568499	9.48811613454149e-05
cinversion2	2.19366323606066e-05	0.000361111719297374	4.74405806727074e-05
Master_msaldodolares_rank_delta1	2.16068383729797e-05	4.54225261291573e-05	9.48811613454149e-05
ccaja_seguridad_delta2	2.16033153957409e-05	0.000700387958553705	9.48811613454149e-05
Master_status_lag2	2.13974435707867e-05	0.000281800429435471	9.48811613454149e-05
mcheques_depositados_rank_delta1	2.10037791226129e-05	0.000339719780562185	4.74405806727074e-05
mtarjeta_master_descuentos_rank_lag2	2.03553904754111e-05	0.000240120534717584	0.000142321742018122
Visa_status_lag2	2.02753729512471e-05	0.000350792078168055	9.48811613454149e-05
ccheques_depositados_tend6	2.02275342368827e-05	0.000160492596626202	4.74405806727074e-05
vmr_msaldodolares2_delta1	2.01572513486007e-05	0.000620834182127226	9.48811613454149e-05
cseguro_vivienda_tend6	1.95677310249791e-05	0.00035652356697802	4.74405806727074e-05
mforex_sell_rank_lag2	1.92528574043558e-05	0.000237028473848341	9.48811613454149e-05
rf_017_014	1.91250095417819e-05	0.000314872505692021	4.74405806727074e-05
Master_Finiciomora_lag1	1.90794497638946e-05	0.000250520571767349	4.74405806727074e-05
mcheques_emitidos_rechazados_rank_lag2	1.85766664258994e-05	1.07568182993056e-05	4.74405806727074e-05
matm_other_rank_delta1	1.85044112118395e-05	0.000660690686978968	9.48811613454149e-05
ctarjeta_visa_descuentos_delta2	1.84276637787719e-05	1.93756765881685e-05	9.48811613454149e-05
Master_status_lag1	1.84262356362217e-05	0.000352729762719163	9.48811613454149e-05
mcaja_ahorro_adicional_rank	1.82288406156748e-05	0.000691617270166293	9.48811613454149e-05
cliente_edad_delta2	1.7422602705855e-05	8.70517675207539e-05	4.74405806727074e-05
matm_rank_delta1	1.72277918787947e-05	0.000259151898567299	4.74405806727074e-05
mtarjeta_visa_descuentos_rank_lag1	1.70201724405398e-05	6.78138939561611e-05	4.74405806727074e-05
ctarjeta_visa_descuentos_lag2	1.68930108986038e-05	0.000115609593362204	4.74405806727074e-05
vmr_mpagosdolares_lag2	1.6832616036159e-05	0.000320979478518156	4.74405806727074e-05
ctarjeta_debito_lag1	1.68208984987988e-05	0.000239726477815107	4.74405806727074e-05
cprestamos_personales	1.6563561086563e-05	0.000722223438594748	9.48811613454149e-05
rf_012_021	1.64994757277887e-05	0.000244880908346327	4.74405806727074e-05
vm_mconsumosdolares_rank_delta1	1.64491225349532e-05	1.38664130122645e-05	4.74405806727074e-05
cplazo_fijo	1.64453606314962e-05	0.000361111719297374	4.74405806727074e-05
rf_014_022	1.62951917807601e-05	0.000121204318191183	4.74405806727074e-05
ctarjeta_master_debitos_automaticos_tend6	1.61990392069743e-05	0.000334879140893319	4.74405806727074e-05
vm_Fvencimiento_delta1	1.61201705422706e-05	8.0135120755909e-05	4.74405806727074e-05
cforex_buy_delta2	1.60946372486376e-05	0.000349404566668659	4.74405806727074e-05
rf_006_020	1.60030476241421e-05	0.000581578503653486	9.48811613454149e-05
mcheques_emitidos_rank_lag2	1.57111701443795e-05	0.000632545231165655	9.48811613454149e-05
vm_status02_lag2	1.54576003887815e-05	2.55471999352435e-05	9.48811613454149e-05
cextraccion_autoservicio_delta1	1.5103104272949e-05	0.000361111719297374	4.74405806727074e-05
cpayroll_trx_lag2	1.50365799038999e-05	0.000338201999097995	4.74405806727074e-05
catm_trx_other_lag2	1.48342533920634e-05	7.49630265006483e-05	4.74405806727074e-05
ccheques_depositados_rechazados_tend6	1.44951920452906e-05	0.000361111719297374	4.74405806727074e-05
cseguro_vivienda_lag2	1.44764827010375e-05	7.87581295627425e-06	4.74405806727074e-05
cpagomiscuentas	1.41415974867457e-05	0.000361111719297374	4.74405806727074e-05
active_quarter_tend6	1.40817413927701e-05	0.000352715995404838	4.74405806727074e-05
ctransferencias_emitidas_lag1	1.38206268480691e-05	2.04395263205988e-05	4.74405806727074e-05
mttarjeta_master_debitos_automaticos_rank_lag1	1.3697484410618e-05	2.64390881189328e-05	4.74405806727074e-05
mcheques_emitidos_rank_lag1	1.3303384751231e-05	0.000361111719297374	4.74405806727074e-05
vmr_mpagosdolares_lag1	1.32717151825457e-05	8.47456124909611e-06	4.74405806727074e-05
ctarjeta_visa_descuentos_tend6	1.32669908057681e-05	0.00035678384714696	4.74405806727074e-05
rf_003_009	1.31372147815401e-05	2.55933074502005e-05	0.000142321742018122
cprestamos_hipotecarios_lag1	1.30952238371276e-05	0.000279429464124091	4.74405806727074e-05
vm_msaldodolares_rank_lag1	1.2982522407724e-05	0.000168280090962277	4.74405806727074e-05
cproductos_lag2	1.2739652891736e-05	0.000134381586205245	4.74405806727074e-05
ccajas_depositos_delta1	1.27214999139172e-05	0.000361111719297374	4.74405806727074e-05
vm_fechaalta_delta2	1.26528529595423e-05	8.40182826775549e-06	4.74405806727074e-05
ccajas_extracciones_delta2	1.22197196599312e-05	0.000318873988588669	4.74405806727074e-05
mplazo_fijo_pesos_rank_delta2	1.19141621312803e-05	6.84547234739014e-06	4.74405806727074e-05
cextraccion_autoservicio_lag1	1.19059019172124e-05	0.000336444328675704	4.74405806727074e-05
vm_msaldodolares_rank_delta2	1.18227217510655e-05	0.000138869081273637	4.74405806727074e-05
rf_001_021	1.17957240931092e-05	6.88091668776131e-05	0.000284643484036245
cpayroll_trx	1.15271436223012e-05	0.000361111719297374	4.74405806727074e-05
ctarjeta_master_lag2	1.13820687056093e-05	7.98763991508545e-06	4.74405806727074e-05
ccheques_emitidos_tend6	1.12879635873754e-05	0.000349571722645419	4.74405806727074e-05
ctransferencias_recibidas	1.11904972578123e-05	0.0003513358870839	4.74405806727074e-05
cseguro_vida_tend6	1.1157366381181e-05	0.000189766192932238	4.74405806727074e-05
cprestamos_hipotecarios_lag2	1.10226363605735e-05	0.000355026566365641	4.74405806727074e-05
rf_016_016	1.09808899263488e-05	0.000159107812613606	4.74405806727074e-05
mforex_sell_rank_delta1	1.0773126996994e-05	0.000361111719297374	4.74405806727074e-05
mplazo_fijo_dolares_rank_lag1	1.07272023997538e-05	2.87364112867057e-05	4.74405806727074e-05
rf_018_018	1.0655904244256e-05	0.000263118054015868	4.74405806727074e-05
rf_013_018	1.05726387956629e-05	1.22688850292474e-05	4.74405806727074e-05
ctransferencias_emitidas_delta1	1.04642305928926e-05	0.000361111719297374	4.74405806727074e-05
rf_005_021	1.02888546877223e-05	0.000137763280196612	4.74405806727074e-05
rf_005_016	1.01403799795471e-05	0.000138767514860408	4.74405806727074e-05
mprestamos_hipotecarios_rank_lag2	1.01000826700618e-05	0.000361111719297374	4.74405806727074e-05
mcheques_depositados_rechazados_rank_tend6	9.75650676840258e-06	0.000361111719297374	4.74405806727074e-05
rf_008_006	9.44730578413646e-06	0.000274631425201439	4.74405806727074e-05
rf_016_006	8.9619484926335e-06	0.000327165938102471	4.74405806727074e-05
Master_msaldodolares_rank_lag1	8.44494938308244e-06	1.34619656838812e-05	4.74405806727074e-05
rf_011_025	8.4296364460887e-06	0.000192605376810998	4.74405806727074e-05
mcaja_ahorro_adicional_rank_lag2	8.23649674886571e-06	0.000353736854750083	4.74405806727074e-05
vmr_mpagosdolares_delta2	8.1749580186911e-06	0.000160973283704669	4.74405806727074e-05
vmr_mconsumosdolares_delta1	8.07634714455341e-06	0.000285620339639416	4.74405806727074e-05
mprestamos_prendarios_rank_lag1	7.85095105419434e-06	0.000355255285615893	4.74405806727074e-05
minversion2_rank_delta2	7.68177437064382e-06	0.000336530439330399	4.74405806727074e-05
ccajas_otras_delta2	7.58420989858323e-06	0.000246716377082587	4.74405806727074e-05
cplazo_fijo_lag1	7.55977444723299e-06	0.000361111719297374	4.74405806727074e-05
ctarjeta_master_descuentos_lag2	7.50927302538391e-06	0.000361111719297374	4.74405806727074e-05
ctarjeta_visa_descuentos	7.41687220238296e-06	0.000290482279681388	4.74405806727074e-05
Master_msaldodolares_rank_delta2	7.28032553030393e-06	0.000340365155891259	4.74405806727074e-05
mcheques_emitidos_rechazados_rank_lag1	7.22383200134711e-06	0.000361111719297374	4.74405806727074e-05
cpayroll_trx_delta1	7.18182633555997e-06	0.000361111719297374	4.74405806727074e-05
cdescubierto_preacordado_tend6	7.12588849619261e-06	0.000361111719297374	4.74405806727074e-05
rf_018_022	7.04686009611356e-06	8.11381864967903e-05	4.74405806727074e-05
cproductos	7.0087171836602e-06	7.22316432906605e-06	4.74405806727074e-05
ccheques_emitidos_rechazados_lag2	6.7982252160293e-06	0.000101066503862824	4.74405806727074e-05
rf_003_024	6.48200332054341e-06	0.00021906550554239	4.74405806727074e-05
mprestamos_prendarios_rank_delta1	6.27234793309834e-06	0.000361111719297374	4.74405806727074e-05
minversion1_pesos_rank_delta1	6.26868552582849e-06	0.000361111719297374	4.74405806727074e-05
vm_mpagosdolares_rank_tend6	6.25753112335074e-06	0.000293943590311259	4.74405806727074e-05
ccajas_depositos_delta2	5.96052214465693e-06	0.000144479521621799	4.74405806727074e-05
mtarjeta_master_descuentos_rank_tend6	5.00335393368922e-06	7.05548883101117e-06	4.74405806727074e-05
minversion1_pesos_rank_lag1	4.7426461727193e-06	0.000361111719297374	4.74405806727074e-05
Visa_delinquency_delta1	6.6152155166633e-07	7.34694027766892e-06	4.74405806727074e-05
minversion2_rank_delta1	6.19097849603083e-07	7.26862244240394e-06	4.74405806727074e-05
