Feature	Gain	Cover	Frequency
rf_004_022	0.216360328809963	0.00554534859040131	0.00468994267847837
vm_status05	0.0965321732514197	0.00040881201936635	0.000473731583684684
rf_018_027	0.0342040338264498	0.00208627125178543	0.00265289686863423
mcaja_ahorro_rank_lag2	0.0326807167622851	0.0039106831580249	0.00227391160168648
mcaja_ahorro_rank	0.022614305163852	0.00164615527708335	0.00123170211758018
cdescubierto_preacordado_delta2	0.0129685585016862	0.00308866219197936	0.000710597375527026
Visa_msaldototal_rank_lag1	0.0123801275817222	0.00128139138310473	0.00203704580984414
rf_017_021	0.0121239403710082	0.00118257736090404	0.000473731583684684
Visa_mpagominimo_rank	0.0104700837679607	0.0010943124394015	0.00222653844331802
mcuentas_saldo_rank	0.0103399401852212	0.00587518746096593	0.00208441896821261
Visa_msaldototal_rank	0.00883883296395052	0.00183715881784353	0.00208441896821261
mprestamos_personales_rank_delta2	0.00854157944096115	0.00407244621830406	0.00113695580084324
ccomisiones_mantenimiento_tend6	0.00628649459055035	0.00456769219404343	0.000805343692263963
mprestamos_personales_rank	0.00614206626380716	0.00447468647626897	0.000994836325737837
rf_004_021	0.00602217687863333	0.00141978218982424	0.0009000900090009
mcuentas_saldo_rank_tend6	0.00583078404791283	0.00489858081794898	0.00251077739352883
rf_013_026	0.00560724159031527	0.00145098575213433	0.00127907527594865
rf_009_026	0.00534749793869227	0.00106512457061012	0.000426358425316216
foto_mes	0.00524019436008538	0.00523069452397756	0.00246340423516036
vm_status01	0.00473757589920415	0.000717877105529121	0.000331612108579279
rf_008_022	0.00473423302232931	0.000385111823959615	0.00137382159268558
cdescubierto_preacordado	0.00406786723230547	0.00304082132513402	0.00189492633473874
Visa_madelantopesos_rank	0.00398675314548807	0.000307584256397051	0.000994836325737837
mcuentas_saldo_rank_delta2	0.00397986547765655	0.00373275016256261	0.00497418162868918
mcuenta_corriente_rank	0.00391751491525854	0.00351908260252639	0.00241603107679189
rf_004_023	0.00339824784236892	0.00110808234157633	0.000426358425316216
mcomisiones_rank_lag2	0.00322459642193276	0.00184471792963889	0.0045004500450045
rf_012_028	0.00315249459510427	0.000879327759422905	0.000473731583684684
Visa_fultimo_cierre_delta1	0.00311422922200852	0.000395850744500775	0.000757970533895495
rf_003_019	0.00307065003156667	0.00140490248126324	0.000378985266947747
mrentabilidad_annual_rank_delta2	0.00301851732841596	0.00274703177543049	0.00592164479605855
Visa_fultimo_cierre	0.00293677944496658	0.000390012544102026	0.000568477900421621
rf_014_030	0.00288146117530185	0.00060200854067882	0.000568477900421621
mcomisiones_otras_rank	0.00286462988670268	0.0017775138722045	0.00350561371926666
mpasivos_margen_rank_delta2	0.0027337494323916	0.00340849256980316	0.0061585105879009
thomebanking	0.00272603814389138	0.00254506476795996	0.00459519636174144
Visa_delinquency	0.00263177864397339	0.00147531781001714	0.000947463167369369
rf_014_025	0.00259452195695684	0.00113756642854089	0.00260552371026576
rf_016_022	0.00256645940899742	0.000850976847312123	0.000426358425316216
mactivos_margen_rank	0.00256410503531194	0.00270450664749025	0.00232128476005495
tcallcenter	0.00255303461843279	0.00184518099083778	0.00127907527594865
mrentabilidad_annual_rank_lag2	0.00252152692387159	0.00264513154890453	0.00487943531195225
vm_status04	0.00247183627038434	0.00141603474925076	0.000568477900421621
Visa_mpagominimo_rank_lag2	0.00247150415071828	0.00140589883961394	0.00213179212658108
rf_007_020	0.0024666574789731	0.0017110354122168	0.000521104742053153
mcomisiones_otras_rank_tend6	0.00245830911323066	0.00200879734031329	0.0034582405608982
mpasivos_margen_rank	0.00244482082773304	0.00277663792673702	0.00198967265147567
vmr_mpagominimo_delta1	0.00234782151246969	0.00186018015273878	0.000994836325737837
mcomisiones_rank_tend6	0.00232125840298763	0.00244789345764697	0.00364773319437207
mtarjeta_visa_consumo_rank	0.00231274043138809	0.00138631749981052	0.000994836325737837
mactivos_margen_rank_delta2	0.00230382752712244	0.00376818903116376	0.00710597375527026
mcomisiones_mantenimiento_rank_tend6	0.00224873588585839	0.00188875221671619	0.00208441896821261
mprestamos_personales_rank_lag1	0.00221319689845406	0.00281058839366675	0.00113695580084324
mactivos_margen_rank_lag1	0.00216599400203231	0.00228554931887999	0.00222653844331802
rf_003_018	0.00213599109229798	0.0017577556370178	0.00298450897721351
Master_fechaalta_tend6	0.00207782639672101	0.000616863444721136	0.00118432895921171
ctrx_quarter_normalizado_delta2	0.00206111660350139	0.00252219447952851	0.00265289686863423
mrentabilidad_annual_rank_delta1	0.00205878509607179	0.0025407020447729	0.00587427163769009
ctrx_quarter_tend6	0.00203247100281516	0.00197833125550885	0.00184755317637027
rf_003_021	0.00203015011871504	0.00080605312241468	0.000852716850632432
Visa_fechaalta_lag1	0.00198110449798838	0.00149235942820702	0.00260552371026576
mcomisiones_rank_delta1	0.00194237084149501	0.00262235395104292	0.00388459898621441
Visa_cconsumos_tend6	0.00191400207253354	0.00190244626928387	0.00336349424416126
Master_Fvencimiento	0.00189730114677589	0.00179523448145596	0.00416883793642522
cprestamos_personales_delta2	0.00185664703162858	0.00172417749896861	0.000236865791842342
cliente_vip_delta1	0.00182166151426783	0.00107955858113532	0.000521104742053153
ctarjeta_visa_debitos_automaticos_tend6	0.00179443144373529	0.00183046303384864	0.000521104742053153
mrentabilidad_annual_rank_lag1	0.00178570731168126	0.00193473626951253	0.00355298687763513
mcuenta_corriente_rank_tend6	0.00177170945915681	0.00422793765185791	0.00217916528494955
ccaja_seguridad_lag2	0.00176483457464732	0.000978673642724316	0.000142119475105405
mrentabilidad_rank_delta2	0.00172565537960219	0.00243100614967335	0.00483206215358378
Visa_msaldopesos_rank_delta2	0.00170799151230067	0.00109397666454851	0.00260552371026576
Visa_status_delta2	0.00161765276962467	0.00147677749066692	0.000473731583684684
rf_007_026	0.00161050058085989	0.00102758854522888	0.00217916528494955
vm_fechaalta_lag2	0.00160338488601456	0.00263401768848087	0.00397934530295135
mprestamos_personales_rank_lag2	0.00159309622579596	0.00272001377982398	0.000994836325737837
Visa_mpagospesos_rank_tend6	0.00155822309563715	0.00262474340949324	0.00487943531195225
rf_004_016	0.00153904772027659	0.00067104512984392	0.000284238950210811
thomebanking_lag2	0.00153611582616209	0.00180969251319925	0.00521104742053153
Visa_mpagominimo_rank_lag1	0.00153363215092572	0.00290587573551028	0.00341086740252973
ccallcenter_transacciones_delta1	0.00152941847100644	0.00184059176323006	0.000284238950210811
ctrx_quarter_delta1	0.0015233573877943	0.00225166608525092	0.000947463167369369
Master_fechaalta	0.00149437737178679	0.00290798242244755	0.00506892794542612
internet_lag1	0.00146329293802372	0.00138106155285047	0.000189492633473874
cliente_edad	0.00145577042383691	0.00272742236735593	0.00274764318537117
rf_007_015	0.00145569059364011	0.000894526924074602	0.00142119475105405
mcuenta_corriente_rank_lag2	0.00145276224470219	0.00271295963580909	0.00165806054289639
mcomisiones_otras_rank_lag1	0.001441942681655	0.00188265017456865	0.00388459898621441
mcomisiones_rank_delta2	0.00143854295575425	0.00241792946852082	0.00468994267847837
mcuenta_corriente_rank_lag1	0.00143317257613975	0.0019807741089494	0.00161068738452793
Visa_msaldototal_rank_delta2	0.00143131470490934	0.00198867265100049	0.00303188213558198
mactivos_margen_rank_delta1	0.00142756679113818	0.001932738069707	0.00497418162868918
ccaja_ahorro_tend6	0.00142345183948244	0.00214790891412586	0.000284238950210811
mprestamos_personales_rank_tend6	0.00140600406180423	0.00178287843684639	0.000568477900421621
Visa_mconsumototal_rank_tend6	0.00138627886395887	0.00214256327924823	0.00478468899521531
Master_fechaalta_lag1	0.0013783607626703	0.00261125902038352	0.00454782320337297
ctrx_quarter_delta2	0.00136804243272488	0.00144866666018703	0.00194229949310721
mcuentas_saldo_rank_delta1	0.00136724965523994	0.00278055899894132	0.00279501634373964
Visa_mconsumospesos_rank	0.00136064997569008	0.00166007896727405	0.00364773319437207
mcomisiones_otras_rank_lag2	0.00133169347601962	0.00153227955948454	0.00350561371926666
mpasivos_margen_rank_delta1	0.00129733375523453	0.00274426084959276	0.00397934530295135
rf_020_016	0.0012966373120598	0.000794451657373643	0.000852716850632432
internet	0.00128715866333373	0.00271733828610815	0.000426358425316216
Visa_fechaalta_lag2	0.00127725418226882	0.00209497097979017	0.00364773319437207
Master_mfinanciacion_limite_rank	0.00127029433834075	0.00264282316206529	0.00426358425316216
Visa_msaldopesos_rank	0.00126871616778652	0.00194355022885334	0.00161068738452793
mprestamos_personales_rank_delta1	0.00125863346513428	0.00556900479042489	0.00132644843431712
Master_fechaalta_lag2	0.00125454793881747	0.00350072308109355	0.00502155478705765
rf_017_017	0.00125296594332748	0.000822396689228618	0.000473731583684684
Visa_fechaalta	0.00123102274225153	0.00252721948336457	0.00374247951110901
Master_Fvencimiento_lag1	0.00121412165850817	0.00213097382481625	0.00440570372826756
vm_fechaalta	0.00119926091996752	0.001837560259396	0.00326874792742432
mcaja_ahorro_rank_delta2	0.00119356029565746	0.00307649883931498	0.00241603107679189
mcomisiones_otras_rank_delta2	0.00118535410585323	0.00183108641056832	0.00383722582784594
Visa_mpagospesos_rank	0.00118084798228016	0.00130030117320217	0.00312662845231892
Master_Fvencimiento_tend6	0.00116756254439751	0.000999605523295284	0.00151594106779099
Visa_cconsumos	0.00116318723126284	0.00116222773377177	0.00251077739352883
Master_mlimitecompra_rank_delta2	0.00116153215238578	0.00171675533422643	0.00492680847032072
chomebanking_transacciones	0.00115910562579815	0.00281462030290456	0.00279501634373964
Visa_mconsumototal_rank_delta2	0.00115758567492722	0.00171020237203915	0.00440570372826756
rf_012_027	0.0011543348678688	0.00109249635698319	0.0036003600360036
mrentabilidad_annual_rank	0.00115255501926345	0.00176025332149966	0.00274764318537117
cproductos_delta2	0.00114545135650594	0.00157293612386693	0.000284238950210811
Master_mfinanciacion_limite_rank_delta1	0.00113968603594494	0.00223464287462491	0.00497418162868918
Visa_delinquency_lag1	0.00113017372204988	0.00161555067862454	0.000663224217158558
mrentabilidad_rank_delta1	0.00112968049363893	0.00198665395482952	0.00416883793642522
Visa_Fvencimiento	0.00112891195105434	0.00185409168780148	0.00312662845231892
rf_009_016	0.00112503462185127	0.000291698006577675	9.47463167369369e-05
chomebanking_transacciones_delta1	0.00111750232581871	0.00272525079701977	0.00274764318537117
mcuenta_debitos_automaticos_rank	0.00111544232459397	0.00185844566413195	0.000473731583684684
Visa_mfinanciacion_limite_rank_delta2	0.00111367916364726	0.00225080001589839	0.00407409161968828
vm_msaldopesos_rank	0.00111212175646632	0.000652694355267667	0.000757970533895495
Visa_mpagominimo_rank_tend6	0.00110619703587869	0.00212049992097476	0.00217916528494955
mcuentas_saldo_rank_lag2	0.00110037170705418	0.00310985830594942	0.00284238950210811
mactivos_margen_rank_lag2	0.00109901081836956	0.00206473335765786	0.00331612108579279
Master_mfinanciacion_limite_rank_tend6	0.0010872534572074	0.00303100095508494	0.0043583305698991
mcomisiones_rank_lag1	0.00108620909441672	0.00131467225857995	0.00336349424416126
Master_fultimo_cierre_tend6	0.00107844426631371	0.00193865916941821	0.00260552371026576
vm_Fvencimiento	0.00107567831307475	0.0020154200162531	0.00336349424416126
Visa_mconsumospesos_rank_tend6	0.00107277656281276	0.00179042697408378	0.00350561371926666
rf_006_019	0.00107186796150958	0.0017241857236248	0.00350561371926666
numero_de_cliente	0.00107038508008316	0.00304803996227285	0.00265289686863423
mtarjeta_visa_consumo_rank_tend6	0.00106945115039905	0.000406799197949805	0.000805343692263963
mcomisiones_otras_rank_delta1	0.00104670425165012	0.00184555893337254	0.00341086740252973
Master_delinquency	0.00104649722075397	0.000750601576485128	0.000568477900421621
rf_014_019	0.00104329057474837	0.000731534473519163	0.000331612108579279
Visa_status_tend6	0.00103899529225185	0.000924800708584158	0.000663224217158558
rf_003_022	0.00103708089922997	0.000592387259529738	0.000426358425316216
Visa_mconsumospesos_rank_lag2	0.00103675699740422	0.00120746699825695	0.00326874792742432
rf_012_016	0.00103672660853441	0.000316067140688417	0.000805343692263963
Visa_mlimitecompra_rank_tend6	0.00103462679337503	0.00292498226460595	0.00341086740252973
Master_mfinanciacion_limite_rank_delta2	0.00103347950853895	0.00233301733464441	0.00464256952010991
Master_mfinanciacion_limite_rank_lag1	0.00102965064547218	0.00194182057060015	0.00374247951110901
mpasivos_margen_rank_lag2	0.00102598176652865	0.00291261251223605	0.00312662845231892
vm_mpagominimo_rank_lag1	0.001024437755212	0.00153220736528015	0.000947463167369369
cprestamos_personales_tend6	0.00102304849792351	0.00351547654770944	0.000568477900421621
rf_010_015	0.00100620345504955	0.00116160252935071	0.0018001800180018
vm_msaldototal_rank_tend6	0.00100103001922494	0.000453434042986479	0.000947463167369369
mrentabilidad_rank_tend6	0.00100067064606463	0.00283419315695158	0.0027002700270027
Visa_fechaalta_delta1	0.000995407032108859	0.000231459449641386	0.000521104742053153
mpasivos_margen_rank_lag1	0.000994086208209351	0.00192774426734446	0.00260552371026576
rf_011_021	0.000986236143147071	0.00131533728078101	0.00279501634373964
thomebanking_lag1	0.000982932974091651	0.00127760308035046	0.00350561371926666
vm_Fvencimiento_tend6	0.000966037488147019	0.000784386897540425	0.00108958264247477
rf_016_015	0.000963911619913733	0.000640568209381313	0.000852716850632432
vm_Finiciomora_tend6	0.000963101324718944	0.00243789788936588	0.000805343692263963
chomebanking_transacciones_delta2	0.000953990307230777	0.00231032981635067	0.00279501634373964
rf_013_016	0.000953824269117075	0.000727215615165151	0.00170543370126486
Visa_Finiciomora	0.000946990467436914	0.00317806942684257	0.000568477900421621
rf_002_015	0.000945286983572897	0.00128167337131719	0.00298450897721351
mcomisiones_rank	0.000941716533472754	0.00170957755926839	0.00274764318537117
rf_001_022	0.000937398222480399	0.0011557695509559	0.00274764318537117
rf_016_020	0.000922274491164954	0.000942536069996733	0.00312662845231892
Master_mlimitecompra_rank_tend6	0.000921956543297922	0.00184312965714222	0.0034582405608982
rf_017_016	0.000920524304271575	0.000997646357969166	0.00184755317637027
vm_fultimo_cierre_tend6	0.000919818764080264	0.0023506560889842	0.00241603107679189
rf_019_023	0.000918152612426486	0.000874738009614793	0.00118432895921171
Master_mlimitecompra_rank_delta1	0.000911792653297337	0.00181084696771907	0.00464256952010991
tcallcenter_delta2	0.000905580478907687	0.00110481336711335	0.000757970533895495
vm_status03	0.000903678504437404	0.000255051157916382	0.00061585105879009
cdescubierto_preacordado_lag2	0.000902648225229165	0.00183172049239607	0.00123170211758018
Visa_mconsumototal_rank_lag2	0.000900286859600403	0.00138616292849406	0.00341086740252973
rf_014_015	0.00089636695195053	0.000876742998025436	0.000757970533895495
Visa_mfinanciacion_limite_rank_delta1	0.00089379591995902	0.0018805745585548	0.00312662845231892
cdescubierto_preacordado_lag1	0.000891454354016821	0.00193115514976436	0.00108958264247477
Master_mfinanciacion_limite_rank_lag2	0.000867623567142064	0.00130476807536772	0.00336349424416126
Master_Fvencimiento_lag2	0.000865382010140085	0.0015664582279862	0.00326874792742432
Visa_mconsumototal_rank_delta1	0.000863466229458271	0.00121870422852356	0.00274764318537117
mrentabilidad_annual_rank_tend6	0.000863372199384497	0.00281700245054937	0.00279501634373964
Visa_mpagospesos_rank_delta2	0.000858354825195622	0.00135242930527772	0.00364773319437207
Visa_mfinanciacion_limite_rank_tend6	0.000855334553824049	0.00170702478264502	0.00331612108579279
Master_status_delta1	0.000853461677768682	0.000836660984625944	0.000236865791842342
mrentabilidad_rank_lag2	0.000851138267575416	0.00167516298673899	0.00298450897721351
Visa_mconsumospesos_rank_delta2	0.000845681967373067	0.000816746742071707	0.0027002700270027
Visa_mlimitecompra_rank_delta2	0.000843521667475888	0.00165994985322677	0.00355298687763513
Visa_mlimitecompra_rank	0.000834845557275684	0.0015100865649634	0.00307925529395045
Master_mlimitecompra_rank_lag2	0.000829474605841365	0.00107497575048242	0.00326874792742432
Visa_msaldototal_rank_delta1	0.000824629912559554	0.000828555390118845	0.00156331422615946
cliente_vip_lag1	0.00082176892287024	0.00116545937090662	0.000284238950210811
mrentabilidad_rank	0.000817254615377794	0.00228927639363813	0.0025581505518973
Visa_mconsumototal_rank	0.000812740993176966	0.000988580306388417	0.00303188213558198
Visa_mconsumototal_rank_lag1	0.000809930354942241	0.0013787158286831	0.00322137476905585
Visa_mpagominimo_rank_delta1	0.00080835416310268	0.00200989330838904	0.00251077739352883
ccajas_consultas_delta1	0.00079509806941987	0.000707365211609014	9.47463167369369e-05
mcomisiones_mantenimiento_rank	0.000790241269296513	0.00321090120997944	0.0018001800180018
vm_Finiciomora_delta1	0.000776546348880428	0.000845107706540063	0.000142119475105405
rf_014_016	0.000775338199626241	0.000403101888614095	0.000378985266947747
ccajas_consultas_tend6	0.000773578561131342	0.00362305322306228	0.000757970533895495
vm_Fvencimiento_lag2	0.000771649084627272	0.00101363848391831	0.00265289686863423
Master_status	0.00076798413000291	0.0015608713365268	0.000947463167369369
Visa_msaldototal_rank_tend6	0.000757653653319666	0.00208622608145139	0.00227391160168648
Master_mlimitecompra_rank_lag1	0.000754671555488786	0.00120428614511036	0.0027002700270027
mautoservicio_rank_delta2	0.000753356483881026	0.00144206278346139	0.000994836325737837
Visa_mconsumospesos_rank_lag1	0.000751675863300771	0.00112528061988424	0.00307925529395045
mpasivos_margen_rank_tend6	0.000751417263358175	0.00215331120774618	0.00203704580984414
mpayroll_sobre_edad_rank_delta2	0.000749465008826505	0.00141678580396664	0.00061585105879009
Master_mlimitecompra_rank	0.00074758678645809	0.00139316289421813	0.00322137476905585
ctrx_quarter_lag2	0.000745458534721912	0.00181438200328251	0.00165806054289639
Visa_madelantodolares_rank_tend6	0.000741066644542605	0.000341240071754773	0.00061585105879009
Visa_mconsumosdolares_rank_lag2	0.000739001428358701	0.00137494162533946	0.00260552371026576
cliente_edad_lag2	0.000732387376164795	0.00184897386284549	0.00184755317637027
chomebanking_transacciones_lag2	0.000732120006019185	0.00168298659303363	0.00279501634373964
mcuenta_corriente_rank_delta2	0.000731211921298311	0.00138269656228235	0.00118432895921171
mtransferencias_recibidas_rank	0.000728629364209451	0.00360080918345267	0.00146856790942252
vmr_Master_mlimitecompra_lag2	0.000726268247326769	0.0020795467467689	0.00265289686863423
internet_tend6	0.000725087908146739	0.00140564100316967	0.000521104742053153
mtransferencias_emitidas_rank	0.000723041339888407	0.00298640256103261	0.00142119475105405
Visa_mconsumospesos_rank_delta1	0.000718058383380958	0.000879361049697988	0.00274764318537117
cproductos_tend6	0.000716955791358115	0.00140628069865165	0.000331612108579279
vmr_mpagominimo_tend6	0.000716187982747233	0.000768024531512323	0.00142119475105405
rf_004_019	0.000707783038301399	0.000932766745036108	0.00293713581884504
chomebanking_transacciones_lag1	0.000706976205183365	0.00158911415315614	0.00227391160168648
cliente_edad_lag1	0.000702750713009132	0.001133851625492	0.00151594106779099
ctarjeta_master_delta2	0.000690786371513217	0.00124665043532942	0.000284238950210811
Visa_mpagospesos_rank_lag1	0.000690294962172129	0.00117484579242875	0.00331612108579279
Visa_status	0.000689606040127205	0.00144060584436367	0.000805343692263963
ctarjeta_visa_transacciones_tend6	0.000688504561755203	0.00334718102160844	0.00161068738452793
Visa_status_delta1	0.000686287470196082	0.000677298087905165	0.000331612108579279
Visa_Fvencimiento_lag2	0.000683921953933252	0.00104353602304439	0.00236865791842342
Visa_mfinanciacion_limite_rank_lag1	0.000683654532284772	0.00123497782048478	0.00232128476005495
mactivos_margen_rank_tend6	0.00068343262961275	0.0012488281415202	0.00194229949310721
mrentabilidad_rank_lag1	0.000683218418534804	0.0016623145071584	0.00213179212658108
ctarjeta_debito_transacciones_lag2	0.000679408840816887	0.00134117941165157	0.00132644843431712
Visa_mpagominimo_rank_delta2	0.000675696877748079	0.00142115570740911	0.00236865791842342
rf_017_018	0.000673818420677105	0.000863135500172969	0.00151594106779099
rf_017_022	0.000669391320097207	0.000774779846352064	0.000331612108579279
vm_Finiciomora_lag1	0.000666166215196945	0.00220397300111693	0.000521104742053153
ctrx_quarter_normalizado_lag2	0.00066444528175319	0.00181843232008419	0.00142119475105405
Visa_mpagospesos_rank_lag2	0.000659280710098866	0.00126982203338789	0.00279501634373964
vm_Fvencimiento_lag1	0.000650021809967943	0.00220119110907093	0.00265289686863423
mpagomiscuentas_rank	0.000647422109822479	0.00124450066685969	0.000521104742053153
Visa_Fvencimiento_lag1	0.00064684210877581	0.00143534598090066	0.00241603107679189
rf_010_019	0.000645439160411625	0.000958365399973223	0.00246340423516036
Visa_mfinanciacion_limite_rank_lag2	0.000639518428942628	0.000846187747503812	0.00217916528494955
mcomisiones_mantenimiento_rank_lag2	0.000638663310475809	0.00125346345331264	0.00156331422615946
mcuenta_corriente_rank_delta1	0.000635247354478534	0.00114185003836835	0.0009000900090009
vmr_Visa_mlimitecompra_lag1	0.00063171387587369	0.00109240810511669	0.00189492633473874
cliente_antiguedad	0.000630735712789605	0.00183164855929187	0.00208441896821261
rf_019_017	0.000628320806895559	0.00062759479335659	0.000473731583684684
rf_014_017	0.000624517301569705	0.000600986986159137	0.000568477900421621
mcuentas_saldo_rank_lag1	0.000617293124429302	0.00143926157000084	0.00127907527594865
Visa_msaldopesos_rank_tend6	0.000615038760640105	0.00197481358310848	0.00175280685963333
Master_mpagospesos_rank_tend6	0.00061412812034391	0.00176450951580646	0.00198967265147567
Visa_cconsumos_lag1	0.000612384893182434	0.00132353974346109	0.00208441896821261
Visa_mlimitecompra_rank_lag2	0.000609126966203775	0.00142898675505935	0.00241603107679189
vm_mlimitecompra_rank_delta1	0.000606046453172933	0.00180470301898995	0.00213179212658108
internet_lag2	0.000605375762015171	0.000901734464455069	0.000189492633473874
mtransferencias_recibidas_rank_tend6	0.000601867975111996	0.00138910187230839	0.00165806054289639
rf_005_019	0.000600112536241763	0.000803386114455243	0.00279501634373964
vm_fechaalta_lag1	0.000599127709584165	0.000965585995363526	0.00208441896821261
rf_013_024	0.000599106537539927	0.00128061513221987	0.00241603107679189
vm_status02_tend6	0.000598044213819587	0.000692740597940208	0.000521104742053153
Visa_cconsumos_lag2	0.0005971427114066	0.00116388572002097	0.00208441896821261
Visa_cconsumos_delta2	0.000592963739267283	0.00097595154262337	0.00161068738452793
Master_mconsumototal_rank	0.00059139483481364	0.000585731684965145	0.000947463167369369
vm_mfinanciacion_limite_rank_tend6	0.000590890477308346	0.00145162440321552	0.00170543370126486
Visa_mpagospesos_rank_delta1	0.000590508639768602	0.0009540713461379	0.00251077739352883
thomebanking_delta2	0.000588465631069405	0.00051472365876468	0.00061585105879009
Master_msaldototal_rank	0.000586019330414155	0.00143302558345238	0.00165806054289639
Master_mconsumospesos_rank_tend6	0.000585976055719945	0.00207214312014069	0.00194229949310721
Master_delinquency_tend6	0.000583596661304204	6.98556604822235e-05	0.000142119475105405
vmr_msaldopesos2_tend6	0.000583489756559915	0.00123313249484443	0.00175280685963333
cliente_antiguedad_lag2	0.000576956974938873	0.00147776927976418	0.0018001800180018
Visa_mlimitecompra_rank_lag1	0.000573106667615715	0.000840499549168082	0.00227391160168648
ctarjeta_visa_transacciones_delta2	0.000571991335616778	0.00169711707458013	0.000852716850632432
Master_mpagominimo_rank	0.000571448630213414	0.00137680940559672	0.00161068738452793
Master_mpagospesos_rank_lag1	0.000569382239626898	0.00122056117312266	0.00170543370126486
vm_status02_delta2	0.000564129066598515	7.91974338707126e-05	0.000189492633473874
Visa_mconsumosdolares_rank	0.000564104012780051	0.00123553970810813	0.00232128476005495
rf_015_025	0.000560152442584706	0.000783451767185858	0.00260552371026576
thomebanking_tend6	0.000556028003172329	0.00265703445412268	0.000757970533895495
vm_mlimitecompra_rank_delta2	0.000555657697141815	0.00153926647019878	0.0018001800180018
ccomisiones_otras_tend6	0.000552757472585457	0.00101820395140813	0.00118432895921171
Visa_msaldopesos_rank_lag2	0.000550506557601751	0.00113704253099617	0.00184755317637027
mcomisiones_mantenimiento_rank_delta2	0.000550414160075949	0.00150590347871168	0.000805343692263963
vm_mfinanciacion_limite_rank_lag1	0.000549739218414173	0.000748776616660126	0.00137382159268558
vm_mlimitecompra_rank_tend6	0.000547119842301787	0.00189012560375096	0.00146856790942252
ccajas_transacciones_delta1	0.000546345676432687	0.00144495368483952	0.000473731583684684
Visa_mconsumosdolares_rank_tend6	0.000544055283756712	0.000845134338760129	0.00208441896821261
mttarjeta_visa_debitos_automaticos_rank_delta1	0.00054194879353024	0.00105301892108921	0.0009000900090009
mplazo_fijo_dolares_rank_tend6	0.000539921684461213	0.00101872301859922	0.000142119475105405
mpayroll_rank_tend6	0.000539509539789477	0.00107047568859188	0.000473731583684684
vm_status02	0.000538565608156555	0.00083815565270209	0.000331612108579279
rf_009_015	0.000538077677115469	0.000922254590015804	0.00137382159268558
mttarjeta_visa_debitos_automaticos_rank_tend6	0.000536381446509965	0.001511361517224	0.00118432895921171
Visa_mlimitecompra_rank_delta1	0.000535650583076581	0.000945889118723062	0.0025581505518973
ctrx_quarter	0.00053239623376128	0.00111443164561017	0.000710597375527026
vmr_Master_mlimitecompra	0.00053089591774559	0.00155863814654422	0.00208441896821261
Visa_msaldopesos_rank_lag1	0.000523221760380343	0.00081600691466429	0.0018001800180018
mplazo_fijo_dolares_rank	0.000517616042350138	0.00185994607641242	0.000284238950210811
mpayroll_rank_delta2	0.000515953281626722	0.0010913715373357	0.000521104742053153
cdescubierto_preacordado_delta1	0.000515853269122038	0.00238144136877914	0.000426358425316216
mtransferencias_recibidas_rank_lag1	0.000515078989522628	0.00182124463030311	0.00142119475105405
ccaja_seguridad	0.000514456011804209	0.00181486960789989	0.000236865791842342
Visa_Finiciomora_lag1	0.000514262090321407	0.000626810056715336	0.000236865791842342
vm_mfinanciacion_limite_rank_delta2	0.000513498362699847	0.00110926042566395	0.00170543370126486
Visa_madelantodolares_rank_delta2	0.000510789170985956	0.000147174347887409	0.000521104742053153
Master_fultimo_cierre_lag2	0.000497859377181266	0.00086085439830429	0.00184755317637027
ctrx_quarter_normalizado_tend6	0.000493669486708888	0.00180761872488677	0.00137382159268558
rf_013_021	0.000493493777705077	0.00127540553054473	0.00118432895921171
Master_fultimo_cierre	0.000492277457992355	0.00117839753840479	0.00161068738452793
rf_015_015	0.000491832389643303	0.000443399962426376	0.00142119475105405
Master_msaldopesos_rank_tend6	0.000488288275633443	0.000740827943371258	0.00151594106779099
Visa_msaldototal_rank_lag2	0.000488276397716491	0.00067714221108772	0.00104220948410631
mcaja_ahorro_adicional_rank_delta2	0.000485261959008577	1.06005374368954e-05	4.73731583684684e-05
Visa_fultimo_cierre_tend6	0.000482718215546725	0.00156232435912157	0.00184755317637027
vmr_Visa_mlimitecompra	0.000476428736518242	0.00100242644982069	0.0018001800180018
rf_002_017	0.000472092082210991	0.0006370146357039	0.00175280685963333
rf_020_025	0.000471263428009675	0.00052430929973691	0.00184755317637027
rf_014_023	0.000469973860200206	0.000936718757613722	0.00127907527594865
vm_fultimo_cierre_lag2	0.000465521088162302	0.0014353433698987	0.00156331422615946
mcaja_ahorro_rank_tend6	0.000465215854636342	0.00168092599028108	0.00165806054289639
mautoservicio_rank_lag2	0.000464610111964721	0.00067598501501584	0.00146856790942252
mcomisiones_mantenimiento_rank_lag1	0.000464500578287815	0.00187369130461866	0.00137382159268558
rf_016_019	0.000462964546382732	0.000757376343289526	0.00165806054289639
Visa_fultimo_cierre_lag2	0.000459633612437351	0.000807886437445977	0.00123170211758018
rf_010_017	0.000457502614306211	0.000785726080449422	0.00161068738452793
rf_002_024	0.000457228251305421	0.0010097504408889	0.00184755317637027
Visa_mconsumosdolares_rank_lag1	0.000456500358665866	0.00122128807607034	0.00165806054289639
mcaja_ahorro_dolares_rank_tend6	0.000453876128958756	0.000726759473121474	0.000663224217158558
ccomisiones_mantenimiento_delta2	0.000453302647535286	0.00180868793019236	0.000331612108579279
vm_mfinanciacion_limite_rank	0.000452535011785328	0.000736120306824324	0.00142119475105405
Visa_mfinanciacion_limite_rank	0.000451377836717366	0.000900400111899711	0.0018001800180018
vmr_msaldopesos_lag1	0.000448623836197142	0.000506625113962892	0.00118432895921171
mtarjeta_visa_consumo_rank_delta2	0.000447266494484322	0.00109277834519565	0.00146856790942252
vm_mconsumospesos_rank	0.000446224616668154	0.000447243357322153	0.00061585105879009
rf_008_013	0.000445065173748833	0.000522210968005937	0.00113695580084324
Visa_cconsumos_delta1	0.000442479089108272	0.000433853225383459	0.00123170211758018
rf_016_016	0.000441019440324114	0.000938429094452363	0.000236865791842342
vm_mpagominimo_rank_delta2	0.000440936297482671	0.00119176521572656	0.00113695580084324
vm_mconsumospesos_rank_lag2	0.000439852449303782	0.0010692307628539	0.00118432895921171
vm_mfinanciacion_limite_rank_delta1	0.000438074595336989	0.00073246320691891	0.0018001800180018
Master_msaldopesos_rank	0.000436474571297737	0.000847642989450253	0.00104220948410631
mcuenta_debitos_automaticos_rank_lag2	0.000435143098364073	0.00152085825357924	0.000521104742053153
mcaja_ahorro_dolares_rank	0.000435089839657685	0.00227294287918177	0.0009000900090009
vmr_Master_mlimitecompra_lag1	0.000431763877505907	0.00136486968525083	0.0018001800180018
rf_009_025	0.000431224009717391	0.000931123249847829	0.00189492633473874
vm_mpagospesos_rank_tend6	0.000430485586497164	0.00114275344504901	0.00127907527594865
mtarjeta_visa_consumo_rank_lag2	0.000422950445892296	0.00125304556244778	0.00137382159268558
vmr_mpagominimo_lag1	0.000422888290745785	0.000898099427516278	0.00132644843431712
cliente_antiguedad_lag1	0.000422326371467231	0.000878627749795489	0.00146856790942252
Master_msaldopesos_rank_lag2	0.000421010770848303	0.000481189907748927	0.00132644843431712
vm_fultimo_cierre_lag1	0.000420992217012113	0.00122885671802288	0.00142119475105405
rf_005_013	0.000419460118779023	0.000537887684917442	0.00118432895921171
vmr_mpagominimo_lag2	0.00041702465579914	0.000814254932344272	0.00137382159268558
ccaja_seguridad_lag1	0.000416423426757577	0.000354434117445728	4.73731583684684e-05
vmr_msaldopesos_tend6	0.000415241578738824	0.000951493764995841	0.00113695580084324
vm_mfinanciacion_limite_rank_lag2	0.00041375337514132	0.00111300042488182	0.00170543370126486
rf_011_017	0.000412783456304335	0.000754193009691067	0.000757970533895495
vm_mpagominimo_rank_lag2	0.000412630457909868	0.000540266046609401	0.000994836325737837
tcuentas_lag2	0.000411511455961722	0.000709812242652711	0.000189492633473874
vmr_msaldototal_delta2	0.000411241728219236	0.000705295339799484	0.00104220948410631
Master_msaldopesos_rank_delta2	0.000410178297311895	0.00150765950808475	0.00127907527594865
ctransferencias_recibidas_tend6	0.000409575265295767	0.00276312037790233	0.00108958264247477
Visa_delinquency_delta2	0.0004080400640875	0.000389962543414354	0.000189492633473874
Visa_cadelantosefectivo_delta1	0.000407757870260298	5.1177074608983e-05	0.000236865791842342
mtransferencias_emitidas_rank_tend6	0.000402651778787329	0.0013695266683596	0.00108958264247477
cmobile_app_trx_lag2	0.000401718170175186	0.00156291927591981	0.000994836325737837
vmr_mconsumospesos_lag2	0.000401442486576794	0.000768895300668398	0.00113695580084324
Master_mconsumototal_rank_delta2	0.000395043329879523	0.000254429347797884	0.000521104742053153
Master_mpagospesos_rank_lag2	0.000393571462486305	0.00116197864418409	0.00146856790942252
rf_011_016	0.000392643859466295	0.000731073762222043	0.000852716850632432
rf_009_021	0.000392142479067984	0.000857021708516579	0.00061585105879009
vm_fechaalta_tend6	0.000389649959637393	0.000884669347247485	0.000852716850632432
mcaja_ahorro_dolares_rank_lag2	0.000389109362526253	0.000894954867297033	0.000994836325737837
mttarjeta_visa_debitos_automaticos_rank_delta2	0.000387361467724927	0.00123469165466917	0.000994836325737837
rf_018_019	0.000385554410175936	0.000652775818529045	0.00061585105879009
Master_mconsumototal_rank_tend6	0.000383834471706109	0.00144523267039972	0.00142119475105405
chomebanking_transacciones_tend6	0.000383703657792305	0.001045089699765	0.00132644843431712
rf_005_022	0.000382298577208262	0.000466207064610216	0.00165806054289639
mtarjeta_visa_consumo_rank_delta1	0.000381305760098869	0.00230235372754115	0.00113695580084324
mcuenta_debitos_automaticos_rank_delta2	0.000379337725611577	0.00167065796394471	0.000663224217158558
rf_001_013	0.000379001760127691	0.000497070674464172	0.000805343692263963
Master_msaldototal_rank_tend6	0.000377447533867307	0.000755785590340985	0.000994836325737837
vm_mpagominimo_rank	0.000376421083912005	0.000940927692784913	0.00104220948410631
vm_mlimitecompra_rank	0.000370042198561484	0.000701968009442532	0.00161068738452793
active_quarter_lag2	0.000369187192307737	0.000512247253948852	0.000852716850632432
mtransferencias_emitidas_rank_lag1	0.000366596451791096	0.00120285766593409	0.00123170211758018
ccomisiones_otras	0.000364997780923245	0.000646920124417116	0.000473731583684684
vm_mconsumospesos_rank_delta2	0.000364764721582292	0.000528684164083118	0.000473731583684684
vm_fultimo_cierre	0.000364731412568732	0.000802905951193467	0.00108958264247477
Visa_Fvencimiento_tend6	0.000363664312507972	0.000588318535164188	0.00123170211758018
vm_status06_delta2	0.000362364450068732	0.000350759523827133	0.000189492633473874
Master_msaldototal_rank_lag1	0.000361800267261902	0.000753422764110731	0.00123170211758018
mcaja_ahorro_dolares_rank_delta2	0.00036097504912091	0.00213627193945807	0.000663224217158558
vm_mpagospesos_rank_delta2	0.00035789856720417	0.00113330866763292	0.00108958264247477
mplazo_fijo_dolares_rank_delta2	0.000356861478061155	0.00102913804434634	0.000189492633473874
Master_msaldototal_rank_lag2	0.000356204897359607	0.000577617213051357	0.00113695580084324
Visa_mpagado_rank_delta1	0.00035456317508057	0.000208515400404365	0.000236865791842342
vm_msaldototal_rank_lag1	0.000354330616884573	0.000678160240754747	0.000805343692263963
Visa_msaldodolares_rank	0.000353342925686394	0.000249208779914486	0.000189492633473874
Master_mpagominimo_rank_lag1	0.000353123565360646	0.0013794329403734	0.00104220948410631
Master_mpagominimo_rank_tend6	0.000352979406790556	0.00237852527123203	0.00127907527594865
Master_cconsumos_lag1	0.000352368688847902	0.000849584138862798	0.00113695580084324
rf_020_021	0.000351922945314773	0.000310111836851438	0.000473731583684684
vmr_Visa_mlimitecompra_lag2	0.000351615018113886	0.000660479971483681	0.00156331422615946
Master_mpagominimo_rank_lag2	0.000351232678597824	0.000343858645627718	0.00108958264247477
rf_002_026	0.00035059276321076	0.00151693208992111	0.000710597375527026
rf_010_013	0.000350505004149201	0.000764526441626714	0.00113695580084324
vmr_mconsumospesos_lag1	0.000347457737869407	0.000902801842059277	0.00113695580084324
Master_madelantodolares_rank	0.000346994879456348	0.000167802438379489	0.00061585105879009
mpagomiscuentas_rank_delta2	0.000346809179311429	0.001240714452907	0.000521104742053153
Master_cconsumos	0.000345429752461795	0.000386315365316415	0.000757970533895495
Master_mpagospesos_rank	0.00034264242736076	0.000794476331342233	0.000805343692263963
mcaja_ahorro_dolares_rank_lag1	0.000341162872779683	0.00125781142433858	0.000757970533895495
Master_msaldopesos_rank_lag1	0.000340643850715465	0.000790479540080881	0.00118432895921171
rf_011_022	0.000340151407041957	0.000362973921579979	4.73731583684684e-05
vmr_msaldototal	0.000339841602355695	0.000509187159643247	0.00113695580084324
rf_006_018	0.000339671325803119	0.000891195416114502	0.00108958264247477
ctarjeta_visa_transacciones	0.000337453547206519	0.00210803225603109	0.000710597375527026
rf_007_027	0.000336073395326168	0.000652391348489369	0.000142119475105405
vmr_Visa_mlimitecompra_tend6	0.000334721126492765	0.000749005470982555	0.00104220948410631
vm_mconsumospesos_rank_tend6	0.000334423644086394	0.000646791663120328	0.00108958264247477
rf_003_009	0.000331754580964638	0.00141078297989386	0.000331612108579279
mcaja_ahorro_rank_lag1	0.000331635973221942	0.00130622958371888	0.000852716850632432
rf_017_020	0.000330796521084358	0.000514797289020156	0.00127907527594865
tcallcenter_lag2	0.000329677896455009	0.00088419153388748	0.00104220948410631
Master_fultimo_cierre_lag1	0.00032705154563484	0.000605010279090457	0.00137382159268558
rf_015_023	0.000326364371893017	0.000721441253764502	0.000521104742053153
rf_019_024	0.000321763782882154	0.000793944600791605	0.00137382159268558
Master_madelantopesos_rank_tend6	0.000321517869101358	0.000365789756651549	0.00151594106779099
ccaja_ahorro_delta2	0.000319634390188794	0.00219740959492178	0.000331612108579279
rf_005_017	0.000319603269319769	0.000252398510467765	0.000236865791842342
vmr_mconsumototal_lag1	0.000318773688524042	0.000419728357491183	0.0009000900090009
mpagomiscuentas_rank_tend6	0.000316526908366187	0.00195203624634707	0.00061585105879009
Master_mconsumototal_rank_lag1	0.000315861445560312	0.000672779618450758	0.00108958264247477
ctarjeta_debito_transacciones_tend6	0.000315319917199134	0.00139771047634448	0.0009000900090009
ccomisiones_otras_lag1	0.000314551355041821	0.000497268066212895	0.000378985266947747
rf_020_015	0.00031306017028964	0.000508371743728878	0.000805343692263963
rf_011_024	0.000312866046785894	0.000387680136044691	0.00104220948410631
vmr_msaldopesos2	0.000311538890293961	0.000448926017539941	0.00113695580084324
rf_017_015	0.00031132979330208	0.000369095285142074	0.000947463167369369
ctransferencias_emitidas_tend6	0.000311032642713029	0.00173268101017551	0.000805343692263963
vm_status01_delta1	0.000310887236518128	0.000825441770272911	0.000284238950210811
Master_mconsumototal_rank_lag2	0.000310551929181894	0.000654140067056928	0.0009000900090009
Visa_msaldopesos_rank_delta1	0.000309708828321611	0.000766829737012114	0.00146856790942252
mautoservicio_rank_lag1	0.000308938026641597	0.000709137690294474	0.000852716850632432
mprestamos_prendarios_rank_lag2	0.000308253894357092	0.000710070340197172	9.47463167369369e-05
ccaja_ahorro_lag1	0.000307630125514684	0.000362973921579979	4.73731583684684e-05
ccallcenter_transacciones_tend6	0.000307490502605741	0.00113587423816593	0.000473731583684684
Master_fultimo_cierre_delta2	0.000306935071711963	0.000454880015875936	0.0009000900090009
rf_019_020	0.000306170756816352	0.000927567848469039	0.000663224217158558
vmr_msaldototal_lag2	0.000304491157044597	0.000784000599799372	0.00104220948410631
rf_004_025	0.000303366914965205	0.000693660845583562	0.000236865791842342
vmr_mpagominimo	0.000302986296035742	0.000394402291159448	0.00123170211758018
vmr_msaldototal_tend6	0.000301984716817424	0.000838632552211407	0.00108958264247477
mtransferencias_emitidas_rank_lag2	0.000301933134921234	0.00137816503781811	0.000994836325737837
vmr_mpagospesos_lag2	0.000301489418283504	0.000472025029743719	0.00118432895921171
Visa_mconsumosdolares_rank_delta1	0.000298170584976929	0.000362310465980103	0.000994836325737837
mcomisiones_mantenimiento_rank_delta1	0.000296006699748396	0.0024907777289078	0.000994836325737837
vm_status01_delta2	0.000295165205869108	0.000545439355357192	0.000331612108579279
vmr_mpagominimo_delta2	0.000294988428066431	0.000971976683778542	0.000757970533895495
mcaja_ahorro_rank_delta1	0.000290622137369974	0.000974243294586303	0.0009000900090009
vm_mconsumototal_rank_lag2	0.00029011377488262	0.000797329373191836	0.000852716850632432
Visa_mpagado_rank_tend6	0.000289549471923211	0.000893492314545083	0.000994836325737837
Master_Fvencimiento_delta2	0.000288444789565561	0.000638517397886145	0.000710597375527026
vm_msaldopesos_rank_lag1	0.000288232288723759	0.000904626540784082	0.000757970533895495
matm_rank_delta2	0.000288121254355477	0.00128982439725852	0.000947463167369369
vm_msaldopesos_rank_delta2	0.000287400147064469	0.000732636316349338	0.000994836325737837
Visa_mpagado_rank_delta2	0.000286284820134739	0.000995610820835506	0.000663224217158558
mtarjeta_master_consumo_rank_lag2	0.000284434324809509	0.000770362031023495	0.000994836325737837
vmr_msaldopesos2_delta2	0.000281942695715559	0.00123863230938822	0.00113695580084324
mttarjeta_visa_debitos_automaticos_rank_lag1	0.000281520977805288	0.000357627242301564	0.000805343692263963
vm_cconsumos_tend6	0.00028020648317016	0.000695736983797812	0.000663224217158558
rf_008_019	0.000278125356298181	0.000345775121071672	0.00108958264247477
Master_cconsumos_tend6	0.000277326896434622	0.000333228212218297	0.000805343692263963
vmr_Master_mlimitecompra_tend6	0.000276841836501877	0.00110102388940819	0.000710597375527026
rf_019_021	0.000275445896726396	0.000876579810402484	0.000757970533895495
matm_rank_lag2	0.000274550507151228	0.000275097908820456	0.000710597375527026
Visa_madelantopesos_rank_delta1	0.000273387781350015	8.67578511670523e-05	0.000284238950210811
Visa_fultimo_cierre_lag1	0.000272902334085758	0.00047929680077258	0.000947463167369369
tcallcenter_lag1	0.000272555316310429	0.00101614870120962	0.0009000900090009
rf_006_013	0.000271895482323472	0.000741573645533101	0.000757970533895495
Visa_mpagosdolares_rank_tend6	0.000271236061939062	0.00125734105233419	0.000947463167369369
mcuenta_debitos_automaticos_rank_tend6	0.000270570526472157	0.00163694092059086	0.000521104742053153
vm_msaldopesos_rank_lag2	0.000269567109065902	0.000741509545434806	0.000805343692263963
ctrx_quarter_lag1	0.000266127944603401	0.00193180933630726	0.000805343692263963
rf_014_024	0.000264438081149322	0.000631754511140698	0.000757970533895495
mextraccion_autoservicio_rank_lag2	0.000264265106910498	0.000646665682275408	0.00104220948410631
vm_mpagado_rank_tend6	0.00026349224669527	0.000972909072581044	0.000568477900421621
vm_msaldopesos_rank_delta1	0.000263170615054541	0.000605741751291579	0.000663224217158558
vmr_msaldopesos_delta1	0.000262588350791357	0.000437870513010254	0.000805343692263963
vmr_mpagospesos_tend6	0.000262176190573154	0.00059742492672533	0.0009000900090009
Master_mpagosdolares_rank_tend6	0.00026117278272756	0.000501423998044151	0.00123170211758018
rf_016_018	0.000260459949252857	0.000307397961406689	0.000189492633473874
Master_mconsumospesos_rank_lag1	0.000260375758562868	0.000385946561288542	0.000852716850632432
Master_mconsumospesos_rank_delta1	0.000259256493015842	0.000379514619042443	0.0009000900090009
rf_003_025	0.000258539156074481	0.000685282009720591	0.000331612108579279
vmr_mpagospesos_delta2	0.000257047952450384	0.00109754368488606	0.000805343692263963
ccomisiones_mantenimiento_lag2	0.000255359865866105	0.000522338123801742	0.000142119475105405
ccomisiones_otras_lag2	0.000255258035484695	0.00128025337789731	0.000805343692263963
rf_020_023	0.000252473404598971	0.000738643056925071	0.000757970533895495
rf_015_029	0.000252399702869599	0.000604781033117734	0.00108958264247477
Visa_mconsumosdolares_rank_delta2	0.000251844230277825	0.000732187746211366	0.00118432895921171
rf_002_020	0.00025163169057505	0.00038932519783415	0.000426358425316216
mtransferencias_recibidas_rank_delta2	0.000247734733686398	0.000949861888766316	0.000757970533895495
rf_006_014	0.000247673789039193	0.00054679276822691	0.000852716850632432
ctrx_quarter_normalizado_lag1	0.000246740176270241	0.000233612090213277	0.000521104742053153
rf_007_018	0.000245651881302791	0.000314281998643415	0.000473731583684684
rf_019_028	0.000245293774489822	0.000321878969967296	0.000142119475105405
Master_mpagospesos_rank_delta2	0.000245095503654075	0.000673371663146829	0.000805343692263963
rf_003_028	0.000244556342845331	0.000894473137434077	0.000710597375527026
rf_020_019	0.000244485200214177	0.000504030822408243	0.000521104742053153
vmr_msaldopesos2_delta1	0.000243782839322261	0.000873929382305539	0.000852716850632432
cpagomiscuentas_tend6	0.000243362875276123	0.00208030850659284	0.000426358425316216
matm_rank_lag1	0.000243294250507636	0.000709288475658082	0.000426358425316216
ctarjeta_visa_transacciones_lag2	0.00024325460468736	0.000538732344053844	0.000757970533895495
rf_012_023	0.000242410121563204	0.000420628239319192	0.000852716850632432
vmr_mconsumospesos	0.000242134897302657	0.000964272661374005	0.0009000900090009
Visa_mpagosdolares_rank_lag1	0.000240636744147728	0.000258924709884881	0.000805343692263963
Master_mpagominimo_rank_delta2	0.000240277891519993	0.0014841996554091	0.000757970533895495
vm_cconsumos_lag1	0.000239585904361933	0.00027491265823088	0.000236865791842342
vmr_msaldopesos2_lag2	0.000239269127542187	0.000955000601738041	0.000663224217158558
vm_status05_delta2	0.000238944482048279	0.000632646298862609	0.000189492633473874
vm_mconsumototal_rank_delta2	0.000238186273672136	0.000350307559386603	0.000852716850632432
rf_019_016	0.000237678949036201	0.000405856104039238	0.000852716850632432
vm_msaldototal_rank_delta2	0.000236124328544001	0.000843541758110211	0.000710597375527026
rf_005_015	0.000236063022919458	0.000358169155759864	0.000378985266947747
Master_cconsumos_lag2	0.000235667355492556	0.000384167946748458	0.000947463167369369
ccajas_extracciones_tend6	0.00023345077008215	0.00201774211085266	0.000426358425316216
rf_018_024	0.000230828859147315	0.000643970344944627	0.000378985266947747
vmr_msaldototal_lag1	0.00022945076422259	0.000881773354415521	0.00061585105879009
ccomisiones_mantenimiento	0.000228239527622831	0.000725947843159958	9.47463167369369e-05
mtransferencias_recibidas_rank_delta1	0.000226784358964847	0.000764591977776091	0.000710597375527026
ccajas_transacciones_tend6	0.000226195203376555	0.000800355002271474	0.000473731583684684
ccajas_transacciones_lag2	0.000226183684691083	0.000718672025078047	0.000757970533895495
Master_mconsumospesos_rank_delta2	0.00022520303911878	0.00040732962299945	0.000710597375527026
rf_016_013	0.000224549400773287	0.000312067999525294	0.000284238950210811
rf_001_015	0.000224407248591236	0.00066163090115084	0.000568477900421621
mttarjeta_visa_debitos_automaticos_rank	0.000223215420737897	0.000799241409932446	0.000663224217158558
mttarjeta_visa_debitos_automaticos_rank_lag2	0.000222718811691834	0.000719440442957006	0.00061585105879009
matm_rank_tend6	0.000222235589567718	0.000855255887886134	0.00061585105879009
thomebanking_delta1	0.000221662763922519	0.000557394611164789	0.000331612108579279
vm_msaldopesos_rank_tend6	0.000221538444307851	0.000546147328540609	0.0009000900090009
rf_015_019	0.000221027210026283	0.0003863085767113	0.00061585105879009
Master_msaldopesos_rank_delta1	0.000220494166544712	0.000743703048187484	0.000852716850632432
rf_010_020	0.000218735665685445	0.00032219503175543	0.000521104742053153
Master_mconsumospesos_rank	0.000217354263187379	0.000730015131474426	0.000805343692263963
mplazo_fijo_dolares_rank_delta1	0.000214958791874325	0.00132761721468323	0.000189492633473874
vm_mpagospesos_rank_delta1	0.000214749385444672	0.000751154847801987	0.000757970533895495
mcaja_ahorro_dolares_rank_delta1	0.000214407310947232	0.000854673764997538	0.000521104742053153
mautoservicio_rank_tend6	0.000214015567896657	0.000848466630020819	0.000663224217158558
mtransferencias_recibidas_rank_lag2	0.000213852724176764	0.000502389154921341	0.000852716850632432
mextraccion_autoservicio_rank_tend6	0.000213655411277773	0.000927153221356641	0.000521104742053153
vmr_msaldototal_delta1	0.000213503315113618	0.000371867908131086	0.000663224217158558
ccajas_transacciones_delta2	0.000212755493939395	0.000593993547939984	0.000521104742053153
vmr_mpagospesos_delta1	0.000212563365205406	0.000957258987889605	0.000805343692263963
vmr_mconsumototal_lag2	0.000210974540655419	0.000483163955786259	0.000852716850632432
Visa_status_lag2	0.000210456980457976	9.95876620835771e-05	9.47463167369369e-05
Master_fultimo_cierre_delta1	0.000210170073910325	0.00053387013619045	0.000852716850632432
ccajas_transacciones	0.000209743775031955	0.000819719237261312	0.000521104742053153
vmr_msaldopesos_lag2	0.000208609403659891	0.000246373101227965	0.000663224217158558
vmr_mconsumototal_tend6	0.000208217603037504	0.00047396722355705	0.000757970533895495
mtransferencias_emitidas_rank_delta2	0.000208091707617912	0.000721226890502992	0.000426358425316216
Master_msaldototal_rank_delta1	0.000207680046798806	0.000756058178946365	0.0009000900090009
rf_012_015	0.000206525924928225	0.000860205433765333	0.000284238950210811
ctrx_quarter_normalizado_delta1	0.000205626598854434	0.00171625323854813	0.000521104742053153
mpagomiscuentas_rank_lag2	0.0002055516344526	0.000929478579708665	0.000710597375527026
vmr_mconsumototal_delta1	0.000205212650792453	0.000644034183942726	0.000521104742053153
Master_madelantodolares_rank_tend6	0.000203871246435447	0.000246581589735049	0.000994836325737837
vm_mpagominimo_rank_tend6	0.000203609339345582	0.000874811770420367	0.000947463167369369
vmr_mconsumototal	0.000203275274770693	0.000491813944203528	0.000994836325737837
ccaja_ahorro	0.00020289178930538	0.0015202562870757	0.000236865791842342
mpagomiscuentas_rank_lag1	0.000202785760068314	0.000986057164637375	0.000663224217158558
vmr_mconsumospesos_tend6	0.000201127966566011	0.000898896696966975	0.000805343692263963
vmr_msaldopesos2_lag1	0.000201074304316554	0.000667287767462964	0.000852716850632432
Master_mconsumosdolares_rank_lag2	0.000200238769473132	0.000429728233925515	0.000805343692263963
mpayroll_sobre_edad_rank_tend6	0.000199888873522885	0.000924856584026257	0.000284238950210811
cmobile_app_trx_tend6	0.000199264293271257	0.00201047073147409	0.000663224217158558
vmr_mpagospesos	0.000199203015913018	0.0010552194735472	0.000805343692263963
rf_012_025	0.00019884728479983	0.00151356180858179	0.000568477900421621
Master_mconsumototal_rank_delta1	0.00019867368720585	0.00109546336906866	0.000805343692263963
vm_msaldototal_rank_lag2	0.000198583994479635	0.000151214481781417	0.000521104742053153
vmr_mconsumototal_delta2	0.000196060686059691	0.000244388348082568	0.00061585105879009
mpayroll_rank_delta1	0.00019332545068707	0.00230038947076119	0.000521104742053153
vm_fultimo_cierre_delta1	0.000191239604569242	0.000305215555412371	0.000710597375527026
Master_mconsumospesos_rank_lag2	0.000190473316353012	0.000429366740703151	0.000757970533895495
rf_001_019	0.000189524624175547	0.000799155638517822	0.00061585105879009
mplazo_fijo_dolares_rank_lag1	0.000189143407829418	0.000550294121864979	0.000142119475105405
rf_018_025	0.000188866161769461	0.000322571799339303	0.000568477900421621
rf_006_015	0.000188740349610765	0.000576512889769313	0.000426358425316216
mforex_sell_rank_tend6	0.000188269865946309	0.00208938487163136	0.000331612108579279
cextraccion_autoservicio_tend6	0.000187628513077354	0.000759426110383907	0.000521104742053153
mextraccion_autoservicio_rank_lag1	0.000187177870254473	0.000607606659446681	0.000568477900421621
Master_mconsumosdolares_rank_tend6	0.000187128805981934	0.000799565565826679	0.00123170211758018
vm_mconsumototal_rank	0.000186406691718107	0.000610819497367369	0.000663224217158558
vm_mlimitecompra_rank_lag1	0.000184827991742813	0.000440411279024575	0.000852716850632432
vm_mconsumototal_rank_tend6	0.000183205642191443	0.000289752026811491	0.00061585105879009
Master_mconsumosdolares_rank_delta2	0.000183141773311872	0.000337336884913946	0.00061585105879009
Visa_Finiciomora_tend6	0.000182881256082449	0.000583544448617188	0.000331612108579279
Visa_mpagosdolares_rank_delta2	0.000181439782615405	0.000743631245633385	0.000663224217158558
vmr_mpagospesos_lag1	0.000181316439372944	0.000497254489002665	0.000521104742053153
cproductos_lag2	0.000181285540041083	0.000129940951603035	9.47463167369369e-05
vm_mlimitecompra_rank_lag2	0.000180839589949593	0.000428962296498425	0.000805343692263963
ccomisiones_otras_delta1	0.000179296453475075	0.000314070115833773	0.000426358425316216
rf_005_014	0.000178765773887946	0.000261339756154479	0.000236865791842342
mtransferencias_emitidas_rank_delta1	0.000178695656159749	0.000766146698897484	0.000426358425316216
Visa_delinquency_lag2	0.000178500514902759	0.000344637246414349	0.000236865791842342
mcajeros_propios_descuentos_rank_delta1	0.000178061269828174	0.000227189547574261	0.000142119475105405
rf_001_020	0.000177989168304198	0.000710800898547606	0.000473731583684684
Master_madelantopesos_rank_lag2	0.000177868569366602	0.000634151019296329	0.0009000900090009
ccomisiones_otras_delta2	0.000177670357848527	0.000973262341147212	0.00061585105879009
ccuenta_debitos_automaticos_tend6	0.000176619490087404	0.000982400717482453	0.000236865791842342
Master_mpagosdolares_rank_lag2	0.000175804614421061	0.000529061976067778	0.000805343692263963
rf_007_016	0.000175280643924509	0.000718933516925066	0.000568477900421621
ctarjeta_debito_tend6	0.000174920577425256	0.00136975970028517	0.000236865791842342
Master_Fvencimiento_delta1	0.000172528629839639	0.000513463067014897	0.000521104742053153
vm_Finiciomora	0.000171988788311767	0.000690265498625363	0.000142119475105405
Visa_Fvencimiento_delta1	0.000170725011136033	0.000171316847027394	0.000331612108579279
rf_017_019	0.000169574002549517	0.000568257423749294	0.000426358425316216
mtarjeta_master_consumo_rank	0.000169396724266972	0.00103811440800951	0.000378985266947747
mautoservicio_rank	0.000169077045994177	0.00140763071721881	0.000521104742053153
ccajas_transacciones_lag1	0.000167921980029016	0.000447532264689828	0.000426358425316216
minversion2_rank	0.00016734789969243	0.0014612935962507	0.000236865791842342
tcallcenter_delta1	0.000166559263803091	0.000587027394691388	0.000426358425316216
mcuenta_debitos_automaticos_rank_lag1	0.000165150677682849	0.000709429339214215	0.000378985266947747
Master_delinquency_delta2	0.000164870426914693	0.00103995320614494	0.000236865791842342
vm_status06	0.000162415561776933	0.000376615231907922	0.000378985266947747
rf_008_018	0.000161063614763723	0.000632481936288771	0.000473731583684684
rf_018_021	0.000159960261171807	0.000322635116137008	0.000426358425316216
ccajas_consultas	0.00015967503353874	0.000362973921579979	4.73731583684684e-05
rf_004_015	0.000158588167516133	0.00105509257885159	0.000331612108579279
Master_msaldototal_rank_delta2	0.000158525577603718	0.000600045067199456	0.000710597375527026
Visa_mpagosdolares_rank	0.000157539120146607	0.000242394325880187	0.000568477900421621
cmobile_app_trx_delta2	0.000156895397288288	0.00141394934197953	0.00061585105879009
Visa_cadelantosefectivo_tend6	0.000156706281160435	0.000163321959003705	0.000568477900421621
Visa_madelantopesos_rank_lag2	0.000156276650786287	0.000229907861722354	0.000568477900421621
Visa_delinquency_tend6	0.000155880595045827	0.00146039763092564	0.000521104742053153
vm_status03_delta2	0.000155265862442241	0.000108078640481041	4.73731583684684e-05
Master_fechaalta_delta1	0.000154999821644318	0.000302351939004801	0.000568477900421621
rf_011_019	0.000153823917759269	0.000292274515812042	0.000426358425316216
internet_delta2	0.000153526839561057	0.000116736331354113	9.47463167369369e-05
Visa_mpagado_rank	0.000153130996898653	0.000993622151187158	0.000521104742053153
Visa_madelantodolares_rank_delta1	0.000153006638459385	2.07941502171965e-05	9.47463167369369e-05
Visa_mpagosdolares_rank_lag2	0.000152948993155038	0.000199302479962959	0.000568477900421621
rf_002_022	0.000152697547414183	0.000418801060142518	0.000142119475105405
vm_cconsumos_lag2	0.000152649586312129	0.00026661267462732	0.000426358425316216
Visa_mpagosdolares_rank_delta1	0.000152642469355401	0.000182247415112948	0.00061585105879009
vmr_msaldopesos	0.000152336720385059	0.00023694333707318	0.000473731583684684
Master_fechaalta_delta2	0.000152309507914624	0.000165208146824839	0.000378985266947747
mautoservicio_rank_delta1	0.000152188567702966	0.00063923189857448	0.000568477900421621
Visa_madelantodolares_rank	0.000151759503403139	0.000268362307045568	0.000710597375527026
vm_mconsumospesos_rank_delta1	0.000151681737924347	0.000246377409381211	0.000663224217158558
ctrx_quarter_normalizado	0.000150499388293463	0.000880041085160355	0.000426358425316216
Visa_madelantodolares_rank_lag2	0.000150319727992787	0.000200198314737919	0.00061585105879009
Visa_msaldodolares_rank_delta1	0.000149963867519686	0.000368658725613152	0.000378985266947747
Visa_madelantopesos_rank_tend6	0.000149145882185704	0.000149210798871757	0.00061585105879009
mpayroll_rank_lag1	0.000147668591361527	0.000594981028883994	0.000189492633473874
vm_status04_tend6	0.000147649640300619	0.000114602620546485	4.73731583684684e-05
Master_Finiciomora_tend6	0.000145970359085962	0.00109178355344613	0.000236865791842342
vm_status01_tend6	0.000145379055923597	0.000248389316947068	0.000236865791842342
rf_010_016	0.000144806253556531	0.000737252828927615	0.000236865791842342
rf_010_007	0.000143717479392079	0.00046954705832671	9.47463167369369e-05
rf_003_023	0.000142970913075516	0.000492522961787732	0.000426358425316216
Master_cadelantosefectivo_tend6	0.000141457789325656	0.000316295864460747	0.00118432895921171
vm_fechaalta_delta1	0.000141105705751774	0.000114183946381038	0.000189492633473874
rf_013_019	0.00013983916745688	0.000730171661042362	0.000378985266947747
vm_msaldototal_rank_delta1	0.00013948432948553	0.000435471785502951	0.000710597375527026
ccajeros_propios_descuentos_delta2	0.000139360336918893	0.000359045669120267	0.000142119475105405
rf_017_013	0.00013924485077388	0.000471706748603912	0.000142119475105405
rf_008_006	0.000139148454028396	0.000586299969543315	9.47463167369369e-05
vmr_mconsumosdolares_lag2	0.000138619420870385	0.000508333492550057	0.000426358425316216
matm_other_rank_lag2	0.0001383536062029	0.000718994222720805	0.000426358425316216
vm_mpagado_rank_delta2	0.00013816334470775	0.00077376325273612	0.000236865791842342
Visa_Finiciomora_delta1	0.000137598073149369	0.00015633021793583	4.73731583684684e-05
catm_trx_tend6	0.000137151558646282	0.00119213297535365	0.000426358425316216
rf_009_018	0.000136882396915766	0.000537593424995734	0.000331612108579279
vm_mconsumototal_rank_delta1	0.000136785049757351	0.000395427501081885	0.000426358425316216
Visa_cadelantosefectivo	0.000136487460973029	0.000281835991047214	0.000331612108579279
ccajas_depositos_tend6	0.000136039745115616	0.00186982884940852	0.000284238950210811
vmr_mconsumosdolares_lag1	0.000135730778442155	0.000474881988096272	0.000378985266947747
Visa_fultimo_cierre_delta2	0.000134236910220015	0.000210014246083659	0.000426358425316216
vm_msaldototal_rank	0.000133636742910741	0.000570536306266301	0.000521104742053153
rf_005_020	0.000133363355201387	0.000428019333137956	0.000473731583684684
vmr_mpagado_tend6	0.000131917445088399	0.00104536098286939	0.000426358425316216
vm_mconsumosdolares_rank_lag2	0.000130240128548197	0.00122101666241585	0.000426358425316216
vm_mpagominimo_rank_delta1	0.000130234223384582	0.000632395642673754	0.00061585105879009
Master_mpagado_rank_tend6	0.000129627697486911	0.000230111911526094	0.000331612108579279
vm_cconsumos	0.000128470155725996	0.000427751705436314	0.000189492633473874
Master_mconsumosdolares_rank_delta1	0.000128431102084805	0.000191448847145698	0.000568477900421621
ctarjeta_master_transacciones_tend6	0.000127896177480651	0.000837261645628507	0.000189492633473874
Master_mpagominimo_rank_delta1	0.000127155083520695	0.000752597426388886	0.000426358425316216
Master_mpagado_rank_lag1	0.000127107310805248	0.000409313462294158	0.000331612108579279
vmr_msaldopesos_delta2	0.000126564007133073	0.000232114811135164	0.000521104742053153
cseguro_vida_lag2	0.0001260646486277	0.00143129553354889	0.000236865791842342
ctarjeta_master_descuentos_delta2	0.000123322056866121	0.000403716126826888	9.47463167369369e-05
Master_mconsumosdolares_rank_lag1	0.000123179427586256	0.000256906144264008	0.000568477900421621
vmr_mconsumospesos_delta1	0.000122117267145395	0.000204213644113239	0.000331612108579279
rf_004_024	0.000121910151284063	0.00160481345523466	0.000236865791842342
tcallcenter_tend6	0.000121009990772328	0.00165604327208338	0.000473731583684684
Visa_fechaalta_tend6	0.000120414328696356	0.000315905519666645	0.000426358425316216
vm_mpagospesos_rank_lag2	0.000120184115606021	0.000221852137352829	0.000426358425316216
Master_mpagospesos_rank_delta1	0.000120132606421524	0.000248930969305172	0.000521104742053153
Visa_mpagado_rank_lag1	0.000117690572935197	0.000562037625413034	0.000331612108579279
mtarjeta_master_consumo_rank_delta2	0.000117657861837119	0.000271313783669335	0.000284238950210811
vmr_mconsumosdolares_tend6	0.000117246655606703	0.000918650754550521	0.000331612108579279
Master_mpagado_rank	0.000116515188817611	0.000333766861924139	0.000236865791842342
vm_mconsumosdolares_rank	0.000116408478528872	0.000392374325931493	0.000378985266947747
rf_008_010	0.000115794988645063	0.000678377737218618	9.47463167369369e-05
Master_cconsumos_delta2	0.000114686713390667	0.000173615834259548	0.000663224217158558
ctarjeta_debito_delta2	0.000113978630484163	0.000722620643353104	9.47463167369369e-05
rf_019_015	0.000113615523985399	0.000176273442611903	0.000521104742053153
Master_mpagosdolares_rank_delta2	0.000113324582277251	0.000227473232938001	0.000521104742053153
rf_016_017	0.000113272198994949	0.000596899462579423	0.000473731583684684
ctarjeta_master_transacciones_delta2	0.000112717705212311	0.000791355661790988	0.000142119475105405
Visa_delinquency_delta1	0.000112554143071028	0.000101738083303796	0.000189492633473874
ctarjeta_visa_debitos_automaticos_delta2	0.000111415807765398	0.000190659019050608	4.73731583684684e-05
rf_009_022	0.000111309561709147	0.000876172102445299	0.000284238950210811
vm_mpagospesos_rank	0.000108920455053433	0.00055863313994795	0.000378985266947747
cliente_vip	0.000108636439878569	0.000823196830781478	0.000284238950210811
rf_015_024	0.000108508862406002	0.000434329472142283	9.47463167369369e-05
Visa_msaldodolares_rank_lag2	0.000108404471949524	0.000236814875776392	0.000236865791842342
mextraccion_autoservicio_rank_delta2	0.000107990062731094	0.000298557108745614	0.000426358425316216
ctarjeta_visa_transacciones_lag1	0.000106754344269079	0.000143169331969859	0.000331612108579279
Master_cadelantosefectivo	0.000106389012256061	0.000157554647308367	0.000378985266947747
rf_007_025	0.000103947369181182	0.000459068976882078	0.000331612108579279
mcajeros_propios_descuentos_rank_lag2	0.000102517386798396	0.000125308642462857	0.000142119475105405
vmr_mconsumosdolares_delta2	0.000101994956981728	0.000771453038195506	0.000284238950210811
ctarjeta_debito_transacciones_delta1	0.000101919787566048	0.00193408208296964	0.000284238950210811
vm_status01_lag2	0.000101876013701367	0.00141129473627943	0.000284238950210811
Master_cconsumos_delta1	0.000101627442311164	0.000425136525865927	0.000378985266947747
ctarjeta_debito_delta1	0.000101540730100516	0.00108892176473994	0.000142119475105405
matm_other_rank_tend6	0.000100466117687306	0.00137038059655298	0.000426358425316216
ctarjeta_debito_transacciones_delta2	0.000100421843342758	0.000668086603514841	0.000284238950210811
Master_madelantodolares_rank_lag2	0.000100349611960052	9.05794441964029e-05	0.000378985266947747
mtarjeta_master_consumo_rank_tend6	0.000100064307176601	0.000719078166434051	0.000284238950210811
rf_013_015	9.85433525184907e-05	0.000523684095315854	0.000331612108579279
mtarjeta_master_descuentos_rank_lag1	9.82898078382326e-05	0.00029664859685766	0.000236865791842342
tcuentas_lag1	9.82244174832386e-05	0.001642397392502	0.000284238950210811
mcheques_depositados_rank_delta1	9.67090522374916e-05	0.00143480067313981	0.000189492633473874
mpayroll_rank	9.67056822288716e-05	0.00173269837333859	0.000236865791842342
Master_status_tend6	9.64264763163582e-05	0.000529833527149097	0.000236865791842342
cseguro_accidentes_personales	9.61434667568549e-05	0.00082050279895168	0.000331612108579279
Visa_cadelantosefectivo_lag2	9.595843154558e-05	0.000131229742174065	0.000473731583684684
vm_fultimo_cierre_delta2	9.58058719699068e-05	0.000253153873336887	0.000426358425316216
Master_mpagosdolares_rank_lag1	9.57720531652265e-05	6.72189401456063e-05	0.000284238950210811
mprestamos_prendarios_rank_lag1	9.51936238082398e-05	0.00130483857242084	0.000189492633473874
mpayroll_sobre_edad_rank_lag1	9.49210328761359e-05	0.000853919315979104	0.000236865791842342
Visa_Finiciomora_lag2	9.38113775609763e-05	0.000271120830623956	9.47463167369369e-05
mextraccion_autoservicio_rank_delta1	9.38097081862701e-05	0.00039697008104413	0.000284238950210811
Visa_fechaalta_delta2	9.37600971633781e-05	0.000368065767066392	0.000331612108579279
minversion2_rank_lag2	9.24391010056833e-05	0.000639353701816251	9.47463167369369e-05
ctarjeta_visa_delta2	9.21807749136983e-05	0.000534805788745411	9.47463167369369e-05
vm_mpagospesos_rank_lag1	9.14937361048358e-05	0.000296306425049854	0.000284238950210811
rf_007_021	9.1276025034836e-05	0.00029761218713367	0.000284238950210811
Master_cadelantosefectivo_lag2	9.0888718463933e-05	0.000170088631702004	0.000426358425316216
ctarjeta_visa_transacciones_delta1	9.07168111118429e-05	0.00110671208774392	0.000189492633473874
vmr_mconsumosdolares	9.05838238010853e-05	0.000708745778899192	0.000236865791842342
matm_rank	9.01703389739579e-05	0.000449712320782375	0.000284238950210811
Visa_msaldodolares_rank_tend6	8.96397531644522e-05	0.00112559328736982	0.000284238950210811
matm_rank_delta1	8.96073905732854e-05	0.000908636256505173	0.000284238950210811
ccajas_extracciones_delta2	8.92882619969817e-05	0.000824875574496315	0.000189492633473874
ccajas_otras_tend6	8.83778355790289e-05	0.000732792584817077	0.000189492633473874
Master_madelantopesos_rank	8.73765276704725e-05	0.000202856706390864	0.000473731583684684
minversion1_pesos_rank	8.73310165919536e-05	0.000362973921579979	4.73731583684684e-05
vmr_mpagado_delta2	8.65089566285678e-05	0.00043812586900265	0.000142119475105405
vmr_Visa_mlimitecompra_delta1	8.65042630917943e-05	0.000525498611132987	0.000284238950210811
rf_020_009	8.61137936876581e-05	0.00016904566696619	0.000189492633473874
cforex_buy_tend6	8.55490063144507e-05	0.00170607894718239	0.000236865791842342
vmr_msaldodolares_tend6	8.513605754948e-05	0.000856583190736181	0.000189492633473874
ctransferencias_recibidas_delta2	8.44627069481187e-05	0.00133945419210172	0.000236865791842342
mpagomiscuentas_rank_delta1	8.43843500908935e-05	0.000530427530096644	0.000189492633473874
ccomisiones_mantenimiento_delta1	8.42735228979986e-05	0.00142561634316994	0.000189492633473874
cproductos_delta1	8.40970999205828e-05	0.000725947843159958	9.47463167369369e-05
vmr_Visa_mlimitecompra_delta2	8.39904032661791e-05	0.000627418942374097	0.000236865791842342
active_quarter	8.3898284179067e-05	0.000164248081401485	0.000331612108579279
vm_status06_lag1	8.31418198651058e-05	7.58787198202524e-05	0.000142119475105405
vm_status03_lag1	8.2850020773425e-05	0.000122907434503685	0.000236865791842342
rf_010_018	8.2774917908266e-05	0.000329127503078649	0.000284238950210811
cmobile_app_trx_delta1	8.27617710836376e-05	0.00140917629983331	0.000284238950210811
cextraccion_autoservicio_delta2	8.27092330017488e-05	0.000226725703074781	0.000236865791842342
cmobile_app_trx	8.1720375236544e-05	0.00101533916004968	0.000236865791842342
rf_006_017	8.1545746670665e-05	0.000263666028357192	0.000236865791842342
matm_other_rank_delta2	8.04631664433852e-05	0.000228125852879713	0.000284238950210811
mv_status07_rank_lag2	8.03331787279506e-05	0.000186588989184074	0.000189492633473874
Master_madelantodolares_rank_delta2	8.0009224262058e-05	0.00031091341445538	0.000284238950210811
cinversion1	7.9989663979146e-05	0.00108892176473994	0.000142119475105405
mcuenta_debitos_automaticos_rank_delta1	7.97756228731418e-05	0.00103021573540832	0.000284238950210811
mextraccion_autoservicio_rank	7.97187543933598e-05	0.000338697478039075	0.000236865791842342
rf_003_017	7.93991536034937e-05	0.000480586113544003	0.000236865791842342
rf_015_027	7.93881610038348e-05	0.000690166541650805	0.000284238950210811
rf_014_028	7.93452148430666e-05	0.000150054152507176	0.000236865791842342
vm_mconsumototal_rank_lag1	7.9188315568639e-05	6.63714089070403e-05	0.000189492633473874
cplazo_fijo_tend6	7.84971532047253e-05	0.000725947843159958	9.47463167369369e-05
vm_mconsumospesos_rank_lag1	7.84778007622897e-05	0.000258178354972545	0.000378985266947747
cextraccion_autoservicio_lag2	7.84502444405708e-05	0.000983358041353741	0.000284238950210811
vm_mconsumosdolares_rank_tend6	7.80109228806899e-05	0.000451304770882195	0.000284238950210811
mprestamos_hipotecarios_rank_tend6	7.78359577795115e-05	0.00106453696461739	0.000142119475105405
rf_010_014	7.69410545510577e-05	0.000703007318775592	0.000189492633473874
mtarjeta_visa_descuentos_rank_delta2	7.69352486520546e-05	0.00014910296449051	0.000284238950210811
mtarjeta_visa_consumo_rank_lag1	7.66698312924245e-05	0.000159075164303989	0.000331612108579279
vmr_mpagado_lag2	7.66163917648216e-05	0.000431603847188682	0.000284238950210811
ccaja_ahorro_delta1	7.64063528350304e-05	0.00093954112019021	0.000142119475105405
rf_008_017	7.54088711865078e-05	0.000596593322598765	0.000236865791842342
Visa_cadelantosefectivo_lag1	7.53333063751059e-05	0.000111862765632162	0.000331612108579279
Visa_msaldodolares_rank_lag1	7.48445433901617e-05	0.000286433312761031	0.000236865791842342
active_quarter_lag1	7.42578340011413e-05	0.000104358354328019	0.000331612108579279
cpagomiscuentas_delta2	7.40721589633518e-05	0.000350623360074541	4.73731583684684e-05
mtarjeta_master_consumo_rank_delta1	7.39090384415131e-05	0.000981433732903885	0.000189492633473874
rf_009_017	7.14376094985571e-05	0.000443688608693855	0.000189492633473874
rf_004_017	7.12956975177442e-05	0.000406804158853542	0.000236865791842342
rf_018_015	7.1190795607422e-05	0.000268898084649245	0.000189492633473874
vmr_mpagosdolares_delta2	7.08930396829842e-05	0.000669688844872038	0.000236865791842342
vm_mconsumosdolares_rank_delta2	7.02861408363617e-05	0.000966531700276061	0.000236865791842342
rf_001_021	6.99189640312759e-05	0.000390843756578297	0.000331612108579279
ctarjeta_master_transacciones_lag2	6.97477438829369e-05	0.000776835357650774	0.000284238950210811
vmr_mconsumospesos_delta2	6.91998256741535e-05	0.000209106009049354	0.000284238950210811
mplazo_fijo_dolares_rank_lag2	6.77864324531014e-05	0.000700498668085468	0.000189492633473874
mpayroll_sobre_edad_rank_delta1	6.77543206006854e-05	0.000639812715962092	0.000142119475105405
mtarjeta_visa_descuentos_rank_delta1	6.75621935294199e-05	0.000154742989839945	0.000189492633473874
cprestamos_personales_lag2	6.75550125578252e-05	0.000953514680518485	0.000142119475105405
ccajeros_propios_descuentos_tend6	6.72875986825791e-05	0.00107327246334909	0.000142119475105405
rf_011_010	6.53209110015733e-05	0.000294608490470558	0.000142119475105405
mcajeros_propios_descuentos_rank_lag1	6.51983110590074e-05	0.000125567784408105	9.47463167369369e-05
rf_012_020	6.51147186170463e-05	0.00018688664340834	0.000189492633473874
Master_msaldodolares_rank_delta1	6.48961854963944e-05	7.5030013630801e-05	0.000189492633473874
rf_001_017	6.43660556057577e-05	0.000546738067735697	0.000236865791842342
vmr_mpagosdolares_tend6	6.41890383708518e-05	0.000469014022275098	0.000189492633473874
mpayroll_sobre_edad_rank_lag2	6.41559302143283e-05	0.000577705595467948	0.000236865791842342
mcheques_emitidos_rank_lag2	6.29163243871793e-05	0.000943857498092353	0.000189492633473874
vm_status02_delta1	6.27621346874739e-05	0.000214368352964228	0.000236865791842342
vm_cconsumos_delta2	6.25848391126021e-05	0.000125578620066269	0.000142119475105405
ccallcenter_transacciones_delta2	6.15247888345288e-05	0.000451684149468035	0.000189492633473874
matm_other_rank	6.14600476900467e-05	0.000521698950520162	0.000142119475105405
rf_001_006	6.11218496669e-05	0.000959774035534549	0.000142119475105405
cprestamos_personales_lag1	6.06078591712066e-05	0.00158210661552636	0.000236865791842342
Master_madelantodolares_rank_lag1	6.03996816815057e-05	8.94349114840633e-05	0.000331612108579279
rf_002_018	6.01271790192522e-05	0.000139180895914802	9.47463167369369e-05
mcheques_emitidos_rank_delta1	5.99333034276271e-05	0.00141192973195787	0.000189492633473874
Master_mconsumosdolares_rank	5.86655885893646e-05	7.93976977215999e-05	0.000331612108579279
mcheques_depositados_rank_lag2	5.80635724974853e-05	0.000113380279975522	9.47463167369369e-05
vm_status04_lag2	5.66148328858197e-05	0.000429984242668403	0.000284238950210811
Master_status_delta2	5.6591492608164e-05	0.000392567801177266	0.000142119475105405
ccajas_extracciones_lag2	5.60415207692017e-05	0.000688025650587766	0.000142119475105405
vmr_msaldodolares2_delta1	5.59287282367622e-05	0.000174308402531359	0.000142119475105405
rf_012_022	5.56215712718973e-05	0.000520118511029391	0.000189492633473874
Master_cadelantosefectivo_delta1	5.56140251661537e-05	5.84385321800738e-05	0.000189492633473874
Visa_madelantopesos_rank_lag1	5.54949072166565e-05	8.24661472335001e-05	0.000284238950210811
rf_017_014	5.53841489436636e-05	0.000370554051941171	9.47463167369369e-05
Master_madelantopesos_rank_lag1	5.52389066933297e-05	4.87600700879091e-05	0.000189492633473874
Master_mpagado_rank_lag2	5.52341213742018e-05	0.000413911697858664	0.000236865791842342
ccheques_emitidos_delta2	5.47824876770456e-05	8.36211239537087e-05	9.47463167369369e-05
mcheques_depositados_rank_tend6	5.40002712317968e-05	0.00134707218199143	0.000189492633473874
ctarjeta_visa_descuentos_delta2	5.39448839063856e-05	0.000621867691091548	0.000236865791842342
vmr_msaldodolares2_tend6	5.36738080482182e-05	0.000664584074925887	0.000189492633473874
vmr_Master_mlimitecompra_delta1	5.25773693920871e-05	0.00056926435665796	0.000189492633473874
Visa_mpagado_rank_lag2	5.18098367933576e-05	0.000116349511412667	0.000189492633473874
rf_013_017	5.07271541838591e-05	0.000216113024478737	0.000189492633473874
vm_cconsumos_delta1	5.06489256889122e-05	0.000518545773994424	0.000189492633473874
mtarjeta_master_descuentos_rank_delta1	5.05195910498224e-05	4.31256583927039e-05	9.47463167369369e-05
vm_Fvencimiento_delta2	5.04235015756982e-05	8.60334286712416e-05	9.47463167369369e-05
rf_015_017	5.00272917838771e-05	0.000251187788855556	9.47463167369369e-05
rf_018_017	4.99156059604062e-05	0.000208330280364887	0.000189492633473874
mtarjeta_visa_descuentos_rank_lag2	4.97219272352804e-05	0.000273007279545287	0.000189492633473874
Master_mpagosdolares_rank	4.96144085302245e-05	7.33785548865218e-05	0.000331612108579279
cseguro_accidentes_personales_lag2	4.90402696657596e-05	0.000500178158455482	9.47463167369369e-05
vm_msaldodolares_rank_lag2	4.72131742995781e-05	0.00060394446808743	0.000142119475105405
rf_016_014	4.71950093744883e-05	8.05744763082349e-05	0.000189492633473874
Master_mpagado_rank_delta2	4.71911285771135e-05	0.000265248556649536	0.000142119475105405
ccallcenter_transacciones_lag2	4.66922535710407e-05	0.000149992663410847	0.000142119475105405
Master_msaldodolares_rank_tend6	4.62033176628201e-05	0.000405928820444025	0.000142119475105405
Master_Finiciomora_lag2	4.61150822308893e-05	0.000380981479947639	9.47463167369369e-05
Master_madelantopesos_rank_delta1	4.60203779849621e-05	3.37504641790341e-05	0.000142119475105405
ccaja_seguridad_delta2	4.56787110081386e-05	0.00128146279400853	0.000189492633473874
ctransferencias_emitidas_delta2	4.5626192213846e-05	0.000363370663328901	0.000142119475105405
vm_Fvencimiento_delta1	4.56067629535703e-05	0.00011649912182539	0.000142119475105405
mpayroll_rank_lag2	4.53874385010887e-05	0.000127334649439337	0.000236865791842342
cprestamos_personales_delta1	4.50916457962226e-05	0.00108892176473994	0.000142119475105405
vm_status04_delta2	4.5000904306964e-05	0.000424492522230707	0.000142119475105405
vmr_msaldodolares2_lag1	4.48829254064134e-05	0.000129566533920933	9.47463167369369e-05
Master_cadelantosefectivo_delta2	4.43706687991101e-05	6.16701693149265e-05	0.000236865791842342
rf_018_022	4.4193899310052e-05	0.00029066313594796	0.000142119475105405
ctarjeta_master_descuentos_lag2	4.36929711726174e-05	0.000172689842411867	9.47463167369369e-05
cforex_tend6	4.34054875558837e-05	0.000740762015571585	0.000142119475105405
Master_mpagosdolares_rank_delta1	4.29379199972312e-05	7.05326932923288e-05	0.000331612108579279
ctarjeta_debito_transacciones_lag1	4.2731048202971e-05	0.000378052457940789	9.47463167369369e-05
mtarjeta_master_descuentos_rank_delta2	4.24664829061578e-05	0.000204671874958489	0.000189492633473874
vm_status03_lag2	4.23087309869599e-05	4.46805100641952e-05	0.000142119475105405
rf_004_020	4.14812631806514e-05	0.000155887653102383	9.47463167369369e-05
rf_005_021	4.12686247484541e-05	0.000185385708927472	0.000142119475105405
vmr_msaldodolares2	4.1009599647379e-05	0.000359414212047943	9.47463167369369e-05
rf_007_028	4.0685813449136e-05	0.000181540616880416	0.000142119475105405
ctransferencias_recibidas_lag2	3.99860248740912e-05	0.000744127727657456	0.000142119475105405
mtarjeta_master_descuentos_rank_lag2	3.96741524244984e-05	0.000373001082984868	0.000142119475105405
cpayroll_trx_tend6	3.95456192182855e-05	0.00041540401603304	9.47463167369369e-05
Visa_cadelantosefectivo_delta2	3.94246271296448e-05	5.53425365974191e-05	0.000236865791842342
rf_005_006	3.92001584175326e-05	0.000629513618702315	9.47463167369369e-05
cseguro_vida_delta2	3.91585869968113e-05	0.000964097724242199	0.000142119475105405
vm_msaldodolares_rank_tend6	3.8851255778491e-05	0.000584966530838645	0.000142119475105405
vmr_msaldodolares2_delta2	3.86714827451409e-05	0.000450729306048615	9.47463167369369e-05
ctarjeta_master_debitos_automaticos_tend6	3.86550723262164e-05	0.000325103949047132	4.73731583684684e-05
Master_delinquency_delta1	3.86410881538768e-05	7.77381448712222e-05	9.47463167369369e-05
matm_other_rank_delta1	3.82481652344851e-05	0.000522913066434928	9.47463167369369e-05
ccajas_depositos_delta2	3.81424399433318e-05	0.000686221056578108	9.47463167369369e-05
ctarjeta_master_descuentos_tend6	3.79006340100428e-05	0.0009693818700235	0.000142119475105405
vm_fechaalta_delta2	3.77569607058969e-05	3.25154602485297e-05	9.47463167369369e-05
cplazo_fijo_lag2	3.74423440969266e-05	0.00070588307634231	0.000142119475105405
rf_008_014	3.68992053877378e-05	0.000377353492714159	9.47463167369369e-05
vmr_mpagosdolares_lag1	3.686181006414e-05	6.67547039958311e-05	9.47463167369369e-05
mv_status07_rank_delta2	3.65669353075219e-05	0.000955159481207747	0.000189492633473874
ctarjeta_visa_lag2	3.64252732340977e-05	0.00070498241121371	9.47463167369369e-05
mpayroll_sobre_edad_rank	3.62085297030836e-05	0.000897874750796997	0.000236865791842342
rf_012_026	3.59455627826698e-05	0.000183394689377353	9.47463167369369e-05
rf_009_024	3.5891917326723e-05	0.000374356323555964	9.47463167369369e-05
rf_014_022	3.57263945015222e-05	0.000400116468964753	9.47463167369369e-05
mcheques_emitidos_rank_lag1	3.54317891061614e-05	0.000352448058799347	9.47463167369369e-05
Master_msaldodolares_rank_lag1	3.50786412006857e-05	0.000102149577213833	4.73731583684684e-05
mtarjeta_master_consumo_rank_lag1	3.48933326272242e-05	0.000274175311275332	0.000142119475105405
vmr_Master_mlimitecompra_delta2	3.48536168062759e-05	5.71023519233388e-05	0.000189492633473874
Master_mpagado_rank_delta1	3.46942294319375e-05	0.000670485331022144	0.000142119475105405
Master_madelantodolares_rank_delta1	3.4671430246178e-05	3.1299124982091e-05	0.000142119475105405
mttarjeta_master_debitos_automaticos_rank_delta2	3.42743730471666e-05	0.000446612147596573	9.47463167369369e-05
Master_Finiciomora_lag1	3.41438259498739e-05	0.000232280479209985	4.73731583684684e-05
catm_trx_other_tend6	3.41227492628463e-05	0.000311400627422467	9.47463167369369e-05
vmr_msaldodolares2_lag2	3.39942792401382e-05	0.000382202253917422	9.47463167369369e-05
ctarjeta_debito_lag1	3.39045400407928e-05	0.000373098473358247	9.47463167369369e-05
mv_status07_rank_lag1	3.37377748283605e-05	0.000398508875053523	0.000189492633473874
vm_status01_lag1	3.37186754524889e-05	7.5667620311201e-05	9.47463167369369e-05
rf_009_019	3.34273203496337e-05	9.04986336855168e-05	0.000142119475105405
cseguro_auto	3.33146501936668e-05	0.000725947843159958	9.47463167369369e-05
Visa_madelantodolares_rank_lag1	3.32396309427314e-05	3.94048500392887e-05	0.000236865791842342
vmr_msaldodolares	3.21841183834264e-05	9.62297830036083e-06	4.73731583684684e-05
catm_trx_delta2	3.20026513670577e-05	0.000510742794615328	0.000142119475105405
rf_002_021	3.11764691787999e-05	0.000148016526571942	9.47463167369369e-05
rf_009_023	3.10274931158761e-05	0.000103921794799097	0.000142119475105405
cplazo_fijo_delta1	3.06101547600445e-05	0.000362973921579979	4.73731583684684e-05
vm_mpagado_rank_lag2	3.05588889944159e-05	4.63147361954906e-05	9.47463167369369e-05
rf_003_015	3.01306252129673e-05	6.21991583134893e-05	9.47463167369369e-05
vmr_mconsumosdolares_delta1	2.97272271335667e-05	9.97125985277095e-05	9.47463167369369e-05
Master_delinquency_lag1	2.95147483228552e-05	2.9516463388958e-05	0.000142119475105405
mforex_buy_rank_tend6	2.93605606184184e-05	0.000725947843159958	9.47463167369369e-05
cpayroll_trx_delta2	2.89194493026274e-05	0.000725947843159958	9.47463167369369e-05
Master_cadelantosefectivo_lag1	2.87830633844002e-05	3.96196049510942e-05	0.000142119475105405
cpagomiscuentas	2.8652040083008e-05	0.000725947843159958	9.47463167369369e-05
mcaja_ahorro_adicional_rank_delta1	2.84091154691391e-05	0.000670127754302731	9.47463167369369e-05
cextraccion_autoservicio_delta1	2.83944675374541e-05	0.000613970323991336	9.47463167369369e-05
mttarjeta_master_debitos_automaticos_rank_lag1	2.83085432916206e-05	0.000682634714826006	9.47463167369369e-05
mtarjeta_visa_descuentos_rank	2.78511652162423e-05	0.000173083973158821	9.47463167369369e-05
mcheques_emitidos_rank_delta2	2.74818210506689e-05	4.412541104596e-05	9.47463167369369e-05
cextraccion_autoservicio_lag1	2.73613334324324e-05	0.000700340310816155	9.47463167369369e-05
cliente_vip_delta2	2.7205450414798e-05	0.000232938712805926	9.47463167369369e-05
minversion2_rank_lag1	2.70845923416964e-05	0.000360113568924868	4.73731583684684e-05
rf_010_010	2.68088914509766e-05	0.000360864623640744	9.47463167369369e-05
vm_mpagado_rank_lag1	2.64805713374459e-05	0.000286998072486545	4.73731583684684e-05
ctarjeta_visa_descuentos_tend6	2.62566968828238e-05	0.00105812747698821	0.000142119475105405
rf_001_018	2.61208862670351e-05	0.0001357300651648	9.47463167369369e-05
rf_003_026	2.60542442966923e-05	0.000672010939471602	9.47463167369369e-05
ccuenta_debitos_automaticos_delta2	2.59616418869445e-05	0.000318867048647986	4.73731583684684e-05
mttarjeta_master_debitos_automaticos_rank	2.57798143920536e-05	0.000689361700294403	9.47463167369369e-05
ccaja_seguridad_tend6	2.56819990106136e-05	0.000725947843159958	9.47463167369369e-05
catm_trx_lag2	2.52932777942922e-05	0.000396135343715204	0.000142119475105405
cforex_buy_delta2	2.52785577003939e-05	0.000283507815606837	4.73731583684684e-05
rf_012_021	2.51535182094526e-05	0.000137818344538198	4.73731583684684e-05
Master_madelantopesos_rank_delta2	2.5119790522037e-05	5.94465094895267e-05	0.000189492633473874
ctarjeta_master_descuentos_delta1	2.49350058728483e-05	9.87674158155687e-05	0.000142119475105405
ctransferencias_emitidas_lag2	2.41207878137722e-05	0.00036725935910881	9.47463167369369e-05
ctarjeta_debito_lag2	2.39287545201296e-05	0.000724923808188406	9.47463167369369e-05
ctarjeta_visa_debitos_automaticos_lag2	2.39001556705814e-05	0.000616121267411948	9.47463167369369e-05
ccaja_ahorro_lag2	2.38905265044474e-05	0.000339495400240263	4.73731583684684e-05
mcheques_emitidos_rechazados_rank_lag1	2.38815704089121e-05	0.000725947843159958	9.47463167369369e-05
mcaja_ahorro_adicional_rank_tend6	2.32347269505449e-05	0.0002558626573278	4.73731583684684e-05
ccajas_consultas_lag2	2.30363879431218e-05	0.000443636519204608	9.47463167369369e-05
mv_status07_rank_delta1	2.29000618829517e-05	0.000441051235606746	9.47463167369369e-05
vm_msaldodolares_rank_delta2	2.26763656723221e-05	0.00010496005973137	4.73731583684684e-05
matm_other_rank_lag1	2.25039348324242e-05	0.000267911387005825	0.000142119475105405
cforex_delta2	2.23315114332154e-05	6.53854945642105e-05	4.73731583684684e-05
mprestamos_prendarios_rank_tend6	2.21909208190151e-05	0.000722348054747724	9.47463167369369e-05
mprestamos_prendarios_rank	2.21048901588576e-05	0.000362973921579979	4.73731583684684e-05
rf_013_020	2.20946770441212e-05	0.000197280128389233	4.73731583684684e-05
vm_status04_lag1	2.12408417636187e-05	3.25603694823662e-05	4.73731583684684e-05
Master_Finiciomora	2.10773454661988e-05	0.000115422475164198	4.73731583684684e-05
rf_007_023	2.10032451819296e-05	0.00031866430434523	9.47463167369369e-05
Master_msaldodolares_rank	2.09268124286984e-05	3.83050960106873e-05	9.47463167369369e-05
rf_009_012	2.08419140834562e-05	0.000604740040386848	9.47463167369369e-05
rf_013_022	2.08325100501263e-05	4.95843634089667e-05	9.47463167369369e-05
rf_018_018	2.05768882121474e-05	0.000101678421908844	4.73731583684684e-05
mcaja_ahorro_adicional_rank_lag2	2.03665323671978e-05	0.000696052653935652	9.47463167369369e-05
vmr_msaldodolares_lag2	2.03024317039277e-05	0.000249024443175599	9.47463167369369e-05
rf_003_024	2.02616982960071e-05	0.000444538750934388	9.47463167369369e-05
rf_004_018	2.01856938604296e-05	0.000494851322792018	9.47463167369369e-05
cforex_sell_tend6	2.01263632192283e-05	0.000709036513968244	9.47463167369369e-05
vmr_mpagado	1.99622324264021e-05	4.71348519134007e-05	4.73731583684684e-05
vm_mpagosdolares_rank_lag1	1.99366796868755e-05	0.000705423801096272	9.47463167369369e-05
rf_005_016	1.99000877914232e-05	0.000158059223438536	4.73731583684684e-05
cproductos	1.94952763967832e-05	0.000725947843159958	9.47463167369369e-05
active_quarter_delta2	1.93825902786677e-05	0.000286555638203196	9.47463167369369e-05
Visa_msaldodolares_rank_delta2	1.93291869153077e-05	2.07391886257861e-05	9.47463167369369e-05
catm_trx_other_lag2	1.90427248760834e-05	1.40175557114222e-05	4.73731583684684e-05
vm_mpagado_rank_delta1	1.881349645079e-05	0.000349134827853018	4.73731583684684e-05
mttarjeta_master_debitos_automaticos_rank_delta1	1.86916440688495e-05	6.84800540957832e-05	4.73731583684684e-05
rf_015_022	1.86502369252407e-05	0.000524929021053834	9.47463167369369e-05
rf_007_024	1.84904664593363e-05	0.000293776103043402	4.73731583684684e-05
rf_011_025	1.84382529411354e-05	5.37712356135342e-05	4.73731583684684e-05
cprestamos_prendarios_delta2	1.82616084889079e-05	0.000622902692271362	9.47463167369369e-05
rf_009_008	1.78810648808335e-05	0.000188749332211769	4.73731583684684e-05
rf_016_010	1.78794367416779e-05	0.000186520319832336	4.73731583684684e-05
ccajas_consultas_delta2	1.786026221069e-05	0.000154489592099024	4.73731583684684e-05
Master_delinquency_lag2	1.78515284213282e-05	0.00035765857432517	0.000142119475105405
ctarjeta_master_debitos_automaticos_delta2	1.73612076304456e-05	0.000717592375764594	9.47463167369369e-05
ccajeros_propios_descuentos_lag2	1.73271144763364e-05	6.71429599883596e-05	4.73731583684684e-05
vmr_msaldodolares_delta1	1.69117354742436e-05	0.000286490493704114	9.47463167369369e-05
mcheques_emitidos_rank_tend6	1.68922071156288e-05	0.00068244633103407	9.47463167369369e-05
catm_trx_lag1	1.68024546144929e-05	4.90483247050924e-05	4.73731583684684e-05
ctarjeta_visa_debitos_automaticos	1.65943959887605e-05	0.000362973921579979	4.73731583684684e-05
vm_msaldodolares_rank	1.65496846803946e-05	7.56509098986107e-05	4.73731583684684e-05
Visa_madelantopesos_rank_delta2	1.65169220378789e-05	2.67292187889294e-05	0.000142119475105405
rf_020_018	1.63270416390268e-05	0.000366065086808994	9.47463167369369e-05
cseguro_vivienda_tend6	1.62550939170033e-05	0.000362973921579979	4.73731583684684e-05
ccheques_depositados_rechazados_tend6	1.60013077261117e-05	0.000698917184193911	9.47463167369369e-05
rf_020_027	1.59827078324729e-05	1.73879676008338e-05	9.47463167369369e-05
vm_Finiciomora_delta2	1.57107247921943e-05	0.000362973921579979	4.73731583684684e-05
Master_status_lag1	1.53605139220583e-05	4.06919434590396e-05	4.73731583684684e-05
mtarjeta_visa_descuentos_rank_lag1	1.5205328583335e-05	6.89492511492962e-05	4.73731583684684e-05
ctransferencias_emitidas_delta1	1.518399650193e-05	0.000330443448070138	4.73731583684684e-05
vm_mpagosdolares_rank_tend6	1.48359192389882e-05	0.000704523266517771	9.47463167369369e-05
minversion1_pesos_rank_lag1	1.47920831884364e-05	5.48375688169549e-05	4.73731583684684e-05
cmobile_app_trx_lag1	1.45007314110288e-05	0.000329551921448424	4.73731583684684e-05
vmr_mpagado_lag1	1.44020720309825e-05	7.17359735489313e-05	4.73731583684684e-05
rf_008_021	1.39440647809141e-05	0.000323706018593872	4.73731583684684e-05
rf_003_016	1.38231149254582e-05	0.000665547143001503	9.47463167369369e-05
vm_status05_delta1	1.36904741263427e-05	7.22536046889366e-05	4.73731583684684e-05
cliente_edad_delta2	1.35891344355131e-05	0.00026528563287747	4.73731583684684e-05
ctarjeta_visa_lag1	1.35250969557478e-05	0.000362973921579979	4.73731583684684e-05
ccajas_extracciones	1.35004341060048e-05	0.000362973921579979	4.73731583684684e-05
mcheques_emitidos_rank	1.34631651494167e-05	0.000362973921579979	4.73731583684684e-05
rf_014_021	1.34050004101516e-05	0.000202164529769349	4.73731583684684e-05
vm_mpagado_rank	1.33309082732291e-05	0.000335456310747041	9.47463167369369e-05
ctarjeta_visa_descuentos	1.32142420931273e-05	0.000362973921579979	4.73731583684684e-05
ctarjeta_master_descuentos	1.31031495295122e-05	6.78541969242358e-05	4.73731583684684e-05
cplazo_fijo_delta2	1.29244652477135e-05	0.000298220420041939	4.73731583684684e-05
ctarjeta_master_delta1	1.29054503382115e-05	0.000164518059004898	4.73731583684684e-05
rf_003_027	1.27372026412294e-05	0.000289335963648012	4.73731583684684e-05
vm_status05_tend6	1.26544402309947e-05	6.77143777688901e-05	4.73731583684684e-05
vm_mconsumosdolares_rank_delta1	1.2563982734963e-05	6.90812372987401e-05	4.73731583684684e-05
mtarjeta_visa_descuentos_rank_tend6	1.24424017095484e-05	7.66433517463586e-06	4.73731583684684e-05
mv_status07_rank_tend6	1.23810844459378e-05	3.3305027243423e-05	4.73731583684684e-05
cprestamos_personales	1.23773373315574e-05	0.000362973921579979	4.73731583684684e-05
ctarjeta_visa	1.23068112383923e-05	3.69289674238535e-05	4.73731583684684e-05
vm_status06_lag2	1.2276855938759e-05	2.57481347997391e-05	0.000142119475105405
mcajeros_propios_descuentos_rank_delta2	1.21032925137533e-05	4.54696854087935e-05	4.73731583684684e-05
ccajas_depositos	1.19662747604779e-05	0.000362973921579979	4.73731583684684e-05
vm_status02_lag2	1.18298642339382e-05	2.22932569966873e-05	9.47463167369369e-05
cplazo_fijo	1.15088221950729e-05	0.000362973921579979	4.73731583684684e-05
mv_status07_rank	1.13999896056616e-05	6.16223879789261e-05	4.73731583684684e-05
cpagomiscuentas_lag2	1.13540172875575e-05	0.000314875609940667	4.73731583684684e-05
internet_delta1	1.13047727289934e-05	1.19719662201882e-05	4.73731583684684e-05
ctarjeta_visa_delta1	1.10511514803039e-05	0.000161086027469059	4.73731583684684e-05
Master_msaldodolares_rank_delta2	1.04187351438995e-05	3.74703586817607e-05	4.73731583684684e-05
ctransferencias_recibidas	1.02586314681434e-05	0.000362973921579979	4.73731583684684e-05
rf_019_026	1.02088787811827e-05	1.47977230992335e-05	9.47463167369369e-05
rf_018_023	9.76188009292191e-06	0.00026643577924404	4.73731583684684e-05
active_quarter_tend6	9.62419458976402e-06	0.000362973921579979	4.73731583684684e-05
Visa_Fvencimiento_delta2	9.60184891192394e-06	1.32054035495123e-05	4.73731583684684e-05
cpayroll_trx_lag2	9.43150551785047e-06	0.000360988776784286	4.73731583684684e-05
mforex_sell_rank_delta2	9.39214285943963e-06	0.000179481580729051	4.73731583684684e-05
mprestamos_hipotecarios_rank_lag2	9.1439015199128e-06	0.00035048954622372	4.73731583684684e-05
ccheques_emitidos_rechazados_tend6	8.8240094208351e-06	0.000362973921579979	4.73731583684684e-05
rf_006_020	8.57209811731274e-06	0.000329561582155702	4.73731583684684e-05
cprestamos_hipotecarios_lag2	8.21950955212705e-06	0.000249151207321109	4.73731583684684e-05
vm_cadelantosefectivo_tend6	8.20409078168337e-06	0.000362973921579979	4.73731583684684e-05
mforex_buy_rank_delta2	7.68910265170339e-06	0.000352329519310034	4.73731583684684e-05
vm_status05_lag1	7.6709443775088e-06	7.05571061607225e-06	4.73731583684684e-05
vmr_msaldodolares_lag1	7.62967091689441e-06	0.000362973921579979	4.73731583684684e-05
ccajas_depositos_lag2	7.50545281151567e-06	0.000333168811923543	4.73731583684684e-05
cforex_sell_delta2	7.48776076507767e-06	0.000286582009323066	4.73731583684684e-05
vm_status05_lag2	7.40457685435692e-06	2.3121205720499e-05	9.47463167369369e-05
cplazo_fijo_lag1	7.0790852003011e-06	0.000362973921579979	4.73731583684684e-05
vm_Finiciomora_lag2	7.053274406039e-06	0.000313230809251404	4.73731583684684e-05
rf_012_019	7.04854096389399e-06	4.25517601603046e-05	4.73731583684684e-05
rf_019_018	6.94814170965184e-06	0.000163022607628161	4.73731583684684e-05
ccheques_emitidos_tend6	6.86014570994983e-06	0.000362973921579979	4.73731583684684e-05
cseguro_vivienda	6.75689056129e-06	0.000362973921579979	4.73731583684684e-05
mttarjeta_master_debitos_automaticos_rank_tend6	6.72281336932939e-06	0.000328211041388148	4.73731583684684e-05
mcheques_emitidos_rechazados_rank_tend6	6.71149221544541e-06	0.000362973921579979	4.73731583684684e-05
minversion1_pesos_rank_delta2	6.55845312061724e-06	0.000351959931981571	4.73731583684684e-05
vm_status06_tend6	6.42726554211253e-06	0.000340325176665452	4.73731583684684e-05
minversion2_rank_tend6	6.4008508465623e-06	7.33143242381277e-06	4.73731583684684e-05
Master_msaldodolares_rank_lag2	5.86812743932523e-06	1.33273373413824e-05	4.73731583684684e-05
ctarjeta_visa_descuentos_lag2	5.52638980972978e-06	8.32113271949504e-06	4.73731583684684e-05
catm_trx_other_delta2	5.10310156301307e-06	0.00029393798516537	4.73731583684684e-05
vm_msaldodolares_rank_lag1	4.46190338452884e-06	0.000362973921579979	4.73731583684684e-05
rf_011_026	2.87776588669251e-06	7.0699405767937e-06	4.73731583684684e-05
vm_mconsumosdolares_rank_lag1	3.26510342582653e-07	7.89110069549064e-06	4.73731583684684e-05
