Feature	Gain	Cover	Frequency
rf_013_016	0.204945295490289	0.00412628348162965	0.00359095467632882
ctarjeta_master_tend6	0.0494818643780487	0.00174220763974772	0.000258807544239915
rf_004_022	0.0415822703895146	0.00275069988094621	0.00417327165086862
rf_018_027	0.0340700314060582	0.00171030659104327	0.00323509430299893
cdescubierto_preacordado_delta2	0.0231930935162302	0.00344450997801746	0.000711720746659765
mcomisiones_mantenimiento_rank	0.0189159395815636	0.00328329395551092	0.00226456601209925
ctrx_quarter	0.00941743667566481	0.00159716058340878	0.000582316974539808
mcaja_ahorro_rank	0.0093063488071899	0.00214801593095688	0.00103523017695966
cdescubierto_preacordado	0.00903978114095115	0.00240784750878763	0.0018116528096794
rf_019_017	0.00849459770312222	0.00161178012117727	0.00109993206301964
rf_013_026	0.00754140295010122	0.00100229764247823	0.000614667917569797
rf_017_021	0.00658356049953025	0.0013933690985823	0.000549966031509819
mprestamos_personales_rank_delta2	0.00638422006544291	0.00427716167513906	0.00109993206301964
mcuentas_saldo_rank	0.00623047246751507	0.00560791935997423	0.00278218110057908
rf_016_022	0.00608512587175352	0.000615301423354249	0.000226456601209925
rf_003_019	0.0057837111891679	0.000602263263714631	0.000194105658179936
vm_status05_delta2	0.00568903981338193	0.000876477648725613	0.000194105658179936
rf_009_015	0.00552876262358702	0.000893920688239655	0.00177930186664941
mprestamos_personales_rank_lag1	0.00542880465927955	0.00256754347172744	0.00097052829089968
vm_status01	0.00526382367490649	0.00213083071419253	0.000614667917569797
mpayroll_rank	0.00524095516476153	0.00156516760135933	0.000258807544239915
mpasivos_margen_rank	0.00514440492307021	0.00229074267154502	0.00194105658179936
rf_004_021	0.00510053360274567	0.00140476607447075	0.000873475461809712
mprestamos_personales_rank	0.00458279200469476	0.00338314709563225	0.00106758111998965
foto_mes	0.00446247485764078	0.00468481406203218	0.00236161884118922
mcomisiones_rank_lag2	0.00382661639599416	0.0020362527503451	0.00443207919510854
mcomisiones_rank_lag1	0.0037132474833063	0.00150585315053428	0.00291158487269904
rf_005_015	0.00370652024716974	0.00132912281983278	0.000744071689689754
mpayroll_sobre_edad_rank	0.00364165434631042	0.000743420818689156	0.000291158487269904
rf_009_026	0.00342909891798185	0.000585489388596503	0.000452913202419851
rf_003_018	0.00337380553855769	0.00183566059932215	0.00255572449936916
mcuentas_saldo_rank_delta2	0.00328170706053622	0.0025987304128228	0.00494969428358837
mtarjeta_visa_consumo_rank	0.00328131409559088	0.0014063840301454	0.000679369803629776
mcuenta_corriente_rank	0.00326470636732851	0.00293570127581357	0.00249102261330918
mcomisiones_mantenimiento_rank_tend6	0.00299177793101859	0.00218761837747552	0.00161754715149947
rf_017_016	0.00298544887471101	0.000791456391930513	0.00168224903755944
mrentabilidad_annual_rank_delta2	0.00293050682074778	0.00245899662324338	0.00669664520720779
mrentabilidad_annual_rank	0.00292281938913519	0.00202534098316612	0.00197340752482935
mprestamos_personales_rank_tend6	0.00291022140251781	0.00165046893001957	0.000582316974539808
rf_007_020	0.00289948634517963	0.00113075219848809	0.000582316974539808
mcomisiones_otras_rank	0.00281940322304138	0.00216261731344717	0.0036233056193588
vm_Finiciomora_delta1	0.00279668599360091	0.00173341710323461	0.000323509430299893
mcomisiones_rank_delta2	0.00273986381957972	0.00277414439685851	0.00488499239752839
mcomisiones_otras_rank_lag2	0.00266314181669228	0.00225582482078009	0.00446443013813853
mactivos_margen_rank	0.0026118196054359	0.00292100030628257	0.00310569053087898
mcuentas_saldo_rank_tend6	0.00260647842507011	0.00319193330275229	0.0024263207272492
mpasivos_margen_rank_lag1	0.00259844179271271	0.00152182623548956	0.00203810941088933
thomebanking	0.00257462712823919	0.00195241772738869	0.00433502636601857
mrentabilidad_annual_rank_lag1	0.00249281908088619	0.0024577642892375	0.00326744524602892
mcuenta_corriente_rank_lag1	0.00239404415866613	0.00295542725256448	0.00203810941088933
Visa_delinquency	0.0023310657010956	0.00122959976758809	0.000776422632719744
ccomisiones_mantenimiento_tend6	0.00228533970880728	0.0043343480425707	0.000808773575749733
mcomisiones_otras_rank_lag1	0.00227520624194629	0.00166395839071673	0.00378506033450875
mrentabilidad_annual_rank_lag2	0.00226170160820064	0.00296437451184673	0.00527320371388826
mactivos_margen_rank_delta2	0.00219191106429254	0.00297531066405623	0.00572611691630811
rf_010_015	0.00215562664152628	0.000900781959454902	0.00145579243634952
mtarjeta_visa_consumo_rank_delta2	0.00214263971682223	0.00163708137027111	0.00232926789815923
ctrx_quarter_delta2	0.00208587059495231	0.00206972316265609	0.00219986412603927
rf_013_015	0.00204873544983608	0.000834083561194727	0.000258807544239915
Visa_mpagominimo_rank	0.00203712183542924	0.00214757717840044	0.00326744524602892
cliente_vip_delta1	0.00198641113891609	0.00116228319990458	0.000614667917569797
ctrx_quarter_delta1	0.00198374752723985	0.00148200699359009	0.000873475461809712
mcomisiones_otras_rank_delta2	0.00196581935769176	0.00189782863269683	0.00465853579631846
mrentabilidad_rank_delta2	0.0019510182831439	0.00209374829148486	0.00511144899873831
mactivos_margen_rank_delta1	0.00194515972677686	0.00251384167175925	0.00507909805570832
tcallcenter	0.00189363638970637	0.00164948783302521	0.00116463394907962
cprestamos_personales_delta2	0.00185011730228838	0.001933357889154	0.000291158487269904
thomebanking_lag2	0.00184848787696719	0.00198871982911972	0.00601727540357801
Master_mfinanciacion_limite_rank_tend6	0.00181724841616626	0.00304217415075295	0.00475558862540843
Visa_mpagominimo_rank_lag1	0.00176694998775276	0.00163134020852348	0.00281453204360907
vm_Fvencimiento_tend6	0.00174576009210087	0.00128056635030079	0.00155284526543949
Visa_mpagospesos_rank_tend6	0.00174178323713821	0.00215074260455204	0.00452913202419851
Master_fechaalta	0.00172490925963132	0.00217591338483295	0.00475558862540843
Visa_cconsumos_tend6	0.00172249376166913	0.0021393805152766	0.00401151693571868
rf_013_017	0.00171493561972442	0.000446728419340502	0.000420562259389861
Master_fechaalta_tend6	0.00171429430595927	0.00131656185922108	0.00158519620846948
mcuenta_corriente_rank_tend6	0.00171197786026813	0.00291834563082496	0.00216751318300928
rf_016_015	0.00169093610332397	0.00067965965965265	0.000873475461809712
mrentabilidad_annual_rank_delta1	0.00167749192217697	0.00235074034820695	0.00469088673934845
mrentabilidad_rank_delta1	0.00167239927711307	0.00239498618511751	0.00469088673934845
chomebanking_transacciones_lag2	0.00166552342348754	0.00213778258380584	0.00352625279026884
tcallcenter_delta2	0.00166182652361709	0.000707997468021472	0.000517615088479829
mcomisiones_rank	0.00165918091899113	0.00194154155879442	0.00375270939147876
Master_fechaalta_lag2	0.00165535321436314	0.00334285679546073	0.00475558862540843
ccaja_seguridad	0.00165323897946968	0.00247440600460993	0.000323509430299893
Master_fechaalta_lag1	0.00163166941224153	0.0027412634081137	0.00427032447995859
mpasivos_margen_rank_delta2	0.00162511381190927	0.00247747460261114	0.00507909805570832
ctarjeta_visa_transacciones_tend6	0.0016171710777799	0.00231438493759533	0.00142344149331953
Master_mfinanciacion_limite_rank_delta2	0.00161003338709763	0.00281379917329667	0.00533790559994824
ccaja_ahorro_tend6	0.00157459214115003	0.00305870488753757	0.000420562259389861
Visa_fechaalta_lag2	0.00156747934692964	0.00194994629564583	0.00310569053087898
mcuenta_corriente_rank_lag2	0.00156546932518433	0.00249671572663843	0.00194105658179936
Master_Fvencimiento	0.00155931574013656	0.00221605933274351	0.00498204522661836
vm_fechaalta_lag2	0.00155920112613191	0.0026455338300512	0.00359095467632882
rf_013_024	0.00154080744595665	0.00122112846138328	0.00284688298663906
mcomisiones_otras_rank_tend6	0.00152010886798473	0.00182344245308111	0.00291158487269904
Master_fultimo_cierre_tend6	0.00150805473785175	0.00239264646813805	0.00368800750541878
mprestamos_personales_rank_delta1	0.0015039704273392	0.00440686654244008	0.00109993206301964
mpasivos_margen_rank_delta1	0.00150056431159825	0.00239470611325238	0.00407621882177866
mcuentas_saldo_rank_delta1	0.00149530556397321	0.00225210040785222	0.0024263207272492
Master_Fvencimiento_lag1	0.00147399503072253	0.00216506293621612	0.00414092070783863
mrentabilidad_rank_lag2	0.00146359681381559	0.00207866241225679	0.00307333958784899
Master_mlimitecompra_rank_tend6	0.00145881128979979	0.00263577955085377	0.0042379735369286
Master_mfinanciacion_limite_rank_delta1	0.00145784385538892	0.00200387663852781	0.00543495842903821
Visa_status	0.00145168905899931	0.0010605179708025	0.000420562259389861
Visa_mconsumospesos_rank	0.0014496405398728	0.00150094303774648	0.00378506033450875
rf_007_016	0.00144195736629874	0.00152445786086357	0.000647018860599787
mrentabilidad_annual_rank_tend6	0.00142333254358798	0.00318780929571115	0.00349390184723885
Visa_msaldototal_rank	0.00141420140810513	0.00124745005491111	0.00219986412603927
Visa_mconsumospesos_rank_delta2	0.00138140817359349	0.00142215918696975	0.00359095467632882
Master_Fvencimiento_tend6	0.00137564025484052	0.00137954919402265	0.00187635469573938
Visa_mfinanciacion_limite_rank_tend6	0.00137136226906148	0.00255348194177414	0.00381741127753874
Master_Fvencimiento_lag2	0.00136496542703462	0.00235044603690793	0.00420562259389861
Visa_Fvencimiento	0.00136335409186795	0.00215087476429774	0.00355860373329883
thomebanking_lag1	0.00135278514107746	0.00141096565699287	0.00410856976480864
rf_006_019	0.00135236625811099	0.00136203050751612	0.00401151693571868
Visa_mconsumototal_rank_lag1	0.00134373489504498	0.00152782335106119	0.00317039241693895
mcomisiones_rank_tend6	0.00134130533948925	0.00170716323601418	0.00310569053087898
Master_mlimitecompra_rank_delta1	0.00133142184393905	0.00216548958525376	0.00469088673934845
cproductos_delta2	0.00132552597578748	0.0014182436986385	0.000258807544239915
ctrx_quarter_normalizado_tend6	0.00132288653187741	0.00222835713081782	0.00190870563876937
mcuentas_saldo_rank_lag2	0.00132264771538983	0.00177986471260892	0.0024263207272492
Master_mlimitecompra_rank_delta2	0.00131592448950605	0.00189440760870707	0.00414092070783863
mcomisiones_otras_rank_delta1	0.00130938543963307	0.00173738403152075	0.00300863770178901
Visa_mconsumospesos_rank_tend6	0.00130788179573387	0.00189616333090452	0.00388211316359872
Visa_delinquency_lag1	0.0013049278836202	0.000881593076350666	0.000517615088479829
mcomisiones_rank_delta1	0.00130044730585776	0.00248034901033282	0.00381741127753874
Visa_mfinanciacion_limite_rank_delta2	0.00129423283168107	0.00240430393667004	0.00430267542298858
chomebanking_transacciones_delta2	0.00128262358915373	0.00351382175737699	0.00310569053087898
Visa_mlimitecompra_rank_tend6	0.00127593870388425	0.00248280958450734	0.00352625279026884
Master_mfinanciacion_limite_rank	0.00127239098542003	0.00300664747519317	0.00414092070783863
rf_014_015	0.00127055326167857	0.00119937398827966	0.000841124518779722
vm_mpagominimo_rank_lag1	0.00126630073716076	0.00155250393883077	0.00139109055028954
chomebanking_transacciones	0.00126289989216804	0.00255003590977863	0.00284688298663906
vm_fechaalta	0.001256418990582	0.0028402075383747	0.00297628675875902
Visa_mconsumototal_rank_tend6	0.00124726015598798	0.00148005094035724	0.00388211316359872
mcuenta_debitos_automaticos_rank	0.00123613076332937	0.00146447949643384	0.000517615088479829
mcomisiones_mantenimiento_rank_lag2	0.00123478413576434	0.00161586363482831	0.00145579243634952
rf_007_015	0.00122056565202466	0.000959938263567426	0.00174695092361942
vm_Fvencimiento_lag2	0.00121072438998389	0.00182832960478177	0.00294393581572903
Visa_mlimitecompra_rank	0.0012097670636495	0.00127368719079673	0.003040988644819
Visa_Fvencimiento_lag1	0.0012088293799315	0.00173055835889021	0.00336449807511889
cliente_edad	0.0012080932741402	0.00259471693938716	0.00229691695512924
rf_010_020	0.00119321818792489	0.000310684957044104	0.000517615088479829
mactivos_margen_rank_lag2	0.00117804959244722	0.00230063729816263	0.0027174792145191
mrentabilidad_rank_lag1	0.00117558234453965	0.00191540116206272	0.00300863770178901
internet	0.00117514918717667	0.00131548571400557	0.000226456601209925
Visa_mlimitecompra_rank_delta2	0.00117025548852658	0.00166509727843777	0.00388211316359872
Master_mlimitecompra_rank_lag1	0.00116874291110998	0.00124846158869539	0.00317039241693895
mrentabilidad_rank_tend6	0.00115742692429729	0.00200688721083596	0.00262042638542914
rf_005_017	0.00115714648313381	0.000287002642586	0.000161754715149947
internet_lag1	0.00115687753578132	0.0017101043020857	0.000226456601209925
Visa_mfinanciacion_limite_rank_delta1	0.0011405612269951	0.00238371149036751	0.00384976222056873
rf_004_019	0.00113595661210932	0.00111133014465407	0.00346155090420886
Visa_mpagominimo_rank_lag2	0.00112887166317433	0.00107960584292265	0.00249102261330918
ctarjeta_visa_debitos_automaticos_tend6	0.00112863016189736	0.0014060822431436	0.00048526414544984
Visa_fechaalta_lag1	0.00112691493767284	0.00187340604566987	0.00287923392966905
Visa_mpagospesos_rank_delta2	0.00112678925769643	0.0012161971674376	0.00368800750541878
cliente_edad_lag1	0.00112499913466778	0.00159752582488781	0.00219986412603927
vm_fultimo_cierre_tend6	0.00112396578921638	0.0024572265726156	0.0021351622399793
vm_Fvencimiento	0.00112325260566574	0.00226813454438026	0.00323509430299893
ctrx_quarter_normalizado_delta2	0.00111501654377848	0.0015630041863706	0.00219986412603927
Master_mfinanciacion_limite_rank_lag1	0.00111460405149863	0.00143152134775669	0.00342919996117887
mrentabilidad_rank	0.0011127417190113	0.00204915981819655	0.00281453204360907
Visa_fechaalta	0.00110481822010423	0.00205348825011033	0.00284688298663906
Master_cadelantosefectivo_tend6	0.00109479116274061	0.000362703833920564	0.00142344149331953
Master_mlimitecompra_rank_lag2	0.00109476733371681	0.00166342921775515	0.00339684901814888
ctrx_quarter_tend6	0.00109424911699338	0.00200932170904719	0.00158519620846948
rf_003_021	0.00109328990763605	0.000700473351159096	0.000776422632719744
chomebanking_transacciones_delta1	0.0010904943328694	0.00287839841201349	0.00245867167027919
rf_020_025	0.00108723097882519	0.00075496187984918	0.00262042638542914
chomebanking_transacciones_lag1	0.00107353362858678	0.00143409441345887	0.00313804147390896
Visa_mconsumototal_rank	0.00107039985327567	0.00122807632615582	0.00320274335996894
Visa_msaldototal_rank_delta2	0.00106984662065821	0.00102940062494024	0.00200575846785934
numero_de_cliente	0.00106711791939882	0.0028568407100868	0.00252337355633917
rf_001_022	0.00106455645713272	0.00109429844678624	0.00300863770178901
Visa_Fvencimiento_lag2	0.00104379357428149	0.00141232409898505	0.003040988644819
rf_015_015	0.00104056161899027	0.000768489876014282	0.00177930186664941
mpasivos_margen_rank_lag2	0.00102682045871671	0.00195439469479005	0.00255572449936916
mactivos_margen_rank_tend6	0.00101837411989015	0.001484791247896	0.00245867167027919
Master_mfinanciacion_limite_rank_lag2	0.00101689861413554	0.00130587863495589	0.00284688298663906
cliente_edad_lag2	0.00100978247380574	0.00183576828504087	0.00190870563876937
Visa_mconsumospesos_rank_lag1	0.00100832351847523	0.00112261195912101	0.00281453204360907
vm_mlimitecompra_rank_tend6	0.00100778050298959	0.00240747443561996	0.00207046035391932
Master_mpagominimo_rank	0.00100648250397881	0.00125668788764099	0.00145579243634952
mplazo_fijo_dolares_rank	0.00100266040927528	0.00185938812398282	0.000323509430299893
Visa_mpagospesos_rank	0.000998956729399668	0.00138179101489419	0.00300863770178901
cliente_antiguedad_lag2	0.000997442866959041	0.00227347531104647	0.00229691695512924
Master_msaldopesos_rank_lag2	0.000997371078600174	0.00096902613725925	0.00116463394907962
mtransferencias_recibidas_rank	0.000994496478157157	0.00315714342889935	0.00145579243634952
Visa_mlimitecompra_rank_delta1	0.00098970550129563	0.00154851235852472	0.00323509430299893
vmr_Master_mlimitecompra_lag1	0.000985691147223161	0.00161707879251707	0.00252337355633917
Visa_mfinanciacion_limite_rank_lag2	0.000981282466944319	0.0011001140095759	0.00265277732845912
Visa_msaldototal_rank_tend6	0.000972584623923235	0.00147820461976172	0.00265277732845912
vm_fechaalta_lag1	0.000972451699590866	0.00113444475068265	0.00252337355633917
vmr_mpagominimo_delta2	0.000972053489294292	0.000915395089478149	0.00122933583513959
Master_mlimitecompra_rank	0.000971555928420893	0.001278635750056	0.00307333958784899
ccajas_transacciones_delta1	0.00095943758421485	0.000803969650438717	0.000355860373329883
Visa_mfinanciacion_limite_rank_lag1	0.000958065006441574	0.00144734981346163	0.00252337355633917
thomebanking_delta2	0.000956699762210563	0.000899942900813502	0.000873475461809712
Visa_mlimitecompra_rank_lag1	0.000955471005648042	0.00131925969796264	0.00284688298663906
mttarjeta_visa_debitos_automaticos_rank_tend6	0.000954454760325939	0.00241834117058929	0.00129403772119957
mpayroll_rank_delta2	0.000953945283792069	0.00140225299238379	0.000614667917569797
Visa_msaldopesos_rank	0.000947918786784769	0.00142613465891622	0.00187635469573938
Visa_mconsumospesos_rank_lag2	0.000939985343936124	0.00108605684044922	0.00262042638542914
Visa_mlimitecompra_rank_lag2	0.000935497470259641	0.00151333926590748	0.00274983015754909
Visa_mconsumototal_rank_delta2	0.000932739268796443	0.00106614957790572	0.00336449807511889
Visa_mpagominimo_rank_tend6	0.000930866465396506	0.00129862391038323	0.00216751318300928
rf_016_019	0.000927765975229998	0.000616684161380493	0.00139109055028954
mtransferencias_recibidas_rank_tend6	0.000925823253087463	0.00207090743857263	0.00177930186664941
mcuenta_corriente_rank_delta2	0.000924752819289029	0.00216119087815821	0.00135873960725955
rf_004_023	0.000918684401195479	0.000438895484755845	0.000258807544239915
rf_014_025	0.00091472567777892	0.00111668256985677	0.00278218110057908
vmr_Master_mlimitecompra_lag2	0.000913479701996115	0.00155163818125084	0.00249102261330918
Visa_fultimo_cierre_tend6	0.000912916733694594	0.00147352278289833	0.00174695092361942
Visa_mconsumospesos_rank_delta1	0.000911771371803025	0.00163013599739951	0.00291158487269904
ccajas_consultas_tend6	0.000907662364053134	0.00378274708266604	0.000744071689689754
vm_mpagominimo_rank_lag2	0.000896844336303457	0.00102340466632261	0.00135873960725955
Visa_mpagospesos_rank_delta1	0.000890742222724726	0.00168022943582596	0.00297628675875902
cliente_vip_lag1	0.000890714562865925	0.000833107448002229	0.000226456601209925
Visa_mconsumototal_rank_delta1	0.000889571714464084	0.00126256779487249	0.00287923392966905
vm_mpagospesos_rank_tend6	0.000887074125864921	0.000653663704178376	0.00119698489210961
rf_011_021	0.000885096996470639	0.00102988084984785	0.00249102261330918
rf_002_015	0.000883177031789577	0.00109506995711317	0.00310569053087898
rf_013_021	0.000882543370671611	0.000586635040048638	0.000841124518779722
rf_007_026	0.000878337146272495	0.000640216160814697	0.0018116528096794
vm_Finiciomora_lag1	0.000869380684905019	0.00192028324096506	0.000549966031509819
mcuentas_saldo_rank_lag1	0.00086238660902745	0.00210852909084205	0.00100287923392967
mcaja_ahorro_rank_delta2	0.000860018702989173	0.00257700780045248	0.00187635469573938
vm_Fvencimiento_lag1	0.000858877516635298	0.00150809728531382	0.00232926789815923
rf_012_027	0.000852274628588875	0.00086319448182679	0.00291158487269904
cliente_antiguedad	0.000851135202426664	0.00207655524303188	0.00207046035391932
Visa_mconsumosdolares_rank	0.000849701523164957	0.00177066942018776	0.00239396978421921
vm_status02_tend6	0.00084833316036837	0.00155769163158276	0.000582316974539808
Visa_cconsumos	0.000842506796471738	0.00132243642666488	0.00197340752482935
Visa_msaldopesos_rank_tend6	0.000842284027627037	0.00132479002709238	0.00171459998058943
Visa_msaldopesos_rank_lag2	0.000841390491057889	0.00121447410694161	0.00203810941088933
vm_mpagominimo_rank	0.000835062249775983	0.00164485966102825	0.00155284526543949
Visa_msaldototal_rank_lag2	0.00083318615904253	0.0011184953387862	0.00194105658179936
mactivos_margen_rank_lag1	0.000831286408887273	0.00186580138700961	0.0015204943224095
Visa_mpagospesos_rank_lag2	0.000828265620744241	0.00106844052482415	0.00265277732845912
Visa_mfinanciacion_limite_rank	0.000825630422559914	0.00156518673559861	0.00255572449936916
cproductos_tend6	0.000823394224964899	0.000617574125998015	0.000129403772119957
vm_mfinanciacion_limite_rank_delta2	0.000822732586690683	0.00172247392030464	0.0021351622399793
mcaja_ahorro_rank_tend6	0.000822213496725723	0.0023638128604808	0.00210281129694931
rf_015_025	0.000811520262102788	0.00104819676665876	0.00274983015754909
vm_mlimitecompra_rank_delta2	0.000795666501931262	0.00142052031712658	0.00236161884118922
mprestamos_personales_rank_lag2	0.000790539211676605	0.00295057027066435	0.00097052829089968
Visa_Fvencimiento_tend6	0.000783290100156445	0.00105993433200633	0.00135873960725955
Visa_msaldopesos_rank_delta2	0.000774935157987469	0.00111823360019218	0.00223221506906926
Visa_mconsumosdolares_rank_tend6	0.00076682923159623	0.00144266147985652	0.00245867167027919
Visa_mpagospesos_rank_lag1	0.000763103942000761	0.00104937863967083	0.00252337355633917
ctarjeta_visa_transacciones_delta2	0.000756586216856034	0.001720574379825	0.000711720746659765
rf_010_019	0.00075176508595786	0.000867373310688364	0.00245867167027919
mpagomiscuentas_rank	0.000750237252123442	0.000800280124123857	0.000420562259389861
vmr_msaldopesos2_tend6	0.000749972941315669	0.00163563562274995	0.00161754715149947
rf_011_016	0.000747620789959951	0.000406325716637783	0.000776422632719744
mcomisiones_mantenimiento_rank_lag1	0.000742511382621471	0.0013726742173523	0.00119698489210961
mpasivos_margen_rank_tend6	0.000742312141002297	0.0017756548239822	0.0021351622399793
Visa_msaldopesos_rank_delta1	0.000736920237450731	0.00106491884583615	0.00174695092361942
rf_005_019	0.000736155432764309	0.000799938021724881	0.00281453204360907
vm_mfinanciacion_limite_rank	0.000735575262224816	0.00109071233435994	0.00171459998058943
vmr_msaldopesos_tend6	0.000734477115442797	0.00119333255247007	0.00158519620846948
Visa_mconsumototal_rank_lag2	0.00073421627370104	0.00109219305749057	0.00281453204360907
Visa_mconsumosdolares_rank_lag1	0.000732817995084969	0.000637576080776818	0.00197340752482935
rf_009_025	0.000731402295418411	0.00103298086360007	0.00187635469573938
rf_010_017	0.000729196247369943	0.000907352479229604	0.00164989809452946
Visa_mconsumosdolares_rank_lag2	0.000725697730348984	0.00127631116247504	0.00207046035391932
Visa_msaldototal_rank_lag1	0.000723927763141711	0.00112573680288605	0.00197340752482935
vm_mfinanciacion_limite_rank_tend6	0.000719987887800582	0.0014796296311073	0.00187635469573938
mtransferencias_emitidas_rank	0.000717894179426693	0.00300794628955598	0.00122933583513959
rf_008_022	0.000710972876798974	0.000611431857197264	0.00229691695512924
ctrx_quarter_normalizado_delta1	0.000702221003374179	0.00128106606543353	0.00097052829089968
Visa_mconsumosdolares_rank_delta2	0.000698371959080986	0.00149157366824614	0.00190870563876937
rf_012_016	0.000698177067697809	0.00044515585186134	0.00103523017695966
vmr_Master_mlimitecompra	0.000689229721206431	0.00112491029274576	0.00194105658179936
Master_fultimo_cierre	0.000687436372264846	0.0009404522212774	0.00207046035391932
ctrx_quarter_lag2	0.000686114092305816	0.00116845955435019	0.00139109055028954
Visa_mpagominimo_rank_delta1	0.000685664024972128	0.00170264897948826	0.00190870563876937
Master_mconsumospesos_rank_tend6	0.000685349323248154	0.00196650141746098	0.00174695092361942
ctrx_quarter_normalizado_lag2	0.00067541056505494	0.0019683402623537	0.00197340752482935
mcaja_ahorro_dolares_rank_delta2	0.000671777527245769	0.00265555607759496	0.00109993206301964
Master_fultimo_cierre_lag2	0.000670995006770064	0.00128522798496737	0.00184400375270939
mcaja_ahorro_rank_delta1	0.00066782316780157	0.00209037212171183	0.00155284526543949
Visa_mpagominimo_rank_delta2	0.000667094306465172	0.00138212920144885	0.00190870563876937
vm_Finiciomora	0.000664606912432162	0.00139636801235397	0.000355860373329883
vmr_msaldopesos2_delta2	0.000663485156176851	0.0015480244799214	0.00145579243634952
Master_msaldodolares_rank_tend6	0.000662234761758789	0.000364889498024736	0.000517615088479829
cdescubierto_preacordado_lag2	0.00065932725145292	0.00157117949034362	0.00132638866422956
vmr_Visa_mlimitecompra_tend6	0.000647136387430395	0.000840461047643889	0.000614667917569797
Visa_msaldopesos_rank_lag1	0.000645232588445333	0.000851569230013949	0.00155284526543949
rf_016_020	0.000642326379230522	0.000755490251842602	0.00210281129694931
Master_delinquency	0.000632526578454159	0.00105540966289439	0.000420562259389861
vmr_Visa_mlimitecompra_lag2	0.00062974461953458	0.0010121742028141	0.00171459998058943
vmr_mpagominimo_delta1	0.000629689967852348	0.00154739109210311	0.00113228300604963
rf_017_018	0.000618776479209981	0.000645595729938231	0.00119698489210961
Visa_cconsumos_lag1	0.000618179182481931	0.000826885438371749	0.00164989809452946
vmr_msaldototal	0.000610540626307405	0.000764142932836458	0.00103523017695966
cdescubierto_preacordado_delta1	0.000609768970061213	0.00180448727468544	0.000323509430299893
vmr_msaldopesos	0.000603551172110174	0.000412600323177159	0.000679369803629776
cliente_antiguedad_lag1	0.000602360790675478	0.000964059155732399	0.00155284526543949
ccaja_seguridad_lag2	0.000596324162558492	0.000472824673827171	9.7052829089968e-05
Visa_msaldototal_rank_delta1	0.000596059227921504	0.00106808800983915	0.00158519620846948
vmr_mpagominimo_tend6	0.000593074881023414	0.00120842421646816	0.00135873960725955
ccomisiones_otras_tend6	0.000590812983346415	0.00122218769727106	0.00142344149331953
Master_fultimo_cierre_lag1	0.000589144900226163	0.000903891406832062	0.00168224903755944
Master_mconsumosdolares_rank_tend6	0.000587982693872723	0.000586624093483843	0.00129403772119957
rf_002_024	0.000586637273911444	0.00109381653094586	0.0018116528096794
mcomisiones_mantenimiento_rank_delta2	0.000586179307643538	0.00188354042875544	0.00139109055028954
mtarjeta_visa_consumo_rank_delta1	0.000586177126923909	0.00123415594144749	0.00093817734786969
rf_012_015	0.000584910513472872	0.00066661989807672	0.00048526414544984
Visa_delinquency_tend6	0.000584546210395409	0.000679227136848535	0.000388211316359872
vm_msaldopesos_rank_delta2	0.000579080348911299	0.00163979051156331	0.00142344149331953
mttarjeta_visa_debitos_automaticos_rank_delta2	0.000575242423268281	0.00101648973024093	0.00097052829089968
Visa_cconsumos_delta2	0.000572333546371309	0.000657137681062872	0.00113228300604963
vm_fultimo_cierre_lag1	0.000569045490832748	0.00178037911215785	0.00148814337937951
mtransferencias_emitidas_rank_tend6	0.00056833363990061	0.00173978106222159	0.00119698489210961
vm_status01_delta2	0.000566837302031376	0.000221916771216313	0.000226456601209925
mtransferencias_emitidas_rank_lag1	0.000560623383491335	0.00120967408277701	0.00119698489210961
Master_msaldototal_rank_tend6	0.000550448292798809	0.000861079391916788	0.00119698489210961
vm_mlimitecompra_rank_delta1	0.000550204670840248	0.00121734593376589	0.00164989809452946
mcaja_ahorro_rank_lag2	0.000548769512035703	0.00112842164814419	0.00119698489210961
mplazo_fijo_dolares_rank_tend6	0.000547607933627769	0.00118941955603975	0.000226456601209925
rf_007_021	0.000544266868789592	0.000578719961729784	0.000582316974539808
ccajas_consultas_delta1	0.000541269986131106	0.000247440600460993	3.23509430299893e-05
Visa_cconsumos_lag2	0.000541037243143306	0.00111292193536897	0.00168224903755944
vmr_mpagominimo	0.000538868497238347	0.000534526009756423	0.00103523017695966
vm_mfinanciacion_limite_rank_delta1	0.000536834355965748	0.000904664252105917	0.00164989809452946
vmr_Visa_mlimitecompra	0.000536210621037848	0.000895991991890476	0.0015204943224095
tcallcenter_lag1	0.000529940439445871	0.0013686587859945	0.00119698489210961
vmr_mpagominimo_lag2	0.000528243624049811	0.000642589340463781	0.00109993206301964
Visa_fultimo_cierre	0.000523776439591951	0.000712167219243947	0.00103523017695966
Visa_Finiciomora	0.000521035441077373	0.0023392865925759	0.000388211316359872
rf_009_021	0.000521012554216591	0.00059141868886428	0.000452913202419851
vm_fechaalta_tend6	0.000518118741872529	0.000521708027363179	0.000841124518779722
mautoservicio_rank_delta2	0.000515712931124634	0.00134855217137667	0.00116463394907962
cdescubierto_preacordado_lag1	0.000515583798635324	0.00125812785039214	0.000905826404839701
Master_msaldopesos_rank	0.000513210885638885	0.000972223780130006	0.00126168677816958
rf_011_022	0.000510474407304643	0.000396082045897183	9.7052829089968e-05
rf_020_016	0.000505364938995798	0.000639039894579718	0.00093817734786969
rf_012_028	0.000498549513535766	0.000567115535088993	0.000291158487269904
rf_018_019	0.000495387059957586	0.000593526659057342	0.000711720746659765
vmr_mconsumototal_lag2	0.000494078064459447	0.000732896898090499	0.00119698489210961
vmr_msaldototal_tend6	0.000493912606790534	0.000895563829912986	0.00129403772119957
mcaja_ahorro_dolares_rank	0.000492857863309234	0.0027812831590415	0.00109993206301964
vm_mfinanciacion_limite_rank_lag1	0.000491967243378707	0.000564967249498757	0.00135873960725955
vmr_mpagospesos_lag2	0.000491266364948615	0.000779169095438697	0.00135873960725955
chomebanking_transacciones_tend6	0.00048997083915162	0.000833496362540086	0.00106758111998965
Visa_cconsumos_delta1	0.000487532415450368	0.000549629421287462	0.00116463394907962
Visa_mconsumosdolares_rank_delta1	0.000487468236946276	0.000403952625985161	0.00129403772119957
Master_mconsumototal_rank_tend6	0.000487122553094282	0.00115942579050711	0.00148814337937951
mtransferencias_emitidas_rank_lag2	0.000485784922389608	0.0014418934403916	0.00100287923392967
mtarjeta_visa_consumo_rank_lag2	0.000484947227143846	0.00111599542817558	0.00135873960725955
mcaja_ahorro_rank_lag1	0.000484244790978973	0.00136993713117111	0.000744071689689754
vmr_msaldopesos_lag2	0.000481857840233199	0.000330188887622942	0.000711720746659765
vmr_Visa_mlimitecompra_lag1	0.000476740483940526	0.000767940856841733	0.00135873960725955
vmr_msaldopesos_lag1	0.0004758979160372	0.000653048649631206	0.00122933583513959
mttarjeta_visa_debitos_automaticos_rank_lag2	0.000472775368987916	0.000848574766065373	0.00113228300604963
Visa_fultimo_cierre_lag2	0.00047271456388125	0.000774787710630176	0.00122933583513959
vm_fultimo_cierre	0.000471524386141403	0.000896789934166546	0.00116463394907962
vm_msaldototal_rank_delta1	0.000471172023557389	0.000604735318432721	0.000905826404839701
rf_011_017	0.000470291348635987	0.000577051011082546	0.00106758111998965
mpayroll_rank_tend6	0.000469213115345192	0.00178684826496262	0.000517615088479829
mtransferencias_recibidas_rank_lag1	0.000467914792968069	0.00204113536322621	0.00126168677816958
vmr_mconsumototal_tend6	0.000464668869693372	0.00106652576594955	0.00119698489210961
rf_014_030	0.000464069649425942	0.000751034999970826	0.000614667917569797
rf_006_013	0.000462961031150813	0.000640459566137589	0.000744071689689754
rf_008_019	0.000460531395661007	0.00064261265753676	0.00132638866422956
mttarjeta_visa_debitos_automaticos_rank_delta1	0.000458997589197935	0.000663938167694742	0.000549966031509819
rf_008_013	0.000454126537181685	0.000441156261873735	0.00103523017695966
mcaja_ahorro_dolares_rank_lag2	0.000453935847139984	0.0013609008754271	0.00116463394907962
mautoservicio_rank_lag2	0.000449719455888491	0.000816907511065941	0.00126168677816958
Master_fultimo_cierre_delta1	0.000448710594031878	0.000660791875782417	0.00093817734786969
cpagomiscuentas_tend6	0.000447808052987675	0.00124426852039993	0.000388211316359872
vmr_mpagominimo_lag1	0.000447010904338706	0.000623549971415289	0.00129403772119957
mtransferencias_recibidas_rank_delta2	0.00044283538796483	0.00160370484922726	0.00116463394907962
vmr_msaldototal_delta2	0.000440141889621767	0.000515478097047603	0.000905826404839701
rf_007_018	0.000437669953997295	0.000477669374215575	0.000744071689689754
rf_004_015	0.000435764713606657	0.000351600991338209	0.000129403772119957
rf_017_020	0.000435125422756774	0.000465403703863965	0.00109993206301964
mpagomiscuentas_rank_tend6	0.000433033841872184	0.00183477908936849	0.000647018860599787
rf_005_022	0.000432305601970429	0.000549034301947726	0.00139109055028954
vm_mfinanciacion_limite_rank_lag2	0.000430429158880686	0.000710615387940375	0.00116463394907962
vm_mpagominimo_rank_delta2	0.000429629932173095	0.00167774625655015	0.00106758111998965
Master_msaldototal_rank	0.000429341685624276	0.0013758105416609	0.00106758111998965
vm_mconsumospesos_rank_lag2	0.000428085548283983	0.000795800754210945	0.00106758111998965
Master_mpagospesos_rank	0.000427413765330832	0.0011220826081665	0.00103523017695966
Master_msaldopesos_rank_tend6	0.000426057147509357	0.000888982719559336	0.00109993206301964
vm_mlimitecompra_rank_lag2	0.000425939905754087	0.000392517915596932	0.000841124518779722
Master_cconsumos_tend6	0.00042543322963518	0.000756251082594122	0.00109993206301964
ccajas_transacciones	0.00042128274157863	0.00108529333980385	0.000841124518779722
rf_019_023	0.000420743553724912	0.000805484281221277	0.00116463394907962
mcomisiones_mantenimiento_rank_delta1	0.000416029209690393	0.00161379144121287	0.000808773575749733
rf_010_013	0.000415673662777993	0.000698368050859886	0.00126168677816958
vm_msaldototal_rank_delta2	0.000414771188830217	0.00103324313617285	0.00093817734786969
vm_mlimitecompra_rank_lag1	0.000412964023722531	0.000558206900271138	0.00109993206301964
ccomisiones_otras_lag2	0.000410764052973495	0.00110941814466978	0.00093817734786969
mttarjeta_visa_debitos_automaticos_rank	0.000409890677981278	0.00139398094925685	0.00109993206301964
Master_mpagosdolares_rank_tend6	0.000404853832857959	0.000424546051248769	0.00139109055028954
rf_002_017	0.000402790428404732	0.000489905408745421	0.00132638866422956
rf_001_013	0.00040269560917852	0.000408835149869809	0.00100287923392967
Visa_mpagosdolares_rank_tend6	0.000402213020399795	0.00132292679716914	0.00119698489210961
tcallcenter_lag2	0.000401745797560381	0.00121536932235038	0.00093817734786969
mtarjeta_visa_consumo_rank_tend6	0.000401136589552018	0.000886913996805906	0.00093817734786969
rf_009_016	0.000399043744649377	0.000465629042905122	6.47018860599787e-05
Master_mconsumototal_rank_delta2	0.000398917322579534	0.0011138907508516	0.00106758111998965
vm_mlimitecompra_rank	0.000398781738313836	0.000413102619207288	0.00106758111998965
rf_020_015	0.000398238199302792	0.000327104003269226	0.00100287923392967
mcuenta_corriente_rank_delta1	0.000398046114392475	0.00128379825680932	0.00100287923392967
tcallcenter_delta1	0.000398041651629125	0.000647354922997687	0.000388211316359872
mcuenta_debitos_automaticos_rank_tend6	0.000396795885108715	0.00191476376940365	0.000517615088479829
mtransferencias_recibidas_rank_lag2	0.000396332468431425	0.000549980156343228	0.00100287923392967
vmr_msaldopesos2_lag2	0.000396315196367812	0.000923320758375951	0.00122933583513959
Master_mpagominimo_rank_lag2	0.000389277667195935	0.000875044004723247	0.00109993206301964
Master_mpagominimo_rank_tend6	0.000389101774185614	0.00132055673239621	0.00093817734786969
Master_mconsumospesos_rank	0.00038856710666833	0.000488475235605063	0.00093817734786969
vm_msaldopesos_rank_tend6	0.000388045926920355	0.000843765308275824	0.00097052829089968
cmobile_app_trx_lag2	0.000387638138541782	0.00125643985450208	0.000808773575749733
mcaja_ahorro_dolares_rank_tend6	0.00038593962244898	0.00181669812321661	0.000776422632719744
rf_014_023	0.000384934681166277	0.000891848227634832	0.00103523017695966
vm_msaldototal_rank	0.000382968449582704	0.000431883631527314	0.000808773575749733
Master_mpagospesos_rank_lag2	0.000378020051539215	0.00119468841356487	0.00113228300604963
ccajas_transacciones_tend6	0.000372998146947941	0.00157130328442191	0.000582316974539808
Visa_mpagado_rank_tend6	0.000372908242362384	0.00101443871778338	0.00100287923392967
mcuenta_debitos_automaticos_rank_lag1	0.000371655240774061	0.00102311364789268	0.000647018860599787
vm_fultimo_cierre_lag2	0.000371218484110187	0.000755738462974429	0.00113228300604963
vm_msaldototal_rank_tend6	0.000369536557528805	0.000616983812467213	0.00093817734786969
ctarjeta_visa_transacciones	0.000369509777425972	0.0025217832710237	0.000647018860599787
Master_mpagospesos_rank_tend6	0.000369064016577294	0.000889964439528924	0.00113228300604963
ccajas_transacciones_lag2	0.000368675010448674	0.000836685283757591	0.00103523017695966
vmr_Master_mlimitecompra_tend6	0.000368111548860661	0.00178288979134034	0.00093817734786969
vmr_msaldopesos2	0.00036655247069135	0.000589955320043689	0.00097052829089968
ccajas_transacciones_lag1	0.000365146580195206	0.000839732878593832	0.000905826404839701
Master_mconsumototal_rank_lag2	0.00036475881324616	0.000603315023899618	0.000905826404839701
mtransferencias_emitidas_rank_delta2	0.000364448061662151	0.000963197580986176	0.000776422632719744
vm_mpagominimo_rank_tend6	0.000363649187570317	0.00106588846228694	0.00109993206301964
vm_mconsumospesos_rank_tend6	0.000361796714172228	0.000865397055258695	0.00122933583513959
ctransferencias_emitidas_tend6	0.000360477677482938	0.00170438699138982	0.000776422632719744
rf_018_025	0.000359394472556685	0.000855560899316458	0.000873475461809712
vm_cconsumos_tend6	0.000359326632418029	0.000950053693549996	0.000679369803629776
Master_msaldototal_rank_lag1	0.000359120507884936	0.000853121061317522	0.00097052829089968
rf_014_017	0.000358476020041445	0.000833233111006223	0.000711720746659765
mautoservicio_rank_tend6	0.000357843719146645	0.00112097122035214	0.00097052829089968
vmr_mpagospesos_delta2	0.000356666927770634	0.00188227214017901	0.00126168677816958
ctarjeta_visa_transacciones_lag2	0.00035539018313295	0.000453772756277572	0.00097052829089968
rf_019_024	0.000354324050436684	0.000446458671064931	0.00119698489210961
mprestamos_prendarios_rank_lag1	0.000351873338022875	0.00142041280940078	0.000194105658179936
cmobile_app_trx_tend6	0.000351526803435509	0.00207107030209763	0.000808773575749733
rf_001_019	0.000351247630230463	0.000752882121534493	0.000841124518779722
Master_mpagospesos_rank_lag1	0.00035048798644795	0.000868654859737595	0.00103523017695966
vmr_msaldopesos2_delta1	0.000348546511471298	0.000774736003685897	0.000873475461809712
ctarjeta_master_descuentos_delta1	0.000348077621850567	6.98767288987306e-05	9.7052829089968e-05
ctrx_quarter_normalizado	0.000345487002361612	0.00217392814076064	0.000808773575749733
mpayroll_rank_lag2	0.000344719757196446	0.000705718357632461	0.000258807544239915
vm_status04_delta2	0.000343822818037627	0.000704097821060415	0.000226456601209925
vm_mpagospesos_rank_delta2	0.000343753340529786	0.00057208483052385	0.00093817734786969
Master_status_tend6	0.0003434455206115	0.00120070857922009	0.000452913202419851
rf_002_026	0.000342802311615263	0.00100760111962696	0.00048526414544984
Master_fultimo_cierre_delta2	0.000341586743931349	0.000465338469457501	0.00093817734786969
rf_003_009	0.000340989702413357	0.00161695775732909	0.000323509430299893
rf_006_018	0.000336111618364381	0.000864230756627433	0.000873475461809712
Visa_fechaalta_delta1	0.000334006986373803	0.000291179068543107	0.00048526414544984
rf_009_018	0.000332318943322119	0.0010260444793711	0.000420562259389861
mcaja_ahorro_dolares_rank_lag1	0.000331618853372892	0.00172968370166411	0.000744071689689754
Master_msaldototal_rank_delta2	0.000331307541361986	0.00108387794007614	0.000905826404839701
mextraccion_autoservicio_rank_lag2	0.000329023366826903	0.000702727631535279	0.00100287923392967
ctrx_quarter_normalizado_lag1	0.000328342075434476	0.00102257602026723	0.000744071689689754
vm_mpagospesos_rank_delta1	0.000327038840923414	0.000979679102727449	0.000873475461809712
mtransferencias_emitidas_rank_delta1	0.000326710556027627	0.000902188103550587	0.000582316974539808
thomebanking_tend6	0.000324593050248224	0.00260896304800214	0.000647018860599787
rf_011_024	0.000320860856541693	0.000583202001536548	0.000873475461809712
rf_019_016	0.000318503789437088	0.000503026780076778	0.00097052829089968
ccomisiones_mantenimiento	0.000317321992299103	0.00137513826238883	0.000194105658179936
rf_010_016	0.000317160976776902	0.000519886536780497	0.000291158487269904
ccomisiones_otras_delta2	0.000315368507708513	0.000602577599217539	0.00048526414544984
Visa_fultimo_cierre_lag1	0.000314825822344151	0.000391680725881229	0.000776422632719744
mcaja_ahorro_dolares_rank_delta1	0.000313989505460061	0.000736539434273554	0.000582316974539808
vmr_msaldototal_lag1	0.000313413069533134	0.000467019345630614	0.000905826404839701
cmobile_app_trx_delta2	0.000312979577202559	0.00156448579946585	0.000744071689689754
Visa_mpagado_rank_delta2	0.000311335424933059	0.00116266953354505	0.000679369803629776
thomebanking_delta1	0.000310471129019279	0.000839556220617254	0.000517615088479829
vmr_mpagospesos_tend6	0.000308714101711063	0.00124391235656	0.00093817734786969
Master_msaldopesos_rank_lag1	0.000306248936224686	0.000544502246129457	0.00093817734786969
Visa_fultimo_cierre_delta1	0.000305550798875153	0.000353045136923062	0.000776422632719744
ccallcenter_transacciones_tend6	0.000304470676312222	0.00150145601335202	0.000614667917569797
Visa_msaldodolares_rank_tend6	0.000304289187905371	0.00175625724417515	0.000711720746659765
rf_019_021	0.000303703383299568	0.000413005791056902	0.000420562259389861
vmr_msaldopesos_delta2	0.000299695695305703	0.000631213189747384	0.000808773575749733
rf_006_014	0.000298346954966235	0.000592794930148816	0.000679369803629776
mextraccion_autoservicio_rank_delta2	0.000296121784176646	0.00124902493629828	0.000808773575749733
mpayroll_sobre_edad_rank_delta2	0.000295672334990284	0.000853218334450217	0.000420562259389861
mtransferencias_recibidas_rank_delta1	0.000295011064693155	0.000781777759725577	0.000873475461809712
Visa_madelantodolares_rank	0.000291089711431264	0.000124461106778122	0.000323509430299893
mcuenta_debitos_automaticos_rank_delta2	0.000289663043444917	0.00163505189495731	0.000549966031509819
vmr_msaldopesos2_lag1	0.000289616340356262	0.000258039634073369	0.000808773575749733
ccomisiones_mantenimiento_delta2	0.00028767094818317	0.000973630013222153	0.000194105658179936
rf_015_029	0.000287124060243765	0.000409202972246231	0.00106758111998965
ctransferencias_recibidas_tend6	0.000286936838529257	0.00197719941513882	0.000744071689689754
Visa_Finiciomora_delta1	0.000286718058142091	0.000434191487773471	0.000129403772119957
Master_msaldopesos_rank_delta2	0.000286588280907881	0.00116566586641932	0.000873475461809712
vm_msaldopesos_rank	0.000284961515219328	0.000490131993737042	0.000582316974539808
Master_mpagado_rank_tend6	0.000284420453292088	0.00133086421359989	0.000744071689689754
cplazo_fijo_tend6	0.000283276369192313	0.000797061923070436	0.000129403772119957
Master_mconsumospesos_rank_lag2	0.000280935207648173	0.000659642753468273	0.000776422632719744
vmr_mpagospesos	0.000280652152041661	0.00129107220461771	0.000905826404839701
vmr_msaldototal_lag2	0.000280548321620636	0.000420953175091372	0.000776422632719744
Visa_cadelantosefectivo_tend6	0.000280544890357654	0.000165735618820165	0.000614667917569797
vm_msaldopesos_rank_lag2	0.000279718015542042	0.000410117410890735	0.000614667917569797
rf_020_023	0.000278587071723571	0.000740015903058979	0.000905826404839701
vmr_mconsumospesos_lag2	0.00027827323151165	0.000805409168207558	0.000711720746659765
rf_006_020	0.000277919908210106	0.00110668435135768	0.000194105658179936
vm_mconsumototal_rank_delta2	0.000277656941793608	0.000727153244441936	0.000808773575749733
internet_tend6	0.00027648485832896	0.00222499457750343	0.000517615088479829
Master_mconsumototal_rank_lag1	0.000275019203646491	0.000897240523252397	0.000873475461809712
rf_015_023	0.000274163402209835	0.000814220262903333	0.000647018860599787
rf_003_028	0.000273304867133608	0.000695509039526097	0.000582316974539808
vmr_mconsumototal_lag1	0.000272035331423628	0.000443395946830191	0.000711720746659765
Master_madelantodolares_rank_tend6	0.000271898130308633	0.000228301555375338	0.000905826404839701
ctarjeta_debito_transacciones_tend6	0.000270942768137813	0.00172050033476882	0.000711720746659765
Master_msaldototal_rank_lag2	0.000270060956056872	0.000417843994703598	0.000711720746659765
mttarjeta_visa_debitos_automaticos_rank_lag1	0.000268495134628497	0.000793124630606057	0.000808773575749733
active_quarter_lag2	0.00026804287144693	0.000329961323670242	0.000549966031509819
Master_mpagospesos_rank_delta1	0.000267146222469053	0.000550036847089364	0.000711720746659765
rf_001_015	0.000265121037573349	0.000452888487433603	0.000679369803629776
vm_msaldototal_rank_lag2	0.000265023697347431	0.000431234758324678	0.000711720746659765
mpagomiscuentas_rank_lag2	0.000262661918742902	0.00111453286032314	0.000647018860599787
rf_017_015	0.000261633574057639	0.000432896945240824	0.000679369803629776
rf_019_020	0.000260777013956842	0.000554140384944295	0.00048526414544984
tcallcenter_tend6	0.000259142595273677	0.00116179665624819	0.00048526414544984
ctrx_quarter_lag1	0.000257978183590816	0.000658252361746318	0.000517615088479829
ccomisiones_otras	0.000257351866165116	0.000643513657715539	0.000452913202419851
rf_012_023	0.000256561110996001	0.000569454184110917	0.000647018860599787
mextraccion_autoservicio_rank_tend6	0.000256422170334566	0.00126978967975076	0.000582316974539808
Master_msaldototal_rank_delta1	0.000254939382873929	0.00102304307369851	0.000776422632719744
mautoservicio_rank_lag1	0.000252609347559481	0.000730890116874449	0.000679369803629776
Master_mpagominimo_rank_lag1	0.000251940903692534	0.000676923819421927	0.000873475461809712
Master_mpagominimo_rank_delta2	0.000251857589613732	0.00189317207082857	0.000873475461809712
vm_mconsumosdolares_rank_lag2	0.000251194535054834	0.00116963323968777	0.000582316974539808
Master_mconsumototal_rank	0.000251083574760005	0.000392388158755697	0.000679369803629776
mcuenta_debitos_automaticos_rank_lag2	0.000250830092524812	0.00125005560432183	0.000711720746659765
rf_002_021	0.000249383270648796	0.000636761140176554	0.000517615088479829
Visa_madelantopesos_rank_tend6	0.000248158369186528	0.000132798206318605	0.000549966031509819
vm_status03_delta2	0.000247643194298295	0.000303898264863806	0.000129403772119957
Master_cconsumos_lag2	0.000247030163275642	0.000809410271135013	0.000647018860599787
mpagomiscuentas_rank_delta2	0.000245406744167053	0.00059979984165333	0.000355860373329883
Master_mconsumototal_rank_delta1	0.000245380401451087	0.000379800143219621	0.000679369803629776
ccomisiones_otras_lag1	0.000243702689094242	0.000327489624937998	0.00048526414544984
vm_msaldopesos_rank_delta1	0.000243582445823833	0.00106778613384088	0.000614667917569797
active_quarter	0.000243146948542783	0.000598098585290475	0.000776422632719744
mextraccion_autoservicio_rank_lag1	0.000239658039892208	0.000536122606280257	0.000420562259389861
vm_mconsumototal_rank_lag2	0.000236424463406716	0.000443562548206591	0.000744071689689754
matm_rank_lag2	0.000236272085644636	0.00115393568777808	0.000679369803629776
vm_fultimo_cierre_delta1	0.000235533637371376	0.000487538102862813	0.000679369803629776
ctarjeta_debito_tend6	0.000234268622967555	0.00186289129170677	0.000258807544239915
Master_mconsumospesos_rank_delta1	0.000233247896024562	0.000584356374641935	0.000776422632719744
ccaja_ahorro_delta2	0.000232295696535318	0.00121578911866046	0.000194105658179936
ctarjeta_debito_transacciones_lag2	0.000230966505527232	0.0008576475103587	0.000711720746659765
Master_status	0.000229009439868804	0.000193632360724543	0.000549966031509819
vm_status06	0.000227731247985336	0.000142283271219229	0.000129403772119957
rf_007_025	0.00022621391491983	0.000403833459722875	0.00048526414544984
Visa_cadelantosefectivo	0.00022614446626121	6.08079004497212e-05	0.000291158487269904
rf_001_020	0.000225702328452468	0.000387771022319994	0.000194105658179936
mautoservicio_rank_delta1	0.000225694601927526	0.00115922172162031	0.000549966031509819
rf_005_013	0.000224709985035145	0.000316836303483953	0.000744071689689754
cprestamos_personales_tend6	0.000224669039714416	0.00193151868827543	0.000355860373329883
Master_mconsumosdolares_rank_lag2	0.000224225657659894	0.000433115876536734	0.000679369803629776
ccaja_ahorro_delta1	0.000223137089522786	0.000732251317756948	9.7052829089968e-05
mplazo_fijo_dolares_rank_delta1	0.000220407068910687	0.00067399432289043	0.000129403772119957
rf_010_007	0.000219462604530787	0.000528149591264802	9.7052829089968e-05
Master_mconsumospesos_rank_lag1	0.000218691366633477	0.000461350093024077	0.000549966031509819
Master_Finiciomora_tend6	0.000215944992875808	0.000964282803840782	0.000161754715149947
vm_mpagospesos_rank	0.000215917301564321	0.000404680083063523	0.00048526414544984
Visa_fechaalta_tend6	0.000214826280187993	0.000480231315360035	0.00048526414544984
Master_delinquency_tend6	0.000214128303690457	0.000380692866727457	0.000452913202419851
rf_016_017	0.000212298803199469	0.000649167513934193	0.000614667917569797
rf_004_025	0.000211139453217925	0.000144341047407863	0.000129403772119957
Master_msaldopesos_rank_delta1	0.000210654190186805	0.00107454995393051	0.000744071689689754
mpayroll_sobre_edad_rank_lag2	0.000208205854069232	0.000899214375777599	0.00048526414544984
tcuentas_lag2	0.000207414075667514	0.000910644547346279	0.000194105658179936
vmr_mconsumospesos_delta2	0.000206774085399938	0.000761549130958691	0.000647018860599787
Master_cconsumos	0.000205849613389253	0.000727992570072721	0.000517615088479829
ccaja_ahorro	0.000205534872894742	0.00123720300230496	0.000161754715149947
Master_Fvencimiento_delta2	0.000205246246574077	0.000284239480441518	0.000582316974539808
vmr_mpagospesos_delta1	0.000204846250422787	0.000980864446601526	0.000614667917569797
rf_015_019	0.000204786136545208	0.000363055547937409	0.000582316974539808
rf_014_024	0.000203911780274895	0.000665367272877558	0.000517615088479829
Visa_mpagosdolares_rank_delta2	0.000202722744726709	0.000845230724015035	0.000679369803629776
mautoservicio_rank	0.000201411279418641	0.00110432229626632	0.000582316974539808
vm_cconsumos_lag2	0.000201083548471869	0.000299354995491357	0.000291158487269904
rf_003_015	0.000200984723144361	0.000496545790742599	0.000582316974539808
vm_status05	0.000199083870790555	0.000294466241854386	0.000194105658179936
vm_status02	0.000197221598429223	0.000749537634501846	0.000388211316359872
ccallcenter_transacciones_delta1	0.000195640692095165	0.00160198606056144	0.000226456601209925
vmr_mconsumospesos_lag1	0.00019488445297806	0.000357580040628106	0.000549966031509819
ccomisiones_otras_delta1	0.000193189416030911	0.0011190235327867	0.000420562259389861
vm_mconsumototal_rank_delta1	0.000193020902385159	0.000445762362748182	0.000582316974539808
vmr_msaldototal_delta1	0.000192939401929411	0.00065415710056233	0.000614667917569797
mpayroll_sobre_edad_rank_delta1	0.000192842261396392	0.000921312197230666	0.000355860373329883
Master_madelantopesos_rank_lag2	0.000189613707815293	0.000212979568534235	0.000711720746659765
matm_rank_delta2	0.000189013945182513	0.000757210108465963	0.000614667917569797
Master_mpagospesos_rank_delta2	0.000184720863097729	0.000676963778833253	0.000517615088479829
Master_cconsumos_delta2	0.00018406666761461	0.000352250754505462	0.000420562259389861
vmr_mconsumototal	0.000182970562864868	0.000653640743091243	0.000549966031509819
vm_status02_delta2	0.000182938624385182	0.000580639259423932	0.000226456601209925
vmr_mconsumospesos_tend6	0.000182734590312357	0.000693371255518348	0.000582316974539808
ctarjeta_debito_transacciones_delta2	0.000182447008755666	0.00105900342901641	0.000388211316359872
mextraccion_autoservicio_rank	0.000182182377246586	0.000947005564734984	0.000549966031509819
rf_003_025	0.000179786105810152	0.00032729570164784	0.000291158487269904
Master_cconsumos_lag1	0.000177275301489908	0.000527128089876811	0.000647018860599787
Visa_mpagosdolares_rank_delta1	0.000176679245137621	0.000151471354926986	0.000452913202419851
Visa_status_delta2	0.000176420671683432	0.000232457601142704	0.000258807544239915
rf_018_021	0.000176252778788473	0.000585149778098456	0.000582316974539808
ctarjeta_master_descuentos_lag2	0.000176205171663751	0.000544611177798642	0.000129403772119957
rf_004_020	0.000176174813276991	0.000233655849503735	0.000161754715149947
vmr_mconsumototal_delta1	0.000175428882056805	0.000536919836584633	0.000647018860599787
vm_mconsumospesos_rank_delta1	0.0001744901938538	0.000443090510973458	0.00048526414544984
rf_005_014	0.000173866097114454	0.000329446390142543	0.000388211316359872
vm_Finiciomora_tend6	0.000173737478563457	0.0007831451903604	0.000291158487269904
Master_mpagominimo_rank_delta1	0.000170961515794981	0.000512367314723517	0.000549966031509819
vmr_mconsumototal_delta2	0.000170449949716674	0.000246731031671443	0.000517615088479829
vm_mconsumototal_rank	0.000168689368184469	0.000194429947014766	0.000388211316359872
cextraccion_autoservicio_tend6	0.000168437916969595	0.00132697675915409	0.00048526414544984
mtarjeta_visa_consumo_rank_lag1	0.000168319335449479	0.000906885603791252	0.000517615088479829
mpayroll_rank_delta1	0.000166513021745623	0.00163854028926861	0.000323509430299893
cextraccion_autoservicio_lag2	0.000166398046835461	0.000649431655432674	0.000323509430299893
rf_003_022	0.000165754255225693	0.000336648695799224	0.000388211316359872
Visa_delinquency_delta2	0.000165583488948353	0.00133382930871609	0.00048526414544984
active_quarter_lag1	0.000164442764305146	0.000612101466575488	0.000388211316359872
vm_mpagominimo_rank_delta1	0.000164270882336968	0.000832049814050766	0.000549966031509819
Master_madelantopesos_rank_tend6	0.000163899924034542	0.000197294565125645	0.000776422632719744
Master_mconsumosdolares_rank	0.000163793342382957	0.000149904839207224	0.000582316974539808
mtarjeta_master_consumo_rank_lag2	0.000163581552865605	0.000280418951334959	0.000388211316359872
vm_mconsumospesos_rank	0.000163189590747323	0.000316273756849217	0.000420562259389861
Master_madelantopesos_rank	0.000162616117635361	0.000139965091383508	0.000420562259389861
vmr_mconsumosdolares_lag2	0.000162527017591242	0.000467007598097663	0.000452913202419851
mpagomiscuentas_rank_lag1	0.000159653279449672	0.00145433888359595	0.000452913202419851
catm_trx_tend6	0.00015945585564804	0.00107611940653351	0.000355860373329883
rf_013_019	0.000158692309938063	0.000897562245461631	0.000388211316359872
ctarjeta_visa_transacciones_lag1	0.000157264175848394	0.00027268951963532	0.000420562259389861
rf_012_025	0.000156702999400116	0.000853237824675341	0.000355860373329883
mforex_sell_rank_tend6	0.000156566755929725	0.00191234929539631	0.000355860373329883
Master_mconsumospesos_rank_delta2	0.000155669980156004	0.000340869619987207	0.000452913202419851
matm_other_rank_lag2	0.000152734941784668	0.000556565805516428	0.000452913202419851
ccallcenter_transacciones_delta2	0.00015202130508412	0.000667065414364252	0.000258807544239915
ccaja_ahorro_lag1	0.000151634305031797	0.000247440600460993	3.23509430299893e-05
vm_cconsumos_lag1	0.000151368201790279	0.000157611309819731	0.000291158487269904
Master_madelantodolares_rank_lag1	0.000151342643386114	0.000135145843983165	0.00048526414544984
internet_lag2	0.000150928643242595	0.000727463219118219	0.000226456601209925
mtarjeta_master_consumo_rank_delta2	0.000150491382218701	0.000404763472748185	0.000291158487269904
mtarjeta_master_descuentos_rank_delta1	0.000149579237409656	0.000186592384614098	0.000291158487269904
mplazo_fijo_dolares_rank_lag2	0.000149382731998338	0.00054374764513026	0.000161754715149947
vm_mconsumototal_rank_tend6	0.000148896276438945	0.000153422424357979	0.00048526414544984
vm_status01_tend6	0.000148851846387425	0.000505659473408331	0.000194105658179936
ccajas_extracciones_tend6	0.000147717491089236	0.00164592726258343	0.000291158487269904
rf_004_017	0.000147181321708371	0.000350463260571169	0.000194105658179936
rf_017_013	0.000147145401191861	0.000759384114033646	0.000291158487269904
Visa_msaldodolares_rank_lag2	0.000146894607457763	0.00053921550031553	0.000291158487269904
rf_020_009	0.000146218308264658	0.000555647807013454	0.000258807544239915
rf_011_019	0.000144311840867408	0.000384425734319191	0.000355860373329883
Visa_fechaalta_delta2	0.000143604405062225	0.000191276090403192	0.000323509430299893
rf_003_023	0.000142843422429597	0.000345861253533963	0.000420562259389861
rf_020_019	0.000142599587408987	0.000369693349037196	0.000355860373329883
Visa_Finiciomora_tend6	0.000142568470920999	0.00110231346813164	0.000323509430299893
Visa_fultimo_cierre_delta2	0.000141995975164343	0.000154252138370895	0.000323509430299893
vm_Finiciomora_lag2	0.000141429899414752	0.000927722256384829	0.000226456601209925
rf_004_016	0.000141393811150578	0.000431888081350401	0.000323509430299893
rf_011_026	0.000141052244539744	0.000213322293908443	0.000323509430299893
vm_Fvencimiento_delta2	0.000140413194897491	0.000391156447725047	0.000355860373329883
Visa_Fvencimiento_delta2	0.000139709263780075	0.000382607180619746	0.000291158487269904
vm_mconsumosdolares_rank_tend6	0.000139693996491026	0.000294173265502297	0.000291158487269904
vm_mpagado_rank_tend6	0.000138756925392387	0.000817193723686936	0.000355860373329883
vm_status03	0.0001382617558907	0.000123596417155737	0.000323509430299893
vmr_mpagospesos_lag1	0.000137851359894396	0.000218757485820572	0.000355860373329883
cpayroll_trx_tend6	0.000137840628828664	0.000638912629639413	0.000194105658179936
rf_006_017	0.000136849033828731	0.000691157023549953	0.000323509430299893
rf_016_013	0.000136554913068439	0.000198373736220852	0.000291158487269904
Master_mconsumosdolares_rank_lag1	0.000136184658581451	0.000143953200827547	0.000452913202419851
cseguro_vida_lag2	0.00013577951806879	0.00109257494130795	0.000226456601209925
vmr_msaldopesos_delta1	0.00013569616436725	0.000249912744175545	0.000323509430299893
mpagomiscuentas_rank_delta1	0.000135694611856993	0.00068306875811653	0.000226456601209925
Visa_madelantodolares_rank_tend6	0.000135317021611276	9.4792979299028e-05	0.000452913202419851
vmr_mconsumospesos	0.000135034655712231	0.000339290555766338	0.000452913202419851
Master_fechaalta_delta2	0.000134901695951612	0.000215828434271385	0.000323509430299893
Visa_mpagosdolares_rank_lag1	0.000134897982705089	0.000124567813535762	0.000355860373329883
rf_009_019	0.000133073057559776	9.89707402030608e-05	0.000161754715149947
ctarjeta_visa_descuentos_delta2	0.000132790801287769	9.04627674560137e-05	9.7052829089968e-05
vm_mconsumosdolares_rank	0.000132627968968304	0.000510966243426152	0.000323509430299893
Visa_mpagosdolares_rank	0.000132563172774251	0.00012402066328891	0.000549966031509819
vm_mpagospesos_rank_lag1	0.00013246574206029	0.000351777916304172	0.000388211316359872
vm_status06_delta2	0.000131518596250872	0.000427186131286648	9.7052829089968e-05
vm_msaldototal_rank_lag1	0.000131094593343715	0.000455882150414023	0.000388211316359872
rf_019_015	0.000130321669948277	0.000349698869961179	0.000420562259389861
vm_fultimo_cierre_delta2	0.000130225411401021	0.000192648237850487	0.00048526414544984
cseguro_accidentes_personales	0.00012964095386912	0.000601459447672085	0.000291158487269904
ccaja_ahorro_lag2	0.000129531210870677	0.000307373932681075	0.000194105658179936
rf_018_024	0.000129088431342684	0.000355824585420044	0.000323509430299893
Master_fechaalta_delta1	0.000128901126862577	0.000121275478429702	0.000452913202419851
vmr_mconsumosdolares_tend6	0.000128668978872363	0.000307349636647017	0.000226456601209925
Visa_mpagado_rank	0.000127678485771932	0.000873613297604118	0.000420562259389861
vm_cconsumos_delta2	0.000127222827388909	0.000372635305073338	0.000194105658179936
vm_msaldopesos_rank_lag1	0.000127083119478931	0.000676997063509949	0.000355860373329883
vmr_mpagado_delta2	0.000127070772575385	0.00072114527130197	0.000194105658179936
rf_007_028	0.000126930994864366	0.000423825891880271	0.000323509430299893
ctarjeta_master_descuentos_delta2	0.000126891459329411	0.000331163309882667	0.000161754715149947
mcheques_emitidos_rank_lag2	0.000126480626443323	0.000720498089032108	0.000258807544239915
Visa_mpagosdolares_rank_lag2	0.000125796502215741	0.000119568615289757	0.000355860373329883
rf_009_023	0.000124851723731155	0.000351592892660189	0.000291158487269904
Master_cadelantosefectivo_lag2	0.000123924874122501	0.0002876974379629	0.000452913202419851
ccajas_transacciones_delta2	0.000123708358469523	0.000764159931160653	0.000388211316359872
mpayroll_sobre_edad_rank_lag1	0.00012326733832181	0.00142405596855907	0.000355860373329883
rf_014_016	0.000123137763102508	0.000303239602050378	0.000355860373329883
Master_cadelantosefectivo_lag1	0.000122572701719662	0.000111514346504723	0.000452913202419851
Visa_madelantopesos_rank	0.000122540562162887	0.000108412641819735	0.000420562259389861
minversion2_rank	0.000122359667252891	0.000494881200921986	6.47018860599787e-05
Visa_Finiciomora_lag1	0.000121187335684945	0.0011157729370212	0.000194105658179936
Visa_mpagado_rank_lag1	0.000121035524189969	0.000527971954327145	0.000420562259389861
rf_001_017	0.000121028671163139	0.00032096351439771	0.000291158487269904
rf_018_017	0.000120889608912793	0.000616530019508738	0.000258807544239915
rf_008_018	0.000120825500596744	0.000312411755391481	0.000291158487269904
rf_012_026	0.000118298967470284	0.000535072003049272	0.000258807544239915
ctarjeta_debito_lag2	0.000117244307510996	0.00123889945285888	0.000226456601209925
vm_mconsumospesos_rank_delta2	0.000116615351155605	0.000148626939012925	0.000355860373329883
vm_mconsumototal_rank_lag1	0.000116518713302666	0.00015981459522333	0.000291158487269904
Master_cadelantosefectivo	0.000116475729300742	0.000128181425868748	0.000420562259389861
vmr_mconsumosdolares	0.000114719300437946	0.000850768973829874	0.000291158487269904
tcuentas_lag1	0.000114616225972049	0.00135518543365691	0.000226456601209925
vmr_mconsumospesos_delta1	0.000114398347369304	0.000417464246801301	0.000323509430299893
rf_002_020	0.000113723548898586	0.000404205998911769	0.000388211316359872
vmr_mpagado_tend6	0.000113187478308711	0.000952139147638235	0.000355860373329883
rf_019_028	0.000113025670206944	0.000203938328988369	0.000194105658179936
Master_madelantodolares_rank	0.000112054037601182	0.000104155051089511	0.000420562259389861
Master_mpagosdolares_rank_lag2	0.000111418236961683	0.000294618692793367	0.000452913202419851
Master_Finiciomora_lag2	0.000110508414145493	0.000230865187452572	3.23509430299893e-05
mtarjeta_master_descuentos_rank_delta2	0.000110177436746661	0.000177725489136804	0.000226456601209925
cforex_buy_tend6	0.00010994128012205	0.00166169921553515	0.000226456601209925
rf_006_015	0.000109439253582787	0.000322821493529711	0.000258807544239915
vm_mconsumosdolares_rank_lag1	0.000109220395795272	0.0010616360333515	0.000355860373329883
Visa_status_delta1	0.000109037132316982	0.000307404814453303	0.000129403772119957
vm_status05_lag1	0.000108978033070013	9.98139816781628e-06	3.23509430299893e-05
vm_msaldodolares_rank_tend6	0.000107975700249408	0.00123675819798913	0.000291158487269904
mpayroll_sobre_edad_rank_tend6	0.000107794796778099	0.000378601360879819	0.000194105658179936
rf_018_023	0.00010690297420448	0.000644879575410511	0.000194105658179936
Visa_Fvencimiento_delta1	0.000106840538861775	0.000198613047706504	0.000323509430299893
cprestamos_personales_lag2	0.000105795714375826	0.00182068160484464	0.000323509430299893
mcheques_depositados_rank_tend6	0.000105292602824409	0.00125935466661739	0.000194105658179936
mtarjeta_master_consumo_rank_delta1	0.000105091856155465	0.000925157467353593	0.000258807544239915
Visa_cadelantosefectivo_lag2	0.000103583092012145	5.60221157189975e-05	0.000258807544239915
Visa_mpagado_rank_delta1	0.000103502698381376	0.000596407563520722	0.000323509430299893
Master_mconsumosdolares_rank_delta2	0.000103487692564777	0.000216420082749113	0.000291158487269904
ctarjeta_master_transacciones_tend6	0.000103257279327458	0.000986129922261094	0.000226456601209925
cinversion1	0.000103151382704137	0.00123720300230496	0.000161754715149947
Visa_delinquency_delta1	0.000103073738052281	0.00038800650695779	0.000258807544239915
Master_madelantopesos_rank_lag1	0.000102591197543228	0.000118537769273281	0.000355860373329883
rf_008_017	0.000101866038747039	0.00105174986139776	0.000291158487269904
Visa_msaldodolares_rank	0.000101790984614474	0.000157444174464561	0.000194105658179936
vm_status01_delta1	0.000101494107275962	4.73084721488411e-05	9.7052829089968e-05
ctarjeta_debito_transacciones_delta1	0.000101350669513568	0.0014729136911141	0.000226456601209925
Master_mpagosdolares_rank	0.00010064059506015	8.55979538672541e-05	0.000452913202419851
rf_016_018	9.97399001549795e-05	0.000343131376066177	0.000258807544239915
cproductos_lag2	9.97013317021936e-05	7.7948262997345e-05	0.000129403772119957
minversion2_rank_lag2	9.90766540380526e-05	0.000865647758291451	0.000161754715149947
Master_Fvencimiento_delta1	9.89411882652506e-05	0.000103177513953625	0.000355860373329883
mcajeros_propios_descuentos_rank_delta1	9.78873822077129e-05	0.000140895994373436	0.000194105658179936
rf_003_017	9.76584015804755e-05	0.000260483031930775	0.000258807544239915
catm_trx_other_tend6	9.76395502331209e-05	0.000412866778583645	0.000226456601209925
vmr_mconsumosdolares_lag1	9.74332408715142e-05	0.000517825378726316	0.000226456601209925
rf_012_019	9.57255105487143e-05	0.000315581364376785	0.000258807544239915
matm_rank_lag1	9.48463653077653e-05	0.000821341403786896	0.000291158487269904
rf_016_014	9.47820976877267e-05	0.00036166693614469	0.000194105658179936
vm_mpagospesos_rank_lag2	9.47153961081926e-05	0.000182842607694631	0.000258807544239915
cmobile_app_trx	9.46084115877958e-05	0.00130964567718893	0.000258807544239915
rf_014_028	9.45300123529086e-05	0.000952581816038991	0.000161754715149947
ccomisiones_mantenimiento_lag2	9.3345434642596e-05	0.000254550883776222	0.000129403772119957
ctransferencias_recibidas_lag2	9.30323054826063e-05	0.000738566506682883	0.000226456601209925
Master_madelantodolares_rank_lag2	9.28498180483524e-05	0.000118325690704926	0.000258807544239915
Visa_msaldodolares_rank_delta1	9.22054820326808e-05	0.000103708199855053	0.000129403772119957
Master_status_delta2	9.21836533050224e-05	0.000105623047726113	0.000226456601209925
rf_017_022	9.10193436498925e-05	0.000621035554381404	0.000129403772119957
cliente_vip_delta2	9.04073213648678e-05	0.000514421976035989	0.000194105658179936
Visa_madelantopesos_rank_lag2	9.02386640359242e-05	0.00014703336836879	0.000355860373329883
ctarjeta_master_delta2	8.99169110698647e-05	0.000439464795121673	0.000161754715149947
ccuenta_debitos_automaticos_tend6	8.98030776741104e-05	0.000990290328855085	0.000194105658179936
mextraccion_autoservicio_rank_delta1	8.97157427801141e-05	0.000794608290619928	0.000258807544239915
matm_other_rank_tend6	8.93060562635468e-05	0.000703004766517175	0.000194105658179936
ctarjeta_debito_delta1	8.91713492604311e-05	0.000734948800512657	9.7052829089968e-05
Master_mpagosdolares_rank_delta1	8.83437605321536e-05	4.63684915198145e-05	0.000194105658179936
rf_018_015	8.67557783989904e-05	0.000596783039592855	0.000258807544239915
ctarjeta_master_transacciones_lag2	8.57364324189374e-05	0.000711511760303143	0.000226456601209925
Visa_status_lag2	8.51954518324268e-05	0.00100357990349915	0.000194105658179936
ctransferencias_recibidas_delta2	8.45946804620182e-05	0.00160184037335356	0.000226456601209925
rf_002_018	8.45695315408773e-05	0.000107578566980194	6.47018860599787e-05
Visa_msaldodolares_rank_delta2	8.40598736087367e-05	0.000587563629130561	0.000226456601209925
Master_delinquency_lag2	8.38246919470565e-05	0.000405211035954337	0.000161754715149947
ccajas_depositos_tend6	8.38133993769803e-05	0.00109605443597308	0.000161754715149947
ccajeros_propios_descuentos_tend6	8.33627700463998e-05	0.000956930450149587	0.000129403772119957
mttarjeta_master_debitos_automaticos_rank_tend6	8.32806097175012e-05	0.000738803682253453	0.000161754715149947
mplazo_fijo_dolares_rank_delta2	8.32744131863513e-05	0.000334230661933417	0.000129403772119957
ccomisiones_mantenimiento_delta1	8.24492624283146e-05	0.000975851631896873	0.000129403772119957
Master_mpagado_rank	8.22079890074103e-05	0.000295149022708948	0.000258807544239915
vm_mconsumosdolares_rank_delta2	8.2041873435538e-05	0.000794786016554047	0.000258807544239915
rf_010_010	8.16584228224563e-05	0.000574932984289305	0.000161754715149947
rf_013_020	8.12577389514814e-05	0.000178586084921948	6.47018860599787e-05
vm_status06_lag1	8.11008661773727e-05	0.00020037989446167	0.000226456601209925
mforex_sell_rank_lag2	8.08669775236913e-05	0.000175503781465623	0.000129403772119957
matm_other_rank_delta2	8.0850176300469e-05	0.000879943170946243	0.000291158487269904
mcuenta_debitos_automaticos_rank_delta1	8.08450892681287e-05	0.000408905902056902	0.000194105658179936
ccajas_consultas_delta2	8.06552698396167e-05	0.000412141991399135	6.47018860599787e-05
cprestamos_personales_delta1	8.04136220121189e-05	0.00123720300230496	0.000161754715149947
vm_status04	7.94223931861968e-05	0.000155667360105678	0.000161754715149947
ctarjeta_visa_descuentos_delta1	7.85711666730314e-05	9.27928728176094e-05	0.000129403772119957
vmr_mconsumosdolares_delta2	7.85648012683944e-05	0.000626542833427553	0.000194105658179936
vmr_mpagado_lag2	7.77832429493821e-05	0.000117956355388654	0.000194105658179936
mttarjeta_master_debitos_automaticos_rank_delta2	7.74491650333292e-05	0.000919760721912941	0.000226456601209925
rf_002_022	7.70777289244806e-05	0.000144307228752397	9.7052829089968e-05
cmobile_app_trx_lag1	7.63850768672612e-05	0.00137303189413208	0.000258807544239915
vmr_Visa_mlimitecompra_delta2	7.60708984400056e-05	0.000330043823390286	0.000194105658179936
Master_mpagado_rank_lag2	7.55648217516128e-05	0.000369627936637808	0.000161754715149947
rf_001_021	7.55470833456105e-05	0.000433537185786669	0.000226456601209925
ccaja_seguridad_lag1	7.55066729809201e-05	0.000247440600460993	3.23509430299893e-05
rf_017_017	7.53800330642787e-05	0.000456110782324264	0.000194105658179936
mtarjeta_master_consumo_rank_tend6	7.48755668660404e-05	0.000500280349267105	0.000161754715149947
ccajas_extracciones_delta2	7.4595121480726e-05	0.000843973293006939	0.000194105658179936
cpagomiscuentas_delta2	7.43227271389047e-05	0.000851584715398294	0.000129403772119957
vm_mconsumospesos_rank_lag1	7.43098246415857e-05	6.24858397395969e-05	0.000226456601209925
matm_other_rank_lag1	7.31172341657705e-05	0.000160449762970855	0.000194105658179936
ctarjeta_debito_delta2	7.30595216515858e-05	0.000616939047246951	9.7052829089968e-05
minversion1_pesos_rank	7.27768848513217e-05	0.000247440600460993	3.23509430299893e-05
matm_rank	7.23490214962525e-05	0.00025242057547126	0.000226456601209925
ccajas_otras_tend6	7.21274824199481e-05	0.00110708563640372	0.000161754715149947
cproductos_delta1	7.05325736592594e-05	0.000646249141960416	9.7052829089968e-05
rf_009_017	7.01577958530447e-05	0.000169750783188576	0.000194105658179936
vm_status04_tend6	7.01329593203688e-05	0.000617379579732625	0.000129403772119957
ccajeros_propios_descuentos_delta2	7.00995355983646e-05	4.86736778721196e-05	9.7052829089968e-05
vm_Finiciomora_delta2	6.98719749156972e-05	0.000474339660595579	6.47018860599787e-05
vm_Fvencimiento_delta1	6.9044880423825e-05	4.59368586803164e-05	9.7052829089968e-05
Master_madelantopesos_rank_delta2	6.90368943262605e-05	0.000115191591307861	0.000291158487269904
Visa_madelantodolares_rank_lag2	6.8947118999285e-05	7.65720217128092e-05	0.000226456601209925
mv_status07_rank_lag2	6.88320412873874e-05	0.000605148884990484	0.000226456601209925
rf_012_022	6.87547732234073e-05	0.000245124734533278	0.000161754715149947
rf_017_019	6.82040007892085e-05	0.000257460178110901	0.000226456601209925
Master_mpagosdolares_rank_delta2	6.76969646179537e-05	9.36464378822746e-05	0.000291158487269904
Master_mconsumosdolares_rank_delta1	6.71374358119977e-05	7.45116646267844e-05	0.000226456601209925
cmobile_app_trx_delta1	6.65476755558535e-05	0.0011630712635734	0.000194105658179936
rf_001_006	6.64025940915193e-05	0.000248691089745073	9.7052829089968e-05
cforex_sell_tend6	6.476887595187e-05	0.00118925740448644	0.000194105658179936
ctarjeta_visa_lag2	6.40976342382449e-05	0.000651783297938014	9.7052829089968e-05
vm_msaldodolares_rank_lag1	6.40487864563049e-05	0.000331360170056062	0.000129403772119957
cseguro_accidentes_personales_lag2	6.4029627759204e-05	0.000231100227108059	9.7052829089968e-05
rf_007_027	6.39349550307414e-05	0.000266232292356428	6.47018860599787e-05
Master_madelantodolares_rank_delta2	6.34841951046643e-05	6.70930975680458e-05	0.000226456601209925
mtarjeta_visa_descuentos_rank_delta1	6.28087201549037e-05	9.01732619659339e-05	0.000161754715149947
vm_fechaalta_delta2	6.23771269474181e-05	0.000156997234233641	0.000129403772119957
rf_010_018	6.23178714924739e-05	0.000438024387388214	0.000194105658179936
cliente_vip	6.14487449525973e-05	0.000410334740250334	0.000161754715149947
Visa_mpagado_rank_lag2	6.11530851919268e-05	0.000338505695970145	0.000194105658179936
vmr_msaldodolares2_delta2	6.11009702709249e-05	0.000672585152915046	0.000129403772119957
matm_rank_tend6	6.09264972205446e-05	0.000129318355667632	0.000194105658179936
mtarjeta_visa_descuentos_rank_delta2	6.07815331232839e-05	0.000103606921881579	0.000161754715149947
vmr_msaldodolares2	6.02061943814743e-05	0.000398195088888565	0.000161754715149947
ctarjeta_visa_transacciones_delta1	6.0185447429228e-05	0.00138108046714356	0.000226456601209925
rf_005_020	5.99907673665931e-05	0.000464174217744859	0.000226456601209925
ccaja_seguridad_tend6	5.98266683882306e-05	0.00123720300230496	0.000161754715149947
Master_mpagosdolares_rank_lag1	5.97500341627385e-05	7.12550171018867e-05	0.000258807544239915
ccajas_depositos_delta2	5.94303268175182e-05	0.000555180041610484	9.7052829089968e-05
cpayroll_trx_delta2	5.84853147246086e-05	0.00107627924417882	0.000161754715149947
mv_status07_rank_tend6	5.71498703664806e-05	0.000139955390769177	0.000161754715149947
vm_status01_lag2	5.70347635239065e-05	0.000327257433169287	0.000129403772119957
vmr_mpagado	5.69305730857162e-05	0.000809546613714418	0.000161754715149947
mcheques_depositados_rank	5.68226454772584e-05	0.000227196753299147	3.23509430299893e-05
vmr_mpagado_lag1	5.65148375208443e-05	0.000315321939690778	0.000129403772119957
rf_001_018	5.64679042013353e-05	0.000338718397513733	0.000129403772119957
vmr_Master_mlimitecompra_delta1	5.62556651286882e-05	0.000501164707107537	9.7052829089968e-05
Visa_madelantodolares_rank_delta2	5.53423394717852e-05	6.05733947730042e-05	0.000226456601209925
rf_019_026	5.50246318547148e-05	0.000226728186928022	0.000258807544239915
internet_delta2	5.50029661053635e-05	0.000313321833209359	6.47018860599787e-05
rf_009_008	5.45464898117512e-05	0.000157242241492845	6.47018860599787e-05
mcheques_emitidos_rank_delta1	5.41646938773863e-05	0.00113045931113247	0.000161754715149947
rf_020_021	5.39729487282108e-05	0.000100217580632209	0.000161754715149947
Master_mpagado_rank_delta1	5.39376716196866e-05	0.000374278446746668	0.000129403772119957
mforex_sell_rank_delta1	5.36913775196497e-05	0.000223216208554357	9.7052829089968e-05
cseguro_vida_delta2	5.35655583281551e-05	0.00110839157048347	0.000161754715149947
ctarjeta_visa_debitos_automaticos_lag2	5.34037454416399e-05	0.000701384229945129	0.000129403772119957
ctarjeta_master_transacciones_delta2	5.24553958457154e-05	0.000466064146606628	0.000129403772119957
Visa_msaldodolares_rank_lag1	5.19380143439187e-05	3.95276004943093e-05	0.000161754715149947
vmr_msaldodolares2_tend6	5.19006807785065e-05	0.000335651579441753	0.000129403772119957
mforex_buy_rank_tend6	5.1570150331504e-05	0.00162874240180493	0.000226456601209925
rf_008_010	5.13533443568566e-05	0.000371222486243022	9.7052829089968e-05
rf_013_022	5.098534876385e-05	0.000139077084688145	0.000129403772119957
catm_trx_lag2	5.06398088413223e-05	0.000477234893489301	0.000161754715149947
vm_msaldodolares_rank_lag2	5.051595308557e-05	0.00043597524385637	0.000129403772119957
Master_msaldodolares_rank_delta2	5.0463171677206e-05	4.15116876126126e-05	6.47018860599787e-05
rf_020_027	5.00943970145126e-05	0.000200176359553643	0.000161754715149947
Visa_cadelantosefectivo_lag1	4.99672487886753e-05	5.7764043464873e-05	9.7052829089968e-05
Visa_madelantopesos_rank_delta1	4.981847743865e-05	5.21838763165493e-05	0.000129403772119957
matm_other_rank_delta1	4.87723375689649e-05	0.000479192459662002	0.000129403772119957
Master_status_delta1	4.82111842000638e-05	0.000608573112852861	0.000194105658179936
Master_mpagado_rank_delta2	4.78504821122331e-05	0.000218004842743534	0.000129403772119957
rf_003_026	4.76122866217214e-05	0.000469795679251436	6.47018860599787e-05
matm_rank_delta1	4.75502830322319e-05	0.000456375101815668	9.7052829089968e-05
ctarjeta_debito_transacciones_lag1	4.73142581993039e-05	0.000435688319263681	0.000226456601209925
mv_status07_rank_delta1	4.69760141039625e-05	0.0013884725132567	0.000194105658179936
Visa_madelantopesos_rank_lag1	4.68127142160303e-05	4.79027015239604e-05	0.000161754715149947
vm_status03_tend6	4.66918405549667e-05	0.000711669462033368	9.7052829089968e-05
ccajeros_propios_descuentos_lag2	4.60490669708696e-05	0.000199259251015286	9.7052829089968e-05
mttarjeta_master_debitos_automaticos_rank	4.60351788152982e-05	0.00119113878968788	0.000161754715149947
ccheques_emitidos_lag2	4.56297850627706e-05	1.3310577809042e-05	6.47018860599787e-05
rf_003_027	4.54761242623849e-05	0.000731427833496355	0.000161754715149947
vm_mpagado_rank_lag2	4.48160512782788e-05	0.000215909599044503	0.000129403772119957
ctarjeta_visa_descuentos_lag2	4.48072687311312e-05	3.79724763216517e-05	6.47018860599787e-05
vmr_msaldodolares2_lag2	4.4742534175901e-05	0.000417458818017134	0.000161754715149947
vm_mpagado_rank_delta1	4.45937391835876e-05	0.000716950601070204	0.000129403772119957
vmr_msaldodolares_lag2	4.41745794976748e-05	0.000595468116870466	0.000194105658179936
vm_status01_lag1	4.41057102862071e-05	0.000338353779009934	0.000129403772119957
vm_msaldodolares_rank_delta2	4.38398499410539e-05	0.000169134304698019	0.000129403772119957
rf_016_016	4.38181344993596e-05	0.000744305532515435	0.000161754715149947
vm_status03_lag1	4.37272164617888e-05	1.55959179503764e-05	9.7052829089968e-05
vm_mpagosdolares_rank_lag1	4.35543259670736e-05	0.000566584048219409	9.7052829089968e-05
ctransferencias_emitidas_lag2	4.35452805401979e-05	0.000560449255121446	9.7052829089968e-05
vm_status03_lag2	4.32419480126453e-05	7.23977316707848e-05	0.000129403772119957
rf_009_022	4.27962241754065e-05	9.44726810331819e-05	6.47018860599787e-05
ccajas_extracciones_lag2	4.26919070821009e-05	0.000412656479944525	9.7052829089968e-05
vm_mpagosdolares_rank_delta2	4.25964108139334e-05	0.000424707846816235	0.000129403772119957
ctarjeta_visa_descuentos_tend6	4.22125155006692e-05	0.00115070778611032	0.000194105658179936
vm_mpagosdolares_rank_tend6	4.19905473449798e-05	0.000864004171635811	0.000161754715149947
mcheques_emitidos_rechazados_rank_lag2	4.17284942525912e-05	0.00048181322746768	9.7052829089968e-05
Visa_madelantopesos_rank_delta2	4.16906296504263e-05	2.14925565166909e-05	0.000129403772119957
rf_007_024	4.15471367930572e-05	0.00035790683563566	9.7052829089968e-05
vmr_Master_mlimitecompra_delta2	4.11576998963169e-05	3.69545347921302e-05	9.7052829089968e-05
Master_mpagado_rank_lag1	4.08151839350299e-05	0.00013528218656257	9.7052829089968e-05
Visa_delinquency_lag2	4.07687161434335e-05	4.19137736268089e-05	9.7052829089968e-05
vmr_msaldodolares_lag1	4.00950555985629e-05	0.000670529601637956	0.000129403772119957
rf_005_021	3.95020180709475e-05	8.06860611502275e-05	9.7052829089968e-05
mpayroll_rank_lag1	3.8711558430435e-05	0.000231147217239865	6.47018860599787e-05
vmr_mpagado_delta1	3.82215258491311e-05	8.17458310167725e-05	9.7052829089968e-05
catm_trx	3.77676997434416e-05	7.76209340110205e-06	3.23509430299893e-05
mv_status07_rank	3.75795501922602e-05	0.000343137516822038	0.000129403772119957
active_quarter_delta2	3.74061976174662e-05	0.000249377519454567	0.000129403772119957
minversion2_rank_lag1	3.73930305516843e-05	0.000924360148052755	0.000129403772119957
Master_cconsumos_delta1	3.65804037328998e-05	0.000169017897326047	0.000129403772119957
rf_009_012	3.64718372197495e-05	0.000677992933916956	9.7052829089968e-05
mcheques_depositados_rank_delta2	3.64452266985786e-05	5.45415705812882e-05	3.23509430299893e-05
mcajeros_propios_descuentos_rank_delta2	3.63706746831812e-05	8.01286763102736e-05	9.7052829089968e-05
ccajas_depositos	3.59904836098546e-05	0.000733277713950336	9.7052829089968e-05
Master_madelantopesos_rank_delta1	3.5706940381149e-05	3.8320363490641e-05	0.000129403772119957
rf_003_016	3.51875965694333e-05	0.00020640940474538	9.7052829089968e-05
mcheques_emitidos_rechazados_rank_lag1	3.47063603266118e-05	0.000997133177802749	0.000161754715149947
vm_status05_tend6	3.39010913256562e-05	0.000227959363979901	6.47018860599787e-05
cprestamos_personales_lag1	3.38110310950354e-05	0.000740024624712231	9.7052829089968e-05
mtarjeta_master_descuentos_rank_lag2	3.35724691490569e-05	0.000112800968352274	9.7052829089968e-05
ctarjeta_visa_descuentos	3.3196696369062e-05	0.00011756450396756	6.47018860599787e-05
cplazo_fijo_lag2	3.30730995526564e-05	0.000963622717083967	0.000129403772119957
rf_012_020	3.29843858066387e-05	5.08854179395849e-05	9.7052829089968e-05
mv_status07_rank_lag1	3.28250497312662e-05	0.000542487010249541	0.000129403772119957
cplazo_fijo_delta2	3.28215844473129e-05	0.000203346769507102	3.23509430299893e-05
mprestamos_prendarios_rank_tend6	3.27699094417445e-05	0.00118999162529589	0.000161754715149947
mtarjeta_master_consumo_rank_lag1	3.2057396455174e-05	0.000407788818468989	9.7052829089968e-05
rf_011_025	3.19302147360952e-05	5.08917366883693e-05	0.000161754715149947
rf_015_027	3.16925655513139e-05	0.000418695067867334	9.7052829089968e-05
vmr_mpagosdolares	3.1342788874453e-05	0.000246673806946536	9.7052829089968e-05
vmr_Visa_mlimitecompra_delta1	3.13407570449485e-05	0.000122418637980909	9.7052829089968e-05
mcheques_emitidos_rank	3.09040777902181e-05	0.000494881200921986	6.47018860599787e-05
cprestamos_personales	3.08631538337442e-05	0.000987850579852611	0.000129403772119957
Master_madelantodolares_rank_delta1	3.04624646151088e-05	3.01320660342077e-05	9.7052829089968e-05
vm_mpagado_rank	3.00665160974375e-05	0.000259333019652014	0.000129403772119957
ctransferencias_emitidas_delta2	2.9952624862514e-05	0.000516812509995115	9.7052829089968e-05
mtarjeta_master_consumo_rank	2.9935074403921e-05	0.00109470524961291	0.000194105658179936
cprestamos_prendarios_delta2	2.973625007817e-05	0.000715927764735286	9.7052829089968e-05
rf_008_014	2.93453704389391e-05	0.000359340568634488	0.000129403772119957
ctarjeta_master_transacciones_delta1	2.91843653306034e-05	0.000912122244597212	0.000129403772119957
vmr_mpagosdolares_lag2	2.86159838950027e-05	0.000118173328762406	6.47018860599787e-05
mcaja_ahorro_adicional_rank_delta1	2.8605916220619e-05	0.000691681301706136	9.7052829089968e-05
catm_trx_delta2	2.81173586788602e-05	0.000383269492288106	0.000129403772119957
vm_cconsumos	2.80912005275425e-05	3.43094709523935e-05	6.47018860599787e-05
cseguro_auto	2.7886016426271e-05	0.000742321801382978	9.7052829089968e-05
cplazo_fijo_delta1	2.78311387350216e-05	0.000247440600460993	3.23509430299893e-05
Master_msaldodolares_rank_lag2	2.77122236545875e-05	3.72363865864994e-05	0.000161754715149947
vmr_mpagosdolares_tend6	2.76196016131688e-05	4.6570869473839e-05	6.47018860599787e-05
rf_013_018	2.71139544263446e-05	1.70690763817603e-05	9.7052829089968e-05
vm_mpagado_rank_delta2	2.7107871040431e-05	0.000347843738715955	9.7052829089968e-05
ccheques_emitidos_rechazados_lag2	2.68343033093308e-05	9.71210377420034e-05	3.23509430299893e-05
Visa_Finiciomora_lag2	2.66196200744151e-05	0.000152829618926248	6.47018860599787e-05
mv_status07_rank_delta2	2.65007601593201e-05	0.000562574312635165	0.000129403772119957
vm_status04_lag2	2.64201596585298e-05	4.03024926867856e-05	9.7052829089968e-05
mcajeros_propios_descuentos_rank_lag1	2.63114327155669e-05	6.7804090300984e-05	3.23509430299893e-05
vmr_mpagosdolares_lag1	2.59279477648761e-05	0.000269285137983914	9.7052829089968e-05
mtarjeta_visa_descuentos_rank_lag1	2.58494460800735e-05	5.41618226789916e-05	6.47018860599787e-05
mcheques_depositados_rank_delta1	2.56072992314216e-05	0.000968660450797911	0.000129403772119957
active_quarter_tend6	2.53246424477949e-05	0.000929192388936514	0.000129403772119957
Visa_status_tend6	2.52372188952179e-05	0.000273277608254578	6.47018860599787e-05
vm_status05_delta1	2.50159788657133e-05	0.000500330454275072	9.7052829089968e-05
mprestamos_hipotecarios_rank_tend6	2.46807272789257e-05	0.000247440600460993	3.23509430299893e-05
mcheques_emitidos_rank_delta2	2.45880551383725e-05	0.00015164222813355	6.47018860599787e-05
mtarjeta_visa_descuentos_rank_lag2	2.4516066622508e-05	0.000112574650350038	9.7052829089968e-05
rf_018_026	2.42896838324124e-05	0.000454097237377121	9.7052829089968e-05
mttarjeta_master_debitos_automaticos_rank_delta1	2.4077890585771e-05	0.000577966339691667	9.7052829089968e-05
mforex_buy_rank_delta1	2.39531595024444e-05	5.56040993381475e-06	3.23509430299893e-05
cseguro_vivienda_delta2	2.38519643170019e-05	0.000365343735965519	6.47018860599787e-05
mprestamos_hipotecarios_rank_lag2	2.3284604003086e-05	0.000405289352840679	6.47018860599787e-05
ctarjeta_master_descuentos_tend6	2.31462791669669e-05	0.000688105245880009	9.7052829089968e-05
Master_delinquency_lag1	2.29614679631679e-05	6.5777195884578e-05	6.47018860599787e-05
vm_status02_delta1	2.27011635557372e-05	1.09512816079916e-05	6.47018860599787e-05
cliente_edad_delta2	2.26507604489819e-05	0.00012956710077823	6.47018860599787e-05
rf_003_024	2.19958043315321e-05	0.000464630413607801	9.7052829089968e-05
mttarjeta_master_debitos_automaticos_rank_lag1	2.1967699561457e-05	0.000434027556290924	9.7052829089968e-05
vm_status05_lag2	2.19625931086657e-05	0.00011089555410616	9.7052829089968e-05
Master_msaldodolares_rank_delta1	2.1850709357319e-05	1.2282757672266e-05	6.47018860599787e-05
rf_015_022	2.13895946719302e-05	0.000421625365366986	6.47018860599787e-05
cextraccion_autoservicio_delta1	2.10701350078243e-05	0.000447048183627577	6.47018860599787e-05
Visa_cadelantosefectivo_delta2	2.10287390499543e-05	4.96085857028263e-05	6.47018860599787e-05
mprestamos_prendarios_rank	2.0914076203923e-05	0.000240611990947209	3.23509430299893e-05
Master_Finiciomora_lag1	2.08828385492081e-05	0.000214729238972283	6.47018860599787e-05
mcajeros_propios_descuentos_rank_lag2	2.07082813435401e-05	0.000197752095935513	6.47018860599787e-05
rf_015_024	2.06006807867355e-05	7.32675830879506e-05	3.23509430299893e-05
cprestamos_hipotecarios_lag1	2.05339554945493e-05	0.000494881200921986	6.47018860599787e-05
rf_002_016	2.03117514788897e-05	0.000257523454595207	6.47018860599787e-05
catm_trx_delta1	2.01398250406935e-05	7.77686681375291e-06	3.23509430299893e-05
Master_delinquency_delta1	2.00890794022153e-05	2.67747635110683e-05	9.7052829089968e-05
ctransferencias_emitidas_delta1	1.98226783804479e-05	0.000232432326147566	3.23509430299893e-05
Visa_madelantodolares_rank_delta1	1.97131871442283e-05	3.06637308967153e-05	0.000161754715149947
ccuenta_debitos_automaticos_lag1	1.96827880871043e-05	0.000112949681439862	3.23509430299893e-05
mcaja_ahorro_adicional_rank_lag2	1.94337846934241e-05	0.000430730237383005	6.47018860599787e-05
Master_cadelantosefectivo_delta2	1.89650312973064e-05	0.00017083894292642	9.7052829089968e-05
cpagomiscuentas	1.8923721183459e-05	0.000494881200921986	6.47018860599787e-05
vm_cconsumos_delta1	1.84777344664921e-05	0.000253402117447925	6.47018860599787e-05
mttarjeta_master_debitos_automaticos_rank_lag2	1.82876318934335e-05	1.82890398794592e-05	3.23509430299893e-05
vmr_mpagosdolares_delta2	1.81195932043639e-05	0.000237636928227296	6.47018860599787e-05
mcheques_depositados_rank_lag2	1.74652225150025e-05	4.13443742645184e-05	3.23509430299893e-05
rf_014_019	1.7463027722583e-05	0.000127433944586492	6.47018860599787e-05
ctarjeta_visa	1.70911677412821e-05	0.000236073171397848	3.23509430299893e-05
vmr_msaldodolares2_lag1	1.69654538142611e-05	1.27643175268071e-05	3.23509430299893e-05
rf_019_022	1.69651588485704e-05	0.000133080236105897	6.47018860599787e-05
cseguro_vivienda_tend6	1.69288972076171e-05	0.000247440600460993	3.23509430299893e-05
ccheques_depositados_rechazados_tend6	1.68519333973694e-05	0.000729222768163521	9.7052829089968e-05
cpayroll_trx_lag2	1.66042525645484e-05	0.000470658766937508	6.47018860599787e-05
minversion1_pesos_rank_delta2	1.64420366333108e-05	0.000473725763002412	6.47018860599787e-05
vm_status06_tend6	1.64015019302246e-05	5.16553263302031e-05	3.23509430299893e-05
rf_005_016	1.61358374783163e-05	0.000458638014848641	9.7052829089968e-05
ctarjeta_master_descuentos_lag1	1.61239741158541e-05	0.000196042028922945	3.23509430299893e-05
ctarjeta_master_debitos_automaticos_tend6	1.59064070846919e-05	0.000416857379928613	6.47018860599787e-05
rf_011_010	1.58901530115674e-05	0.000146084933075897	6.47018860599787e-05
mforex_sell_rank_delta2	1.57561496479809e-05	0.000173812314713561	3.23509430299893e-05
mcaja_ahorro_adicional_rank	1.57559242018758e-05	0.000695418886110342	9.7052829089968e-05
ccaja_seguridad_delta2	1.56928119579441e-05	0.000494881200921986	6.47018860599787e-05
rf_012_017	1.53279303920379e-05	0.000226494215230075	6.47018860599787e-05
rf_004_024	1.52532179468279e-05	0.000458278291150238	6.47018860599787e-05
ccallcenter_transacciones_lag2	1.52336224303072e-05	0.000142594847831823	3.23509430299893e-05
mcheques_emitidos_rank_tend6	1.51444048783865e-05	0.000460412871285365	6.47018860599787e-05
vmr_msaldodolares2_delta1	1.49239377265408e-05	0.000127366663261407	3.23509430299893e-05
ccuenta_debitos_automaticos_lag2	1.48449826164256e-05	1.36505442929354e-05	3.23509430299893e-05
Master_delinquency_delta2	1.46381936541158e-05	0.000439404544517067	6.47018860599787e-05
cextraccion_autoservicio_delta2	1.45289786667754e-05	1.21805897341745e-05	3.23509430299893e-05
ctransferencias_recibidas	1.43405226102151e-05	0.000407054241673686	6.47018860599787e-05
ccuenta_debitos_automaticos_delta1	1.42359403855349e-05	0.000247440600460993	3.23509430299893e-05
cextraccion_autoservicio_lag1	1.42352102891595e-05	0.000458978426314843	6.47018860599787e-05
vmr_mconsumosdolares_delta1	1.41823545764611e-05	6.45162050180113e-06	3.23509430299893e-05
mplazo_fijo_dolares_rank_lag1	1.41017794066939e-05	0.00018620747491702	6.47018860599787e-05
matm_other_rank	1.39613796783312e-05	0.000300084410491877	6.47018860599787e-05
Master_status_lag1	1.33489992407861e-05	0.000235728221112097	6.47018860599787e-05
ccajas_consultas_lag2	1.32972362802766e-05	0.000416621450308508	6.47018860599787e-05
vmr_msaldodolares	1.28210304971773e-05	0.000146236761039646	3.23509430299893e-05
mprestamos_prendarios_rank_lag2	1.2658594467495e-05	0.000479867942806701	6.47018860599787e-05
rf_017_014	1.25467095903251e-05	0.000367098479201887	6.47018860599787e-05
mprestamos_hipotecarios_rank_delta1	1.23722593378655e-05	0.000247440600460993	3.23509430299893e-05
rf_014_021	1.23092886662071e-05	9.55902985998659e-05	3.23509430299893e-05
rf_007_023	1.22831279114232e-05	3.65674001835082e-05	3.23509430299893e-05
ctransferencias_emitidas	1.22670725461018e-05	0.000481932215737043	6.47018860599787e-05
vm_mpagosdolares_rank_delta1	1.21968380628556e-05	0.000477939567473455	6.47018860599787e-05
ccheques_emitidos_rechazados_lag1	1.21933254943259e-05	0.000247440600460993	3.23509430299893e-05
rf_014_022	1.21456142309534e-05	0.000114585525403329	3.23509430299893e-05
mforex_sell_rank	1.18515435697957e-05	2.8340656255598e-05	3.23509430299893e-05
mtarjeta_master_descuentos_rank	1.17672284152029e-05	8.98292016447999e-05	3.23509430299893e-05
vm_msaldodolares_rank_delta1	1.16419839564758e-05	0.000145155988008128	3.23509430299893e-05
ctarjeta_debito_transacciones	1.15063898046417e-05	1.76844869147766e-05	3.23509430299893e-05
ctarjeta_visa_debitos_automaticos	1.12714237381132e-05	0.000247440600460993	3.23509430299893e-05
cforex_sell_delta2	1.08853113974204e-05	0.000120143532432676	3.23509430299893e-05
Master_cadelantosefectivo_delta1	1.07404821174935e-05	1.44918278458788e-05	6.47018860599787e-05
rf_004_018	1.07402175490305e-05	0.000223818180621649	3.23509430299893e-05
vm_status04_lag1	1.0593290860395e-05	4.74867320617307e-06	3.23509430299893e-05
ctransferencias_recibidas_delta1	1.05290488528352e-05	0.000436918695347405	6.47018860599787e-05
cpagomiscuentas_delta1	1.04400426742291e-05	0.000159096571769913	3.23509430299893e-05
rf_015_017	1.03047536204949e-05	5.6877727702283e-05	3.23509430299893e-05
cliente_edad_tend6	1.0081728035321e-05	0.000247440600460993	3.23509430299893e-05
mcajeros_propios_descuentos_rank	9.9952715649129e-06	3.71753350137374e-05	3.23509430299893e-05
mtarjeta_master_descuentos_rank_lag1	9.97461158251246e-06	3.54192568304432e-05	3.23509430299893e-05
rf_012_021	9.77343822655729e-06	0.000124221706296008	3.23509430299893e-05
Visa_cadelantosefectivo_delta1	9.48947506578067e-06	1.12487967796291e-05	6.47018860599787e-05
cpagomiscuentas_lag1	9.37800857267476e-06	9.49574447603461e-06	3.23509430299893e-05
ctarjeta_visa_lag1	9.21881378811978e-06	0.000494881200921986	6.47018860599787e-05
mcaja_ahorro_adicional_rank_tend6	8.89148518243092e-06	0.000217785466465315	3.23509430299893e-05
ccheques_depositados_tend6	8.84027007565888e-06	0.000416857646917998	6.47018860599787e-05
cinversion1_lag1	8.79219939321491e-06	0.000247440600460993	3.23509430299893e-05
vmr_msaldodolares_tend6	8.75729211762732e-06	0.000485169284040355	6.47018860599787e-05
mprestamos_prendarios_rank_delta1	8.60011705997695e-06	0.000494881200921986	6.47018860599787e-05
Master_status_lag2	8.59295992014178e-06	0.000234853652882458	6.47018860599787e-05
cplazo_fijo	8.46065851984847e-06	0.000247440600460993	3.23509430299893e-05
vm_mconsumosdolares_rank_delta1	7.8666809298221e-06	0.000102708057617882	3.23509430299893e-05
rf_002_008	7.63139963278451e-06	7.36288197262027e-05	3.23509430299893e-05
rf_010_014	7.61994832163056e-06	1.04147219400877e-05	3.23509430299893e-05
ctarjeta_master_debitos_automaticos_delta2	7.59153366870677e-06	0.000247440600460993	3.23509430299893e-05
vm_mpagado_rank_lag1	7.48933424892827e-06	0.000155614318214474	3.23509430299893e-05
ccallcenter_transacciones_lag1	7.1788181246942e-06	0.000243723396246528	3.23509430299893e-05
cforex_tend6	7.05751348441898e-06	0.00024009038268488	3.23509430299893e-05
mforex_buy_rank_delta2	7.01878066143906e-06	0.000247440600460993	3.23509430299893e-05
rf_018_016	6.87282161788406e-06	0.000164179070704119	3.23509430299893e-05
vmr_msaldodolares_delta1	6.76934832910191e-06	0.00022858047028647	3.23509430299893e-05
vm_fechaalta_delta1	6.61166271060915e-06	8.15260987527064e-06	3.23509430299893e-05
cplazo_fijo_lag1	6.59762876092724e-06	0.000247440600460993	3.23509430299893e-05
ccajas_otras_lag2	6.29956818218319e-06	0.000196272796748268	3.23509430299893e-05
ctarjeta_visa_debitos_automaticos_delta2	6.26572312082887e-06	0.000232228702243077	3.23509430299893e-05
mcheques_emitidos_rank_lag1	5.94251390239974e-06	0.000213421079980988	3.23509430299893e-05
ccajas_depositos_lag2	5.68892728228221e-06	0.000247440600460993	3.23509430299893e-05
catm_trx_other_delta2	5.5982236436759e-06	0.00010152956647136	3.23509430299893e-05
mcheques_depositados_rank_lag1	5.42740811156835e-06	0.000243638938604325	3.23509430299893e-05
vm_status02_lag1	5.39138289349677e-06	0.000135881488736009	3.23509430299893e-05
ccajas_depositos_lag1	5.24455527730694e-06	0.000247440600460993	3.23509430299893e-05
ctarjeta_master	4.94066124541004e-06	5.37422933582918e-06	3.23509430299893e-05
vm_status06_lag2	4.83210162792713e-06	1.16103004072665e-05	6.47018860599787e-05
mprestamos_hipotecarios_rank_lag1	4.72606526179593e-06	0.000239497043274378	3.23509430299893e-05
mcaja_ahorro_adicional_rank_delta2	4.68785960555128e-06	0.000205625790899652	3.23509430299893e-05
rf_016_010	4.58586424123625e-06	0.000179896023842478	3.23509430299893e-05
mtarjeta_visa_descuentos_rank_tend6	4.47447669648551e-06	0.000235451353119585	3.23509430299893e-05
ctransferencias_recibidas_lag1	4.44169553809934e-06	0.000247440600460993	3.23509430299893e-05
vmr_msaldodolares_delta2	4.37003238515306e-06	0.000214790112552122	3.23509430299893e-05
ccajas_extracciones	4.27710017942988e-06	0.000247440600460993	3.23509430299893e-05
mcheques_emitidos_rechazados_rank_tend6	4.25353557305292e-06	0.000247440600460993	3.23509430299893e-05
rf_018_022	4.19754500552414e-06	0.000243745645361966	3.23509430299893e-05
ccomisiones_mantenimiento_lag1	4.07324961579402e-06	0.000244964451905662	3.23509430299893e-05
vm_status06_delta1	3.93106714632012e-06	0.000229915506209214	3.23509430299893e-05
cproductos	3.79869031586929e-06	0.000247440600460993	3.23509430299893e-05
cpayroll_trx	3.79618704788022e-06	0.000247440600460993	3.23509430299893e-05
ccheques_emitidos_tend6	3.78239740184286e-06	5.69390462644303e-06	3.23509430299893e-05
mpagodeservicios_rank_lag2	3.77025821268517e-06	0.000247440600460993	3.23509430299893e-05
rf_007_017	3.74226968386026e-06	0.000206767704500395	3.23509430299893e-05
ctarjeta_visa_debitos_automaticos_lag1	3.43605054550308e-06	0.000247440600460993	3.23509430299893e-05
rf_020_018	3.26669295450003e-06	0.000238488268380417	3.23509430299893e-05
mcajeros_propios_descuentos_rank_tend6	3.24936569036568e-06	0.000247440600460993	3.23509430299893e-05
vm_status02_lag2	3.24328174154044e-06	5.34156763436613e-06	3.23509430299893e-05
rf_009_024	3.11484501099729e-06	0.000241906266490471	3.23509430299893e-05
Master_msaldodolares_rank_lag1	2.63996094438959e-06	4.77012135345535e-06	3.23509430299893e-05
