Feature	Gain	Cover	Frequency
rf_013_016	0.197206178664484	0.00415361202734345	0.00329915580425009
vm_status04_tend6	0.0404618525536288	0.00216406806626938	0.000420480641718149
Visa_status	0.0381384928112261	0.00126954979502195	0.000582203965455898
rf_004_022	0.0306049854302377	0.00335949160407986	0.00359025778697804
ctrx_quarter_normalizado_lag1	0.0215688657956327	0.000693604341696453	0.000614548630203448
rf_018_027	0.0207235963612362	0.00190561157873671	0.00274929650354174
cdescubierto_preacordado_delta2	0.018778884242168	0.00199766913233408	0.000517514635960798
rf_017_021	0.0138170994936775	0.00141578357064521	0.000388135976970599
mcomisiones_otras_rank	0.0123590719400749	0.00152967120624926	0.00346087912798784
mcaja_ahorro_rank	0.011102361886386	0.00227320501450155	0.000937995277678947
cdescubierto_preacordado	0.0083657079207383	0.00270799241122413	0.00164957790212504
foto_mes	0.00807043949419954	0.00324113589036557	0.00271695183879419
rf_013_026	0.00804763277869117	0.00123297567520285	0.000743927289193648
rf_009_026	0.00751812927279949	0.00062216610507415	0.000452825306465699
mcuentas_saldo_rank	0.00712968952171236	0.0053802774832132	0.00226412653232849
rf_017_022	0.006152568168237	0.000395302428077919	0.000194067988485299
mprestamos_personales_rank	0.00565043528127721	0.00415175651288383	0.001293786589902
mpayroll_sobre_edad_rank	0.00543415520850389	0.00169642218399999	0.000355791312223049
mprestamos_personales_rank_tend6	0.00525383815329744	0.0014705165975686	0.000485169971213248
mcomisiones_rank	0.00440882968046562	0.0021824788507601	0.00336384513374519
mcomisiones_otras_rank_tend6	0.00434631425500396	0.00161983684538496	0.00255522851505644
mprestamos_personales_rank_delta2	0.00422570206740437	0.00342523912991973	0.0010350292719216
mrentabilidad_annual_rank	0.00420267483474099	0.00238317367178294	0.00278164116828929
rf_013_015	0.00378877078444791	0.00205301768240646	0.000646893294950998
mcuentas_saldo_rank_delta2	0.00373136733008737	0.0029411685216655	0.00391370443445354
rf_004_021	0.0036856372753258	0.000785666943469287	0.000549859300708348
mcomisiones_otras_rank_delta2	0.003665699055546	0.00233004029653105	0.00501342303587023
ctrx_quarter_normalizado_delta2	0.00360181638067764	0.0012417786304426	0.00174661189636769
rf_004_020	0.00359172633547327	0.000589945195232304	0.000226412653232849
mpasivos_margen_rank	0.00357631715044643	0.00266294027924925	0.00232881586182359
Master_status	0.00348112959538428	0.000932615788719147	0.000388135976970599
mcuentas_saldo_rank_tend6	0.00343026786876199	0.00400869077734147	0.00271695183879419
mprestamos_personales_rank_lag1	0.00328892213721705	0.00186051507595641	0.000614548630203448
Visa_mpagominimo_rank	0.00311542465729559	0.00150586082242801	0.00261991784455154
rf_016_022	0.00310669839148862	0.000551294592571321	0.000194067988485299
tcallcenter	0.00306907608773424	0.00196771547322805	0.00152019924313485
mrentabilidad_annual_rank_lag2	0.00306083721838562	0.00255049066513729	0.00439887440566679
mprestamos_personales_rank_lag2	0.00305085392041015	0.0021729215032638	0.000970339942426497
Visa_msaldopesos_rank	0.00296654116541566	0.00124699791248805	0.00184364589061034
thomebanking	0.00289825723569219	0.00170713609506501	0.00391370443445354
mcomisiones_rank_lag2	0.00286687690663986	0.00207322136626811	0.00481935504738493
cdescubierto_preacordado_delta1	0.00278823630569504	0.0015898550227737	0.000323446647475499
mprestamos_personales_rank_delta1	0.00268587230626204	0.0036552159370181	0.000776271953941197
mactivos_margen_rank	0.00260770139803131	0.00334586808409203	0.00291101982727949
rf_009_015	0.00250114466700891	0.000839431517783454	0.00203771387909564
rf_008_019	0.00249698375514341	0.000748281395867307	0.00161723323737749
mcomisiones_mantenimiento_rank_tend6	0.00249310495043499	0.00285950339006398	0.00210240320859074
mcuenta_corriente_rank_tend6	0.00243879984347582	0.00344105267241519	0.00252288385030889
rf_013_021	0.0023754185141695	0.00104996895249869	0.000937995277678947
mrentabilidad_rank_delta2	0.00227700816680566	0.00225227793595199	0.00543390367758838
mcomisiones_otras_rank_lag1	0.00227692676780503	0.0012546896491738	0.00323446647475499
mrentabilidad_annual_rank_delta2	0.00227585266976509	0.00336962479783727	0.00637189895526733
rf_001_019	0.00222482574177348	0.000649880499820625	0.000873305948183847
rf_003_019	0.00221763219140441	0.000419772440160123	0.000226412653232849
mrentabilidad_annual_rank_delta1	0.00216446241795607	0.00343114691224722	0.00598376297829673
mactivos_margen_rank_delta2	0.0021182402112203	0.0035224351061906	0.00549859300708348
mcomisiones_rank_delta2	0.0020655212874749	0.00181747858302436	0.00436652974091924
mactivos_margen_rank_delta1	0.00204786944101504	0.00303557693086958	0.00575735032506388
ctarjeta_visa_transacciones_tend6	0.0020355004114598	0.00201550610754678	0.0013584759193971
ccomisiones_mantenimiento_tend6	0.00203068037305029	0.00233029899338258	0.000614548630203448
rf_014_025	0.00191819868778593	0.00127554419341271	0.00313743248051234
thomebanking_lag2	0.00188160012888211	0.00188129814865845	0.00553093767183103
Visa_cconsumos_tend6	0.00182399949955331	0.00231644068895332	0.00371963644596824
Visa_msaldopesos_rank_delta2	0.00182338144552122	0.00103037069543508	0.00207005854384319
mpasivos_margen_rank_delta2	0.0018226821379438	0.00299855600323945	0.00559562700132613
ctrx_quarter	0.00176739875550421	0.00159562198757502	0.000808616618688747
Master_mlimitecompra_rank_tend6	0.00175080489208979	0.00387115075695182	0.00536921434809328
Master_fechaalta_lag2	0.0017433857891484	0.00270173471062878	0.00462528705889964
mcuenta_corriente_rank_lag1	0.00173360908603252	0.00191687591805654	0.00152019924313485
Visa_mconsumototal_rank_delta2	0.00171833579001604	0.00155867899668894	0.00401073842869619
mcuenta_corriente_rank	0.00170832522644199	0.00219967966729955	0.00194067988485299
Visa_delinquency_lag1	0.00170344906038603	0.000587270016492999	0.000388135976970599
ccaja_seguridad_lag2	0.00170020142370393	0.000430239610578657	9.70339942426497e-05
mttarjeta_visa_debitos_automaticos_rank_tend6	0.00169897745958227	0.00213054384151237	0.00126144192515445
Visa_mpagospesos_rank_tend6	0.0016976107647567	0.00245386849814444	0.00423715108192904
Master_Fvencimiento_lag2	0.0016968465447292	0.00227811113253911	0.00488404437688003
Master_fechaalta_lag1	0.00167867727319275	0.00225784589636255	0.00359025778697804
Visa_mpagospesos_rank_delta2	0.00163531135619228	0.00283466220423826	0.00514280169486043
mcuenta_corriente_rank_delta2	0.00162541739535585	0.00147964617861749	0.00145550991363975
mcuentas_saldo_rank_delta1	0.00162327212402721	0.00187749651827427	0.00236116052657114
chomebanking_transacciones_delta2	0.00162040668512755	0.00300971362235862	0.00394604909920109
Master_fechaalta	0.0016198253148727	0.00205947181902259	0.00401073842869619
rf_016_020	0.00160976985219494	0.00102258339767339	0.00213474787333829
rf_003_021	0.00160420489288978	0.000735848625338194	0.000743927289193648
Visa_mpagominimo_rank_lag1	0.00157535337604355	0.00132273329777058	0.00213474787333829
mcomisiones_otras_rank_lag2	0.00157321071794076	0.00187937869064293	0.00404308309344374
rf_012_016	0.00155269739103959	0.000528880073548792	0.00132613125464955
thomebanking_lag1	0.0015456479272592	0.00171817760614846	0.00439887440566679
tcallcenter_delta2	0.00154309290581933	0.000922213447501339	0.000614548630203448
rf_006_019	0.00154162535716506	0.00123790561708603	0.00346087912798784
Master_Fvencimiento_lag1	0.00153818253665797	0.0018426293017142	0.00452825306465699
Visa_mconsumospesos_rank_tend6	0.00153225047372094	0.00175077199241034	0.00465763172364718
mcuenta_debitos_automaticos_rank	0.00153037025192718	0.00150741433200446	0.000517514635960798
rf_007_020	0.00152763163802214	0.00145221687293815	0.000549859300708348
vm_Finiciomora_delta1	0.00151864360072171	0.00128875633138226	0.000291101982727949
Master_Fvencimiento	0.00150612712733825	0.00244877958301631	0.00449590839990944
vmr_mpagominimo_delta2	0.00150453355669301	0.00180526846360267	0.00152019924313485
mcomisiones_rank_delta1	0.00149972185492879	0.00267131413957435	0.00407542775819129
Visa_mlimitecompra_rank_tend6	0.00149233230048808	0.00333003806860294	0.00417246175243394
Visa_mfinanciacion_limite_rank_delta2	0.00145909002165445	0.00258114354082766	0.00423715108192904
mrentabilidad_rank_delta1	0.00144896506602287	0.00234492949152925	0.00388135976970599
vm_fechaalta	0.00144549771120514	0.00248855637162872	0.00294336449202704
mcomisiones_rank_tend6	0.00143328445017712	0.0020351057816421	0.00339618979849274
Master_mlimitecompra_rank_delta2	0.00142752688643458	0.00210332939326604	0.00494873370637513
vm_fechaalta_lag2	0.00142178594608823	0.00174483932346345	0.00297570915677459
Master_mfinanciacion_limite_rank_tend6	0.00141177364357321	0.0023406334056428	0.00391370443445354
vm_mpagominimo_rank_lag1	0.0013896099017266	0.00154320341625628	0.00113206326616425
Visa_mfinanciacion_limite_rank_tend6	0.00138833481282258	0.00284258792828511	0.00368729178122069
Visa_mlimitecompra_rank_delta2	0.00136077625666458	0.00164353475231424	0.00414011708768639
rf_009_021	0.00135712631083453	0.000987270878898497	0.000776271953941197
Master_mfinanciacion_limite_rank_delta2	0.00134408174539538	0.00218214142008419	0.00481935504738493
Visa_fechaalta_lag2	0.00132518494895829	0.00153760304124536	0.00278164116828929
mrentabilidad_rank	0.00131562722118955	0.0020716994742117	0.00278164116828929
chomebanking_transacciones_delta1	0.00131353507557488	0.00279224105732623	0.00268460717404664
rf_006_015	0.0013101798114783	0.00128578162756528	0.000614548630203448
mcomisiones_rank_lag1	0.00130785174530142	0.0015660565951575	0.00394604909920109
mtarjeta_visa_consumo_rank_delta2	0.00129992591181413	0.00141185954414708	0.00164957790212504
rf_012_027	0.00129016517176908	0.00157551926722269	0.00388135976970599
mrentabilidad_rank_lag2	0.00127485116943427	0.0020756802705427	0.00378432577546334
Visa_mconsumototal_rank_tend6	0.00126610326973996	0.00171513515050284	0.00394604909920109
Visa_Fvencimiento_lag2	0.00126232869625833	0.00254354623554953	0.00333150046899764
Visa_fechaalta	0.0012622064979683	0.00285566766235427	0.00307274315101724
mactivos_margen_rank_lag2	0.00125377770353238	0.00224012529487903	0.00339618979849274
rf_002_015	0.00125272288423558	0.00104035598650777	0.00362260245172559
cliente_edad_lag2	0.00125031683718451	0.00196987538381185	0.00242584985606624
ctrx_quarter_tend6	0.00124287806291945	0.00181932453251994	0.00164957790212504
numero_de_cliente	0.00124101790655603	0.00298362350020961	0.00278164116828929
rf_007_015	0.00123987345109305	0.000995377805875249	0.00152019924313485
ctrx_quarter_normalizado_delta1	0.00123980835639486	0.00118528272750762	0.000808616618688747
Visa_mfinanciacion_limite_rank	0.00123876015370813	0.00125206725486569	0.00333150046899764
mactivos_margen_rank_lag1	0.00123838011532609	0.00172276285506821	0.00245819452081379
rf_003_018	0.0012355060336874	0.000784408973568833	0.00219943720283339
Visa_msaldopesos_rank_delta1	0.00123358451870608	0.00136093638410469	0.00226412653232849
Master_mlimitecompra_rank_delta1	0.00122881870992194	0.00144338885395002	0.00423715108192904
cproductos_delta2	0.00121578270541139	0.000972667392918799	0.000161723323737749
Master_mlimitecompra_rank	0.00121103186909926	0.00169304141203364	0.00349322379273539
Visa_Fvencimiento_lag1	0.00120884914588174	0.00152654877687652	0.00310508781576479
rf_010_019	0.00120371527320163	0.00113270491725049	0.00249053918556134
chomebanking_transacciones_lag2	0.0011997873201694	0.00170254703787253	0.00355791312223049
vm_Fvencimiento_lag2	0.0011954305026474	0.00145131041546623	0.00316977714525989
cliente_vip_lag1	0.00119207021500891	0.000882729364501497	0.000258757317980399
mrentabilidad_annual_rank_tend6	0.00118737632360997	0.0027136511502286	0.00300805382152214
chomebanking_transacciones_lag1	0.00118368478075201	0.00219060809598629	0.00329915580425009
Master_mfinanciacion_limite_rank_delta1	0.00118342920273552	0.00177342917811319	0.00465763172364718
Visa_Finiciomora	0.00117364246460618	0.00234642472567663	0.000452825306465699
Master_mfinanciacion_limite_rank	0.00117222670880301	0.00263669074103287	0.00362260245172559
Visa_mconsumospesos_rank_delta2	0.00116807275575391	0.00148440527961515	0.00368729178122069
mcuentas_saldo_rank_lag2	0.00115898644386297	0.0023398767992742	0.00274929650354174
mpasivos_margen_rank_lag1	0.0011563136595129	0.00113680075884344	0.00168192256687259
internet_lag1	0.00114771614204923	0.00137298443052457	0.000226412653232849
Visa_mconsumototal_rank	0.00114455033563881	0.0012940703774233	0.00307274315101724
Visa_delinquency	0.00113963049497695	0.000863544260745803	0.000808616618688747
vm_fechaalta_tend6	0.00113349025690658	0.00135948835482615	0.001293786589902
rf_011_021	0.00113033778190858	0.00123679891532061	0.00316977714525989
Visa_mconsumototal_rank_lag2	0.00112582194354207	0.00145154227727976	0.00339618979849274
vm_Fvencimiento	0.00112154620585606	0.0023036680079428	0.00316977714525989
Visa_Fvencimiento	0.00111768667993622	0.00240408764278918	0.00284633049778439
mpayroll_rank	0.00111313550571742	0.000985287211633618	0.000226412653232849
vm_Finiciomora	0.00111165418645684	0.00144960475210993	0.000388135976970599
mrentabilidad_rank_tend6	0.00110610289430021	0.0024013131832657	0.00245819452081379
Visa_fechaalta_lag1	0.00109273548917964	0.00197105842816064	0.00304039848626969
chomebanking_transacciones	0.0010925931328665	0.00245431229476308	0.00219943720283339
Visa_msaldototal_rank_lag1	0.00108697353079173	0.000759917440317536	0.00216709253808584
mcomisiones_mantenimiento_rank_lag2	0.0010859388742131	0.000749759714198648	0.00132613125464955
Visa_mpagominimo_rank_lag2	0.00108009965567029	0.00151413779320995	0.00274929650354174
cliente_vip_delta1	0.00107647116267759	0.00162356319595956	0.000711582624446098
Visa_cconsumos_lag1	0.00107504269840734	0.00117750472901653	0.00232881586182359
rf_013_024	0.00107502304674897	0.000963981608488558	0.00249053918556134
mcomisiones_otras_rank_delta1	0.00107425723254221	0.00191138669147036	0.00336384513374519
ccaja_ahorro_tend6	0.0010677337951273	0.00237614298038985	0.000355791312223049
Visa_mconsumospesos_rank	0.0010646891124523	0.00107644238172523	0.00223178186758094
ctrx_quarter_delta2	0.00106023109896605	0.00174265957443571	0.00242584985606624
Master_mlimitecompra_rank_lag2	0.00105754461321932	0.0015460905298007	0.00352556845748294
mrentabilidad_rank_lag1	0.00105709677881643	0.00198154021171869	0.00297570915677459
vm_fechaalta_lag1	0.00105470597272234	0.00145405688861344	0.00307274315101724
mrentabilidad_annual_rank_lag1	0.00105313169738044	0.00154182163321018	0.00255522851505644
cdescubierto_preacordado_lag2	0.00104963363547508	0.0013667903192272	0.00126144192515445
Visa_msaldopesos_rank_tend6	0.00103338280940848	0.00212233843083178	0.00219943720283339
Visa_msaldototal_rank	0.00103198000528764	0.00151203810647382	0.00213474787333829
Master_mfinanciacion_limite_rank_lag1	0.00102733440871474	0.00121976814258635	0.00291101982727949
ctrx_quarter_normalizado_lag2	0.00102533301590271	0.00186538514824985	0.00187599055535789
mplazo_fijo_dolares_rank	0.00101751178366364	0.00178030328750234	0.000291101982727949
vmr_Master_mlimitecompra_lag2	0.00101446356009915	0.00177655284738867	0.00265226250929909
vm_Fvencimiento_lag1	0.00101282166715271	0.00183782733550732	0.00287867516253194
ccajas_consultas_tend6	0.00101144860424192	0.00397657818186095	0.000840961283436297
mtransferencias_recibidas_rank	0.00101010145148317	0.00212013175820155	0.0013584759193971
Visa_mlimitecompra_rank_delta1	0.0010097044036122	0.00183946099593986	0.00342853446324029
Master_mlimitecompra_rank_lag1	0.00100639072027246	0.000922354619285437	0.00284633049778439
mpasivos_margen_rank_delta1	0.0010036734308264	0.00215816267518291	0.00297570915677459
mpasivos_margen_rank_tend6	0.0009965073270567	0.0022198652840069	0.00242584985606624
mpasivos_margen_rank_lag2	0.000995731051722361	0.00233622776549227	0.00258757317980399
rf_017_018	0.000994298225961472	0.000826679472297207	0.00190833522010544
Visa_mpagospesos_rank	0.000993110407711745	0.00139875811177987	0.00320212181000744
vmr_Master_mlimitecompra_lag1	0.000988858133297244	0.00222018296480336	0.00278164116828929
Master_fultimo_cierre_tend6	0.000987937071401434	0.00210670857107171	0.00294336449202704
Visa_mconsumospesos_rank_lag1	0.000986459999293104	0.00104477154588027	0.00274929650354174
vm_status01	0.000985508568328707	0.0008585782731185	0.000549859300708348
vm_mpagominimo_rank	0.000981039889582078	0.00160409397734603	0.0014878545783873
Visa_mpagominimo_rank_delta2	0.000980458788734143	0.00252517149680293	0.00261991784455154
Visa_mlimitecompra_rank_lag1	0.000967562210903496	0.00122102407550372	0.00287867516253194
internet	0.000965785622112637	0.00169684640786814	0.000258757317980399
mcuenta_corriente_rank_lag2	0.000964850916601957	0.00215081253170372	0.00210240320859074
Visa_mfinanciacion_limite_rank_delta1	0.000961372203638638	0.00184073127630329	0.00365494711647314
Master_mfinanciacion_limite_rank_lag2	0.000955789879505836	0.00115562434238415	0.00316977714525989
cprestamos_personales_tend6	0.000951286655825101	0.00222701668878878	0.000452825306465699
Visa_mconsumototal_rank_lag1	0.000944368187789541	0.00109424756228894	0.00291101982727949
Visa_mfinanciacion_limite_rank_lag2	0.000941781491124566	0.00117258851462804	0.00268460717404664
Visa_mconsumospesos_rank_lag2	0.000933205498672315	0.00123928412324631	0.00307274315101724
cliente_edad	0.00092654065164731	0.00213778956746743	0.00184364589061034
Visa_mpagospesos_rank_lag2	0.000925302408973524	0.00168272152434845	0.00326681113950254
Visa_fultimo_cierre_tend6	0.000924891494572489	0.00141760640481102	0.00203771387909564
cproductos_tend6	0.000922005537168633	0.00109453327130745	0.000258757317980399
rf_011_022	0.000921820532773916	0.000578752061755897	9.70339942426497e-05
mcomisiones_mantenimiento_rank	0.000921429905668631	0.00358802658141342	0.00200536921434809
rf_015_025	0.000920773469742196	0.00138513237767999	0.00368729178122069
Visa_msaldototal_rank_tend6	0.000918204435145428	0.00121830603155519	0.00216709253808584
thomebanking_delta2	0.000915622906749357	0.000857500443374166	0.000808616618688747
rf_015_015	0.000906209333704395	0.00104320430880913	0.00161723323737749
rf_001_022	0.000901766587264301	0.000926916752875422	0.00349322379273539
vm_status04	0.000895808088263808	8.74959513942735e-05	0.000226412653232849
ccomisiones_otras_delta2	0.000884735808834389	0.000927521913980026	0.000808616618688747
Visa_mconsumospesos_rank_delta1	0.000882571199592752	0.00117824415387564	0.00271695183879419
vm_fultimo_cierre_tend6	0.000879337708367474	0.0021998806201089	0.00197302454960054
cliente_edad_lag1	0.000878424216201032	0.00152426815290394	0.00152019924313485
Visa_mfinanciacion_limite_rank_lag1	0.000871093875415308	0.0011779234618868	0.00245819452081379
Visa_mpagospesos_rank_delta1	0.000868386138775594	0.0014120734273708	0.00326681113950254
Visa_cconsumos	0.00086700324315353	0.000995904941671328	0.00200536921434809
Visa_mpagospesos_rank_lag1	0.000857045931840301	0.00115963976742756	0.00281398583303684
mactivos_margen_rank_tend6	0.000843278271742176	0.00134938651289532	0.00194067988485299
rf_020_025	0.000829939911114613	0.000787629532387482	0.00223178186758094
Visa_mlimitecompra_rank_lag2	0.000826191970378407	0.0013527548858342	0.00223178186758094
rf_005_019	0.00082563082888575	0.000735310153288436	0.00252288385030889
Visa_mpagominimo_rank_delta1	0.000823877842219943	0.00143088115786925	0.00226412653232849
rf_004_019	0.000823717163427943	0.00122354453209321	0.00255522851505644
Visa_mlimitecompra_rank	0.00082282935244437	0.00135713927050908	0.00239350519131869
mcaja_ahorro_rank_tend6	0.000821842978921582	0.00171450492564987	0.00200536921434809
mcaja_ahorro_rank_delta2	0.000821251164620422	0.00188422626755797	0.00161723323737749
rf_004_023	0.00082073463793826	0.000422078305010038	0.000355791312223049
mtransferencias_emitidas_rank	0.000817616704647401	0.00335937080212659	0.00152019924313485
vm_mlimitecompra_rank_tend6	0.000809880094723184	0.00259592158740112	0.00200536921434809
rf_008_013	0.000800630838105713	0.00059420204705329	0.00100268460717405
Visa_msaldototal_rank_delta2	0.000800414752424217	0.00110799896938859	0.00226412653232849
Visa_mconsumosdolares_rank_tend6	0.000794381981663133	0.00131733732958381	0.00261991784455154
cliente_antiguedad_lag2	0.000784454521872651	0.00188292897502757	0.00177895656111524
mtransferencias_recibidas_rank_tend6	0.00078337829902251	0.00225234418218443	0.00174661189636769
ccaja_ahorro_delta2	0.000780809342101043	0.00169583606425899	0.000291101982727949
Visa_mpagominimo_rank_tend6	0.000777870979470979	0.0013132706257054	0.00219943720283339
mtarjeta_visa_consumo_rank_tend6	0.000776403750436644	0.00146632510633524	0.00100268460717405
vm_status04_lag2	0.000774319692216819	8.60725430416908e-05	0.0001293786589902
rf_017_016	0.000752657962096446	0.00087115690934925	0.00174661189636769
rf_012_023	0.000749467633707253	0.000816949955448151	0.000679237959698548
mttarjeta_visa_debitos_automaticos_rank_delta2	0.000744805373869172	0.00146961802233557	0.0011644079309118
Master_mpagospesos_rank_tend6	0.000742294138760126	0.00178084866758168	0.00168192256687259
rf_010_015	0.000741884236180748	0.000967750292885487	0.00132613125464955
rf_014_015	0.000739693652867063	0.000805977347531596	0.000776271953941197
Visa_mconsumototal_rank_delta1	0.000738795213069589	0.00101397067894069	0.00239350519131869
mautoservicio_rank_delta2	0.000734974564955544	0.00126288930316307	0.00145550991363975
mpayroll_sobre_edad_rank_tend6	0.000734046724542117	0.00110628365250377	0.000388135976970599
vm_mfinanciacion_limite_rank	0.000733645850810859	0.00124662355042319	0.00197302454960054
rf_019_021	0.000732744005752143	0.000424153016562278	0.000388135976970599
ccaja_ahorro	0.000727927128113008	0.00123119774322935	0.000161723323737749
rf_007_026	0.00072085698556966	0.000687957381768067	0.00219943720283339
rf_019_015	0.000718916461052283	0.000328617270068509	0.000452825306465699
vmr_Visa_mlimitecompra	0.000713001569631268	0.00119020930394049	0.00187599055535789
rf_013_017	0.00071066016499296	0.00132908771078013	0.000711582624446098
vmr_msaldopesos_tend6	0.00070823546162695	0.00106322891528845	0.0011644079309118
Visa_mconsumosdolares_rank_lag2	0.000704490773473902	0.00118560341949647	0.00219943720283339
Visa_Fvencimiento_tend6	0.000698927680485171	0.00098461075612111	0.000873305948183847
vm_msaldopesos_rank_tend6	0.000697696462240599	0.000745281274044028	0.0010350292719216
ctarjeta_visa_transacciones_delta2	0.000696613551156891	0.00116532100181043	0.000549859300708348
Visa_mconsumosdolares_rank_lag1	0.000695527745781446	0.000915535597004009	0.00177895656111524
rf_019_016	0.000694881437791247	0.000550127224135819	0.0012290972604069
Master_fultimo_cierre	0.000693597772458578	0.000977406478343556	0.00187599055535789
vm_msaldopesos_rank_lag2	0.000689170216836105	0.000585935526880212	0.000549859300708348
vm_mfinanciacion_limite_rank_tend6	0.000681215811710489	0.00162967697927187	0.00181130122586279
cliente_antiguedad_lag1	0.000680628654692665	0.00113096675072934	0.00161723323737749
cliente_antiguedad	0.000676388262660586	0.00190845715553913	0.00164957790212504
vmr_Visa_mlimitecompra_lag1	0.000676044089634681	0.000626515861036616	0.00174661189636769
vmr_Master_mlimitecompra	0.000673489508184994	0.000945931015745593	0.00161723323737749
Master_mpagominimo_rank_lag1	0.00067273054877757	0.00174261157248654	0.00139082058414465
rf_012_025	0.000669461294083719	0.000445920749173726	0.000226412653232849
Visa_msaldototal_rank_delta1	0.000662987707750379	0.00101955449239351	0.00184364589061034
vm_mfinanciacion_limite_rank_delta2	0.00065877969048417	0.00158434923462941	0.00207005854384319
vmr_Visa_mlimitecompra_lag2	0.000658316785996283	0.00104503325392419	0.00181130122586279
Visa_delinquency_lag2	0.000657431799927488	0.00041807643033235	0.000420480641718149
mcaja_ahorro_rank_delta1	0.000653836391512756	0.00329663517718608	0.00155254390788239
rf_009_025	0.000648258937249549	0.000746137249761282	0.00174661189636769
vm_mfinanciacion_limite_rank_lag2	0.000647953539918186	0.00107967144273414	0.00168192256687259
vm_mpagominimo_rank_tend6	0.000646145907380988	0.00172183310513756	0.00168192256687259
mcomisiones_mantenimiento_rank_delta2	0.000643333692234509	0.0016742497117064	0.0014878545783873
rf_008_022	0.000640055711018927	0.000594221619803783	0.00229647119707604
Visa_status_tend6	0.000639500467008923	0.000696533789063201	0.000452825306465699
ctrx_quarter_lag2	0.000638642787055296	0.00123096039041794	0.00132613125464955
ccomisiones_otras_tend6	0.00063665130785071	0.000939931657743854	0.0013584759193971
rf_001_006	0.000634474967748764	0.00107823793803062	0.000258757317980399
cdescubierto_preacordado_lag1	0.00063003353424259	0.0016738057379588	0.0014231652488922
Visa_cconsumos_lag2	0.000627400395601837	0.000918997936858157	0.00177895656111524
vmr_mpagominimo_tend6	0.000627070089160278	0.00110459047673941	0.00126144192515445
rf_017_020	0.000623229504763239	0.00044048103013291	0.001293786589902
vm_fultimo_cierre_lag2	0.000621646691293071	0.0013789457057991	0.00152019924313485
vm_fultimo_cierre	0.00061747347218945	0.000909060470605675	0.00132613125464955
Master_fechaalta_tend6	0.000617269173071859	0.000768611815502518	0.00155254390788239
ctrx_quarter_delta1	0.000615687568725569	0.00134202689301657	0.0010997186014167
mtransferencias_recibidas_rank_lag2	0.00060725484857187	0.001045532403344	0.00145550991363975
mtransferencias_emitidas_rank_tend6	0.000607058834347425	0.001717623015363	0.00132613125464955
Master_msaldopesos_rank	0.000599607350596125	0.000889571679241656	0.00119675259565935
Visa_mconsumosdolares_rank	0.000591086379331047	0.00122785771092466	0.00184364589061034
vm_mlimitecompra_rank_delta2	0.000586750869394326	0.001489920544159	0.00177895656111524
Master_fultimo_cierre_lag1	0.000585627860485368	0.000970125769418151	0.00155254390788239
mcuentas_saldo_rank_lag1	0.000584344640604233	0.00204942674692464	0.000808616618688747
mttarjeta_visa_debitos_automaticos_rank	0.000582130595188856	0.0011538803306072	0.00126144192515445
Visa_msaldopesos_rank_lag1	0.000581148800477646	0.00118970191802387	0.00139082058414465
vm_msaldototal_rank_delta2	0.000578363704594907	0.000966744554629394	0.00132613125464955
vmr_mpagominimo	0.000577378803385671	0.000725709143502571	0.00139082058414465
Master_mconsumospesos_rank_tend6	0.000576279865591403	0.00180227516124449	0.00158488857262994
vmr_Master_mlimitecompra_tend6	0.000576271884472514	0.00201657038692539	0.00100268460717405
vm_Finiciomora_lag1	0.000574159134296186	0.000671814556529021	0.000161723323737749
rf_005_022	0.000568957633257204	0.000574676147171368	0.00164957790212504
rf_006_018	0.000565511324127896	0.00102279214415716	0.00113206326616425
rf_006_020	0.000564606530177196	0.00149706725502333	0.000355791312223049
Master_msaldototal_rank	0.000560429980892661	0.00161077519329367	0.00132613125464955
mtransferencias_emitidas_rank_lag1	0.000558081716297199	0.00127079386029875	0.0011644079309118
internet_tend6	0.000558056199060229	0.00262956581703107	0.000582203965455898
rf_001_015	0.000557643614944864	0.000280174712598753	0.000614548630203448
vmr_msaldototal_tend6	0.000556281271309783	0.000822349997601089	0.0010997186014167
mcaja_ahorro_dolares_rank_lag1	0.000554709890574235	0.00132797418954961	0.000905650612931397
ccajas_transacciones_lag2	0.0005513336396345	0.000838390530863578	0.0010997186014167
vmr_msaldopesos2_delta2	0.000550950931045255	0.00131866322844186	0.00161723323737749
vm_mfinanciacion_limite_rank_lag1	0.000550163950286879	0.000451031451164401	0.001293786589902
mcaja_ahorro_dolares_rank	0.000546576612637586	0.00297408076585281	0.000970339942426497
mcuenta_corriente_rank_delta1	0.000545016002245818	0.00135593851326391	0.000808616618688747
mtransferencias_recibidas_rank_lag1	0.000540992963337071	0.00164082202223462	0.00132613125464955
vmr_msaldopesos2_tend6	0.000540776720758513	0.00140616892192914	0.00132613125464955
vm_mlimitecompra_rank_delta1	0.000539456497630444	0.00145797356425957	0.00164957790212504
rf_018_019	0.000537995446166472	0.000652178570996136	0.000582203965455898
ccaja_seguridad	0.000537347331272282	0.00221615593781283	0.000291101982727949
vm_msaldototal_rank	0.000531789432990727	0.000931768492321115	0.000452825306465699
mtarjeta_visa_consumo_rank_lag2	0.000529168369087273	0.00142732547105121	0.00139082058414465
mpagomiscuentas_rank_tend6	0.000528091672532784	0.00234214688407344	0.000873305948183847
vm_Fvencimiento_tend6	0.000526052845757978	0.00116402610052104	0.0012290972604069
vm_mpagospesos_rank_tend6	0.000524202743639074	0.00070504262165867	0.00139082058414465
mcaja_ahorro_dolares_rank_tend6	0.000517428232107831	0.00166268620156683	0.000937995277678947
rf_011_016	0.000515895439692526	0.000347530657993832	0.000646893294950998
Visa_fechaalta_tend6	0.000515586718312917	0.000902815346166753	0.00106737393666915
Master_mpagominimo_rank	0.000514126239916706	0.00111148663868455	0.00126144192515445
vmr_msaldototal	0.00051388734063665	0.0010852491452377	0.00106737393666915
vmr_mpagominimo_lag2	0.000513814684083193	0.000768837212108872	0.00155254390788239
Master_fultimo_cierre_lag2	0.000513494609600604	0.000721545018694101	0.0013584759193971
Master_mconsumototal_rank_tend6	0.000513329703804649	0.00115469423819557	0.0011644079309118
Master_msaldopesos_rank_lag2	0.000510027429581662	0.00126271465400483	0.0014878545783873
Visa_mpagado_rank_tend6	0.000509431261156603	0.00109417803917067	0.0012290972604069
ctarjeta_visa_transacciones_lag2	0.000508053976018613	0.00111111050533006	0.00132613125464955
rf_014_024	0.000504835787888851	0.000566662212900577	0.000614548630203448
ccajas_consultas_delta1	0.000504435935051967	0.000684295063313861	9.70339942426497e-05
Master_delinquency	0.000502059702739818	0.000332566803137413	0.000226412653232849
ctrx_quarter_normalizado_tend6	0.000501094563399747	0.00130715613387723	0.00100268460717405
Visa_msaldototal_rank_lag2	0.000497469433520041	0.000752130231120327	0.00158488857262994
mtransferencias_emitidas_rank_lag2	0.000497095869909682	0.00137283776774259	0.00113206326616425
rf_004_015	0.000494536970564926	0.000789369824456188	0.000194067988485299
rf_015_029	0.000492631528271454	0.000779369211728134	0.00126144192515445
rf_002_024	0.000489832224512935	0.000648203708485418	0.00155254390788239
vm_fultimo_cierre_lag1	0.000486903711534861	0.000703783500419953	0.00132613125464955
Master_mpagominimo_rank_lag2	0.00048670488907655	0.000743332678313968	0.000937995277678947
rf_020_016	0.000486604667719196	0.00131750188239112	0.0011644079309118
rf_016_019	0.000485568326039171	0.000693197653595715	0.0014231652488922
Visa_delinquency_tend6	0.000482917274236419	0.00117227889319942	0.000420480641718149
Master_msaldototal_rank_tend6	0.000480644079231175	0.00109819417272994	0.00145550991363975
Visa_fultimo_cierre_lag2	0.000477882598518704	0.000511451557726468	0.0012290972604069
vmr_msaldopesos_lag1	0.000477377339215094	0.000494653089628153	0.0010997186014167
vm_cconsumos_tend6	0.000475765834953806	0.000251042843319981	0.000291101982727949
mpagomiscuentas_rank	0.000475326849309635	0.00118618085991825	0.000517514635960798
vm_msaldopesos_rank_delta2	0.000468687545346162	0.000989932153014149	0.000970339942426497
Visa_fultimo_cierre_lag1	0.000468020608990334	0.000893158806450756	0.0010997186014167
vm_status06_tend6	0.000466496454917491	0.00190449832319963	0.000355791312223049
Visa_cadelantosefectivo_tend6	0.000464807304246202	0.000246536948175982	0.000840961283436297
rf_012_015	0.000463607668474557	0.000484932783485211	0.000355791312223049
cplazo_fijo_tend6	0.000461053459735154	0.000712931768574509	9.70339942426497e-05
vm_mfinanciacion_limite_rank_delta1	0.000460273057575599	0.00154859141363969	0.00152019924313485
Master_Finiciomora	0.00045831852429699	0.000568529152178354	9.70339942426497e-05
Master_msaldototal_rank_lag1	0.000457556627624837	0.000612331462185117	0.00100268460717405
vm_mpagominimo_rank_lag2	0.000454731017737289	0.00125164825630197	0.0012290972604069
mcuenta_debitos_automaticos_rank_delta2	0.000453819354063249	0.00191005370745377	0.000679237959698548
rf_010_017	0.000450993666471597	0.000703386200154293	0.00126144192515445
mextraccion_autoservicio_rank_lag2	0.000448583957870563	0.000686536364656494	0.0011644079309118
Master_msaldopesos_rank_tend6	0.000448473924464803	0.000849718813739315	0.0012290972604069
Master_cconsumos_tend6	0.000446039516877238	0.000642021996215513	0.0011644079309118
Visa_cconsumos_delta2	0.000443619357960551	0.000665301790225893	0.00145550991363975
mttarjeta_visa_debitos_automaticos_rank_lag1	0.000442586811161754	0.00125794279972178	0.0011644079309118
thomebanking_delta1	0.00044086064361341	0.000827147801277325	0.000549859300708348
rf_010_013	0.000436049433410953	0.000589650364072165	0.00106737393666915
rf_002_026	0.000434404826634531	0.000830268813618354	0.000840961283436297
rf_014_023	0.000434378466935488	0.000638773982407485	0.00100268460717405
rf_005_013	0.000432568141784505	0.000685512736375064	0.00126144192515445
Master_mpagospesos_rank	0.000425420907722466	0.00171615612184982	0.00126144192515445
vm_mpagominimo_rank_delta2	0.000422253099244751	0.00136238937299421	0.00119675259565935
vmr_mconsumospesos_tend6	0.000422084391300532	0.00120785072877723	0.00106737393666915
vmr_mconsumospesos_lag1	0.000420739411900426	0.000666733169381843	0.000970339942426497
ctransferencias_recibidas_tend6	0.000418564902914105	0.00243278917725056	0.000937995277678947
mtransferencias_recibidas_rank_delta2	0.000418440511690143	0.000884514293069065	0.000970339942426497
Master_mpagospesos_rank_lag2	0.000416591984320042	0.00137123873602247	0.0010997186014167
mcomisiones_mantenimiento_rank_delta1	0.000416317886286513	0.00230122035135741	0.00106737393666915
Master_Fvencimiento_tend6	0.000414233039885824	0.000457536069535197	0.00113206326616425
ccomisiones_otras_lag2	0.000413962740464526	0.00161484845094375	0.00113206326616425
Visa_msaldopesos_rank_lag2	0.000412898738286158	0.000670122266409487	0.00119675259565935
cmobile_app_trx_tend6	0.000410721867903337	0.00251050070181701	0.00100268460717405
chomebanking_transacciones_tend6	0.00041037707531837	0.000726558742577131	0.00100268460717405
mcaja_ahorro_dolares_rank_delta2	0.000409574887845735	0.001323566512416	0.000614548630203448
mtransferencias_emitidas_rank_delta2	0.000409411804374064	0.00140488827952133	0.000711582624446098
cmobile_app_trx_lag2	0.000409366814407308	0.0019894622160573	0.000905650612931397
cpagomiscuentas_tend6	0.000408145596870466	0.00136126070723729	0.000355791312223049
ccajas_transacciones_delta1	0.000407128386068258	0.000944319230740077	0.000323446647475499
rf_007_016	0.000406134727230835	0.00105193260419067	0.000646893294950998
vmr_mpagospesos_tend6	0.000403997672118528	0.00164296581408272	0.00113206326616425
rf_006_014	0.000401130997065861	0.000901289380144167	0.00100268460717405
vm_mpagospesos_rank_delta2	0.000399456187853082	0.000963144851263869	0.0010350292719216
mpayroll_sobre_edad_rank_lag2	0.00039753889320245	0.00182603169786077	0.000679237959698548
ccajas_otras_tend6	0.000395582532459459	0.00160776116684674	0.000291101982727949
rf_006_017	0.000391782708796367	0.000800884092743848	0.000582203965455898
rf_020_015	0.000391563225261907	0.000420357231433897	0.0010350292719216
ccallcenter_transacciones_tend6	0.000390777357228416	0.00156536933477821	0.000840961283436297
mcaja_ahorro_dolares_rank_lag2	0.000389028616886243	0.00143911012670202	0.00113206326616425
mtarjeta_visa_consumo_rank	0.000387818942379005	0.000921684806109069	0.000711582624446098
rf_019_023	0.000386694521183793	0.000575102053764671	0.0011644079309118
ccajas_transacciones_lag1	0.000386512162840661	0.00106088815603268	0.000905650612931397
tcuentas_lag2	0.000386373980272753	0.000772737946148267	0.000194067988485299
rf_001_013	0.000386149591298998	0.000414455294362213	0.001293786589902
rf_016_015	0.000385441621500433	0.000502820063323612	0.000743927289193648
rf_019_024	0.000383606179685639	0.000465276162428052	0.00113206326616425
vm_status01_tend6	0.00038307888247744	0.000882335783944076	0.000452825306465699
Master_cconsumos	0.000382548992178389	0.000822321922660337	0.000937995277678947
mcomisiones_mantenimiento_rank_lag1	0.000382008330644322	0.00115979094699811	0.000905650612931397
mcaja_ahorro_rank_lag2	0.000381877132512563	0.00107491871837917	0.000970339942426497
Master_cconsumos_lag2	0.000381597596680669	0.00115784934786212	0.000937995277678947
vmr_msaldototal_lag2	0.000381313631573098	0.000639479487070046	0.000873305948183847
vm_mconsumospesos_rank_tend6	0.000379345725673566	0.000446718272332947	0.000679237959698548
vmr_mpagospesos	0.000377887133374305	0.00105401803204522	0.000970339942426497
matm_rank_lag2	0.000377809220937642	0.00150311496923217	0.0010350292719216
Visa_mconsumosdolares_rank_delta2	0.000377622203999563	0.000851156480973479	0.00113206326616425
Visa_Finiciomora_lag1	0.000377038131749558	0.00157377658391298	0.000258757317980399
rf_011_017	0.000376385759436212	0.000674366896331975	0.00106737393666915
Visa_status_delta1	0.00037513084653596	0.000167911438156645	0.000226412653232849
mtarjeta_master_consumo_rank_delta1	0.000374117900951677	0.000595493937150298	0.000194067988485299
thomebanking_tend6	0.00037329580855563	0.0036983445370113	0.000743927289193648
mautoservicio_rank_lag2	0.000372226760349638	0.000615956583556939	0.0011644079309118
ccomisiones_otras_delta1	0.000371748890583657	0.000797241966991508	0.000614548630203448
rf_010_016	0.00037159532061818	0.000995010263275497	0.000517514635960798
vm_mlimitecompra_rank_lag1	0.000371071143555854	0.000451334430256871	0.000905650612931397
mpayroll_rank_delta1	0.000369737695735339	0.00127364094269736	0.000452825306465699
rf_002_017	0.000369701685980739	0.000560806595052909	0.001293786589902
Visa_mconsumosdolares_rank_delta1	0.000368871295587619	0.000958725395054173	0.00100268460717405
vm_msaldototal_rank_tend6	0.0003684891878847	0.000747457303363525	0.0010997186014167
Master_mpagominimo_rank_tend6	0.000366480559762075	0.00125976775943515	0.000905650612931397
vm_mconsumototal_rank_delta1	0.00036550700069323	0.000708623283660594	0.000905650612931397
vmr_msaldopesos2_lag2	0.000363969744226826	0.000783110086877757	0.00100268460717405
vmr_mpagospesos_delta2	0.000362102783022733	0.00119095395410404	0.000937995277678947
Visa_mpagosdolares_rank_tend6	0.000361551636351063	0.00158209332014727	0.00132613125464955
Master_mconsumospesos_rank_delta2	0.000359421742919666	0.000716661838857344	0.000937995277678947
vmr_mconsumospesos_lag2	0.000358959524776667	0.000535825565910327	0.00113206326616425
Visa_fultimo_cierre	0.000357048095828702	0.000500004332751582	0.000905650612931397
vm_Finiciomora_tend6	0.00035438944795358	0.00200487146169303	0.000517514635960798
rf_001_020	0.000351668222468568	0.000336291559551336	0.000291101982727949
rf_007_018	0.000350219321221577	0.000650842310093712	0.000743927289193648
ccajas_transacciones	0.000350191726392419	0.000614862546512423	0.000614548630203448
Visa_delinquency_delta2	0.000349293152882051	0.000302630414105351	0.000161723323737749
Master_mconsumototal_rank_delta2	0.000346438919808965	0.000819355632469132	0.000776271953941197
mttarjeta_visa_debitos_automaticos_rank_delta1	0.000346046837949581	0.00126666294717098	0.000614548630203448
vmr_msaldopesos2_delta1	0.000345586545358215	0.00116756540290993	0.000808616618688747
rf_009_016	0.000345186319172966	0.000480973242629856	6.46893294950998e-05
Visa_mpagosdolares_rank	0.000345121566344473	0.000238345264990082	0.000840961283436297
mcuenta_debitos_automaticos_rank_lag1	0.000344167489062622	0.000534350878722743	0.000420480641718149
vm_status05_tend6	0.000343990834172305	0.00116527477115089	0.000226412653232849
Master_mconsumospesos_rank_lag2	0.000343616535581096	0.000686789039123264	0.000937995277678947
vmr_mpagominimo_lag1	0.000340883971656785	0.000593286113181811	0.00106737393666915
Master_mpagosdolares_rank_tend6	0.00033960353413178	0.0005768671438883	0.00132613125464955
vm_mpagospesos_rank_delta1	0.000338586428719307	0.000840054126090987	0.000873305948183847
vm_mconsumototal_rank_delta2	0.000338229428844546	0.000969897627312859	0.000937995277678947
Master_mconsumototal_rank_delta1	0.000336963334458554	0.00126532934320301	0.00100268460717405
vm_msaldopesos_rank	0.000334558273675986	0.000539380721341473	0.000808616618688747
vm_status05	0.000333641065076846	0.000170530732707891	0.000420480641718149
catm_trx_tend6	0.000333469226706559	0.0012869640519627	0.000614548630203448
vmr_msaldopesos_lag2	0.000331938368173391	0.000523408471294505	0.000970339942426497
mextraccion_autoservicio_rank_tend6	0.000331580471936425	0.00107400685847386	0.000743927289193648
Master_mconsumototal_rank_lag2	0.00032884315248533	0.000544530923091061	0.000776271953941197
Visa_Finiciomora_tend6	0.000328650477079157	0.0011017263013958	0.000258757317980399
mcaja_ahorro_rank_lag1	0.000328065922723403	0.00129497187528424	0.000549859300708348
ccajas_transacciones_tend6	0.000327811210941943	0.00140230901611588	0.000517514635960798
rf_004_025	0.000327333499160864	0.00032387907028857	0.000194067988485299
vmr_mpagominimo_delta1	0.000325526375103436	0.00115731370987578	0.000743927289193648
Visa_fechaalta_delta1	0.000325501423436774	0.000346377459875428	0.000614548630203448
mcuenta_debitos_automaticos_rank_lag2	0.000324893645064924	0.00189943659736743	0.000808616618688747
vmr_mconsumototal_lag1	0.000324060586587123	0.000616322709124981	0.000937995277678947
Visa_cconsumos_delta1	0.000320039965305777	0.000542285282088816	0.000970339942426497
rf_018_021	0.000319846463797223	0.000551408840752931	0.000873305948183847
Master_Fvencimiento_delta1	0.000316936541554635	0.000193751542773347	0.000485169971213248
tcallcenter_lag2	0.000316615397018838	0.000677665746152594	0.000679237959698548
vm_mpagospesos_rank	0.0003163241875634	0.0002609005129743	0.000582203965455898
ctarjeta_debito_transacciones_lag2	0.0003157448413677	0.00108742606020202	0.000776271953941197
Master_mconsumototal_rank	0.000315592055249453	0.000574888081976478	0.000743927289193648
Master_msaldototal_rank_delta2	0.000312596808796935	0.000351770593998781	0.000743927289193648
mtarjeta_visa_consumo_rank_delta1	0.000312482509747862	0.00125738572913083	0.000549859300708348
mpayroll_sobre_edad_rank_delta2	0.000312317535712674	0.00151360738052804	0.000420480641718149
Master_msaldopesos_rank_delta2	0.000311258004320706	0.00115117441999269	0.000970339942426497
vmr_msaldototal_delta2	0.000306090437925562	0.000543627653940489	0.000873305948183847
ctarjeta_master_transacciones_tend6	0.000303789152213492	0.000985796014581949	0.000323446647475499
vmr_msaldopesos_delta2	0.000303780819866385	0.000784162852873722	0.000905650612931397
vmr_mconsumototal_tend6	0.000303399303354503	0.000802853855385075	0.000711582624446098
mcuenta_debitos_automaticos_rank_tend6	0.000300449243539528	0.00255869271036757	0.000614548630203448
vm_mlimitecompra_rank_lag2	0.000299158428020272	0.00050483118557787	0.000873305948183847
Master_mconsumosdolares_rank_tend6	0.000297312680229097	0.000825345514071311	0.0011644079309118
rf_019_017	0.000294121107021986	0.00074736838462373	0.000517514635960798
vmr_msaldototal_lag1	0.000293754125431271	0.000592364776876938	0.000840961283436297
mcaja_ahorro_dolares_rank_delta1	0.00029327959994381	0.000831665741190858	0.000388135976970599
mpayroll_rank_delta2	0.000292541153462501	0.00154075407694574	0.000517514635960798
vm_mconsumospesos_rank	0.000290691178853478	0.000282977689885394	0.000517514635960798
Master_mconsumospesos_rank	0.00028941992781476	0.000386787130275273	0.000743927289193648
vmr_mpagospesos_lag1	0.000287622104073527	0.000237121303850667	0.000711582624446098
rf_006_013	0.000286563487122729	0.00039395128834254	0.000711582624446098
vm_mlimitecompra_rank	0.000284892789137628	0.000282780013961865	0.000873305948183847
vmr_msaldopesos_delta1	0.000281446408188743	0.00088368391248707	0.000840961283436297
mextraccion_autoservicio_rank_delta2	0.000280686411296835	0.000606466545066854	0.000679237959698548
Master_madelantopesos_rank_tend6	0.000278768596255584	0.000266347494302628	0.0010997186014167
Visa_cadelantosefectivo_delta2	0.000278008046714512	3.92775506281261e-05	0.000194067988485299
ccomisiones_otras	0.000276773150419596	0.000937261172922087	0.000420480641718149
rf_008_010	0.000274726346070797	0.00063864379261914	0.000161723323737749
Master_mpagospesos_rank_delta1	0.000273771918198809	0.000481994125412349	0.000743927289193648
ctarjeta_visa_transacciones	0.000273766947688531	0.00156060146589684	0.000646893294950998
rf_014_017	0.000273741566238773	0.000563382847265968	0.000549859300708348
ctarjeta_debito_transacciones_tend6	0.00027270736631354	0.00190240005349521	0.000808616618688747
rf_015_023	0.000272693035578338	0.000908280040391454	0.000582203965455898
Master_mpagospesos_rank_delta2	0.000271824582129823	0.000677047566069156	0.000679237959698548
ctrx_quarter_normalizado	0.000270044642801489	0.00167924032025967	0.000743927289193648
Master_msaldopesos_rank_lag1	0.000269834821446127	0.000805104544562786	0.00100268460717405
vmr_mpagospesos_lag2	0.000269625676456774	0.000649277552828068	0.000711582624446098
vmr_mpagosdolares_tend6	0.000269465905335194	5.18731026749127e-06	3.23446647475499e-05
mtarjeta_master_consumo_rank_lag2	0.00026930074611468	0.000678341493149247	0.000711582624446098
Master_mpagospesos_rank_lag1	0.000268315890882735	0.000921119321892342	0.000743927289193648
mttarjeta_visa_debitos_automaticos_rank_lag2	0.000267482993894206	0.000922584266986921	0.000808616618688747
ccaja_seguridad_lag1	0.000267216157153144	0.000246239548645869	3.23446647475499e-05
cprestamos_personales_delta2	0.000266985835952331	0.00106736213109275	0.000194067988485299
rf_019_020	0.000266878219739722	0.000632056632151242	0.000614548630203448
Master_cadelantosefectivo_tend6	0.000266683501126844	0.000390038332404648	0.0012290972604069
Master_fultimo_cierre_delta2	0.000264703293271092	0.000605111331365309	0.000776271953941197
vm_mconsumospesos_rank_lag2	0.000263528195069174	0.000505067918437904	0.000646893294950998
vm_mconsumototal_rank_tend6	0.000262108311820425	0.000505930182233371	0.000840961283436297
rf_011_024	0.000260785004208129	0.000415015110452101	0.000970339942426497
rf_009_018	0.000260326484277066	0.000869359227496293	0.000420480641718149
mextraccion_autoservicio_rank_lag1	0.000260130937080379	0.000582349373880412	0.000452825306465699
rf_020_023	0.000260097563451659	0.000553456982960611	0.000646893294950998
vmr_msaldopesos2	0.000259395836554768	0.000764809388037997	0.000679237959698548
mtransferencias_recibidas_rank_delta1	0.000259172787919188	0.000519292791257616	0.000646893294950998
mplazo_fijo_dolares_rank_delta2	0.000258768578831468	0.00063664258958685	0.000194067988485299
vm_status02_tend6	0.000258764699298142	0.00108904262768956	0.000323446647475499
vmr_mconsumototal_lag2	0.000253666390938823	0.000311332848658184	0.000873305948183847
Visa_mpagosdolares_rank_delta2	0.000253660877350597	0.0010010088241969	0.000808616618688747
cprestamos_personales_delta1	0.000253315123939506	0.0012194225639781	0.000161723323737749
rf_014_030	0.000252551634900422	0.000501739133822413	0.000420480641718149
vm_status04_delta2	0.000252384483448795	0.00130432207045745	0.000258757317980399
vmr_msaldototal_delta1	0.000251219339206302	0.000960807723151854	0.000711582624446098
mtarjeta_visa_descuentos_rank_delta1	0.000250457947894411	0.000188698939082777	0.000226412653232849
Visa_status_delta2	0.000249950979242327	9.86058342577242e-05	0.000161723323737749
vmr_mconsumototal	0.000249508920032206	0.000832641633216561	0.000614548630203448
vm_msaldopesos_rank_lag1	0.000248848176945089	0.000572554762137183	0.000452825306465699
Master_cconsumos_lag1	0.000247927912079088	0.000468075331441972	0.000646893294950998
mpagomiscuentas_rank_delta2	0.000247243110638904	0.00107673960412638	0.000355791312223049
vm_msaldopesos_rank_delta1	0.0002466593901843	0.000657249684663417	0.000743927289193648
Visa_fultimo_cierre_delta1	0.000245842596981216	0.00035582277330217	0.000808616618688747
rf_018_025	0.000245206916303287	0.00063006242571302	0.000614548630203448
rf_008_017	0.000244342631997176	0.000678542445958606	0.000388135976970599
Visa_msaldodolares_rank_tend6	0.00024395245048522	0.00155061289793832	0.000549859300708348
cprestamos_personales_lag2	0.000243558443038753	0.00210411274610816	0.000388135976970599
rf_016_013	0.000242074426821889	0.000475269070046183	0.000452825306465699
vmr_msaldopesos2_lag1	0.000242063134770867	0.000430243330286896	0.000743927289193648
mplazo_fijo_dolares_rank_lag2	0.000239242804792052	0.000979631749514972	0.000194067988485299
mautoservicio_rank_tend6	0.000238187598384943	0.000852288512180716	0.000614548630203448
Master_msaldopesos_rank_delta1	0.00023802566558626	0.00106604854269768	0.000711582624446098
vm_Finiciomora_lag2	0.000237524228814061	0.00174087190036921	0.000355791312223049
mautoservicio_rank	0.000236987122517442	0.00149985517634806	0.000711582624446098
ctarjeta_debito_transacciones_delta2	0.000235882810174602	0.0012128598473072	0.000549859300708348
tcallcenter_tend6	0.000235426109696458	0.00169995555256859	0.000485169971213248
vmr_msaldopesos	0.000234152254967651	0.000320904100778142	0.000711582624446098
ctarjeta_visa_debitos_automaticos_tend6	0.000232254349865839	0.00164117433174349	0.000355791312223049
vmr_Visa_mlimitecompra_tend6	0.000231295845364351	0.00084850105211363	0.000679237959698548
ccajas_transacciones_delta2	0.00022884288705652	0.000550629296183529	0.000355791312223049
vm_mpagominimo_rank_delta1	0.000227209676409244	0.000565184603085091	0.000582203965455898
vm_mconsumototal_rank_lag1	0.000225119804419466	0.000464652225653292	0.000388135976970599
vm_cconsumos_lag2	0.000224603773739044	0.000642204084790234	0.000355791312223049
ccallcenter_transacciones_delta2	0.000224237191870714	0.000530620985568872	0.000226412653232849
ctransferencias_emitidas_tend6	0.000223485203889673	0.00191338745168024	0.000582203965455898
Master_mconsumospesos_rank_lag1	0.000222318334630269	0.0005492368853996	0.000679237959698548
minversion1_pesos_rank_delta2	0.000222213427072096	0.000472365306379177	9.70339942426497e-05
vm_status06_lag2	0.000221316005369082	0.000231588060716999	9.70339942426497e-05
mpagomiscuentas_rank_lag2	0.000220933505928655	0.000966231234892487	0.000582203965455898
vm_status05_delta2	0.000220509388000414	0.00010910010540771	0.000161723323737749
rf_003_023	0.000220472715066817	0.000534429966805051	0.000517514635960798
matm_rank_lag1	0.000218979485809078	0.000494302728537883	0.000420480641718149
Master_fechaalta_delta2	0.000216599684212832	0.000341262949612033	0.000614548630203448
ccaja_ahorro_lag2	0.000215232780273886	0.000390316690571159	0.000226412653232849
tcallcenter_delta1	0.000215086329025189	0.000738911007992226	0.000388135976970599
vm_mconsumospesos_rank_delta2	0.000213868064811451	0.000610676369147968	0.000614548630203448
vmr_mconsumospesos_delta2	0.000213683092178995	0.00029646597190941	0.000646893294950998
mpayroll_rank_tend6	0.000213360242690394	0.00224924787933384	0.000646893294950998
Master_madelantodolares_rank_tend6	0.000212978734450996	0.000289751012894178	0.000840961283436297
vm_mpagospesos_rank_lag2	0.000212320142499765	0.000249088313769636	0.000614548630203448
Master_mpagominimo_rank_delta1	0.000212146615483192	0.000796874512956238	0.000549859300708348
rf_007_021	0.000210592964337243	0.000354874601959291	0.000517514635960798
Master_msaldototal_rank_delta1	0.000210514122039116	0.000605642629692036	0.000646893294950998
vmr_mconsumototal_delta2	0.000210052379302015	0.00084819143068502	0.000679237959698548
cextraccion_autoservicio_tend6	0.000209797075381257	0.00115042914987777	0.000549859300708348
rf_016_017	0.000209555563655221	0.000761747005383965	0.000549859300708348
tcallcenter_lag1	0.000206487627991899	0.000765291267383841	0.000582203965455898
rf_011_019	0.000205547144461535	0.000608257850277116	0.000452825306465699
vm_msaldototal_rank_lag2	0.000205138975016878	0.000329933072575622	0.000355791312223049
vmr_mpagospesos_delta1	0.000204793433094236	0.00086372900625498	0.000614548630203448
Visa_mpagado_rank_delta2	0.000203738755869085	0.00161390736475942	0.000485169971213248
Master_mpagosdolares_rank_lag2	0.000202238967775316	0.00018515839679114	0.000711582624446098
rf_017_015	0.000201975671037516	0.000239330899108792	0.000679237959698548
Master_mconsumototal_rank_lag1	0.000201540239381219	0.000623553024860203	0.000776271953941197
Visa_cadelantosefectivo	0.000201306294074504	0.000111023637389402	0.000388135976970599
rf_016_018	0.000201242433850627	0.000523077771519209	0.000388135976970599
rf_010_014	0.000200440711840458	0.000182805238507907	0.0001293786589902
rf_015_019	0.000197534673101479	0.000305684648827052	0.000549859300708348
rf_013_019	0.000196247132560257	0.000415672258907561	0.000355791312223049
vmr_mconsumospesos	0.000192973935765679	0.00052883304580892	0.000582203965455898
Master_status_delta2	0.000192391047439779	0.000163681864196074	0.0001293786589902
Master_status_tend6	0.000190840359117253	0.00103756965934372	0.000355791312223049
vm_status01_delta2	0.000190264489612986	0.000154773694351862	0.000258757317980399
matm_other_rank_lag2	0.000190193995401301	0.000675359527044751	0.000549859300708348
Visa_madelantopesos_rank_lag2	0.000185965637579507	8.4059383804349e-05	0.000388135976970599
rf_004_016	0.000185482052048849	0.000355339742618062	0.000452825306465699
vm_mconsumototal_rank_lag2	0.000185225617306517	0.000389054735269022	0.000485169971213248
Master_Fvencimiento_delta2	0.000184992144126672	0.000261486809844266	0.000485169971213248
ctrx_quarter_lag1	0.000184056674070716	0.00062913834390921	0.000420480641718149
mforex_sell_rank_tend6	0.000182441036461605	0.00217354242884618	0.000420480641718149
rf_010_020	0.000181736738381315	0.000296735916450144	0.000517514635960798
internet_lag2	0.000181586909272863	0.000420226333129696	9.70339942426497e-05
vm_fultimo_cierre_delta2	0.00018032894450142	0.000120054646169965	0.000485169971213248
mprestamos_prendarios_rank_lag1	0.000178951912655041	0.00118221139984092	0.000161723323737749
ctarjeta_debito_tend6	0.000177466781072346	0.00174225465762461	0.000291101982727949
rf_018_024	0.000177264335509566	0.000648701440873516	0.000258757317980399
Visa_Fvencimiento_delta1	0.000176704544657435	0.000104169632137636	0.000194067988485299
ctarjeta_debito_transacciones_delta1	0.000176056752490506	0.00201810095830103	0.000323446647475499
Visa_Fvencimiento_delta2	0.000175469284230883	0.00019891237226076	0.000226412653232849
rf_010_010	0.000174820542032035	0.000674336253021249	0.000226412653232849
rf_005_014	0.000173259676457135	0.000405598580481966	0.000485169971213248
ctarjeta_visa_transacciones_lag1	0.000172583335405673	0.000300250952171003	0.000355791312223049
Visa_msaldodolares_rank	0.000172328084232956	0.000214498746860229	0.000291101982727949
Visa_mpagosdolares_rank_lag2	0.000171611882961708	0.000318659876807606	0.000452825306465699
Master_mpagosdolares_rank	0.000168368058389027	0.000214554099661397	0.000420480641718149
Master_delinquency_delta2	0.000167510240397181	0.000327174908916806	0.0001293786589902
rf_002_020	0.000166527669034877	0.000262669057112722	0.000452825306465699
Master_mpagominimo_rank_delta2	0.000166122398321937	0.000498977339019841	0.000549859300708348
ccajas_consultas_delta2	0.000165880736575936	0.000376183747683626	9.70339942426497e-05
active_quarter_lag1	0.000164238049998355	0.000184289579224014	0.000485169971213248
rf_018_015	0.000163756990985417	0.000416927749002522	0.000291101982727949
rf_002_021	0.000163465898936909	0.000440299384380599	0.000388135976970599
mplazo_fijo_dolares_rank_tend6	0.000163311377805147	0.000656133152240507	0.000161723323737749
vmr_mconsumosdolares_lag2	0.000162918017612236	0.000517558167315749	0.000388135976970599
rf_003_009	0.000162309902509218	0.000566797185170944	0.000258757317980399
Master_cconsumos_delta2	0.000160978377617114	0.000215456040344741	0.000485169971213248
Visa_mpagado_rank_lag2	0.00015961138633195	0.000234564004436728	0.000452825306465699
Master_msaldototal_rank_lag2	0.000159329901374869	0.000325548156513855	0.000485169971213248
Master_status_delta1	0.00015773228275174	0.00012097465400761	0.0001293786589902
ccomisiones_otras_lag1	0.00015761315895848	0.000413438928368296	0.000388135976970599
Master_mconsumosdolares_rank_lag2	0.000156749498695723	0.000256481853844941	0.000614548630203448
mautoservicio_rank_lag1	0.000155598509928813	0.000560022887952859	0.000452825306465699
Master_mconsumosdolares_rank_delta1	0.000155181228260101	0.000199290985420746	0.000485169971213248
Master_mpagosdolares_rank_lag1	0.000155152859527143	9.64026156422937e-05	0.000420480641718149
vm_msaldototal_rank_delta1	0.000153811426298416	0.000516442786231103	0.000646893294950998
cseguro_accidentes_personales	0.000153019253243393	0.000783509512690982	0.000291101982727949
vm_msaldototal_rank_lag1	0.00015256985921968	0.000487654547141979	0.000323446647475499
Visa_fultimo_cierre_delta2	0.000151403544452785	0.00012401374420291	0.000355791312223049
rf_003_015	0.000151182620343807	0.000364970687198799	0.000420480641718149
mpagomiscuentas_rank_lag1	0.000150910539142963	0.00145590452083417	0.000420480641718149
vmr_mconsumototal_delta1	0.000150862116725065	0.000692889449198814	0.000388135976970599
active_quarter_lag2	0.00015066325065568	0.000220447268849376	0.000485169971213248
vm_mconsumospesos_rank_lag1	0.000150089965380027	0.000180894282682641	0.000388135976970599
mpayroll_rank_lag2	0.000149966661729918	0.000236735782661095	0.000194067988485299
Master_mpagado_rank_tend6	0.000149138096071611	0.000479206026958662	0.000388135976970599
mtarjeta_master_consumo_rank_delta2	0.000148761294979348	0.000840645471136419	0.000388135976970599
Visa_madelantopesos_rank_tend6	0.000147606740260543	0.000197443618893461	0.000485169971213248
vmr_mconsumosdolares	0.000147483127141081	0.00100264629290216	0.000323446647475499
Master_fultimo_cierre_delta1	0.000146565279610027	0.000179772879213228	0.000582203965455898
rf_010_018	0.00014567488743423	0.000535675271984597	0.000323446647475499
ccajas_extracciones_tend6	0.000145057607456601	0.00194951715492933	0.000291101982727949
Master_mconsumospesos_rank_delta1	0.000144442777426955	0.000363001987331355	0.000388135976970599
mpayroll_sobre_edad_rank_delta1	0.000142491086870719	0.000908791323145278	0.000226412653232849
matm_rank_delta2	0.000141763761629656	0.000599411675570212	0.000517514635960798
rf_017_013	0.000139874659832006	0.000570378112866313	0.000258757317980399
rf_020_021	0.000139458866310306	0.000401534622102489	0.000388135976970599
rf_009_023	0.000138048554420441	0.00033369600028123	0.000291101982727949
ccuenta_debitos_automaticos_tend6	0.00013781712721232	0.000293940644273426	9.70339942426497e-05
active_quarter	0.000137770723683146	0.000333314730186788	0.000388135976970599
cliente_vip_delta2	0.000137594708008334	0.000615603299838767	0.000258757317980399
matm_other_rank_tend6	0.000136846251664603	0.000876361843948633	0.000388135976970599
mextraccion_autoservicio_rank_delta1	0.00013614291517259	0.000627209055236197	0.000388135976970599
rf_014_028	0.000135926743491936	0.00136460392786332	0.000291101982727949
Master_cadelantosefectivo	0.000135838459152703	0.000162664258299411	0.000355791312223049
rf_019_028	0.000135829473587754	0.000186789665982667	0.000291101982727949
vmr_mconsumosdolares_lag1	0.000135811825645954	0.000418843753003255	0.000323446647475499
Master_mconsumosdolares_rank_delta2	0.000134342400643193	0.000105614827352759	0.000355791312223049
mpagomiscuentas_rank_delta1	0.000134237723432312	0.00072360927963748	0.000355791312223049
ccajas_depositos_tend6	0.000134149856256348	0.00152320148228432	0.000226412653232849
vm_mconsumospesos_rank_delta1	0.000134121941340875	0.00022315273664148	0.000388135976970599
ctarjeta_debito_delta2	0.000133865803802559	0.000855220085095029	0.0001293786589902
Master_madelantopesos_rank	0.000133678003903473	0.000121108297810748	0.000388135976970599
mpayroll_sobre_edad_rank_lag1	0.000133124308144179	0.000964272188553566	0.000355791312223049
mtarjeta_visa_consumo_rank_lag1	0.000131874930066075	0.000220995217298694	0.000452825306465699
ccomisiones_mantenimiento	0.00013168139342761	0.000738718645937608	9.70339942426497e-05
Visa_msaldodolares_rank_lag2	0.000131565793260196	0.000200083726097946	0.000258757317980399
vm_status01_delta1	0.000130082898080996	0.000921530615346137	0.000323446647475499
Master_mconsumosdolares_rank_lag1	0.000128952396397915	8.70364788623422e-05	0.000291101982727949
vm_mconsumosdolares_rank_lag1	0.000128863345794131	0.00148185373689253	0.000420480641718149
vm_Fvencimiento_delta2	0.000128267688542964	0.000108946977418561	0.000258757317980399
rf_007_025	0.00012824424544191	0.000230630590103524	0.000355791312223049
Master_mconsumosdolares_rank	0.000127445081995314	0.000104442942128681	0.000355791312223049
rf_007_028	0.000127207374934417	0.000187161105419621	0.000194067988485299
rf_011_026	0.000127112866042773	0.000243468543137183	0.000355791312223049
rf_003_028	0.000126683299326991	0.00026447816378384	0.000323446647475499
Visa_mpagado_rank	0.000126541191851098	0.000893218764604981	0.000420480641718149
vm_msaldodolares_rank_lag1	0.000126192722128597	8.15771870710343e-05	0.0001293786589902
Master_cadelantosefectivo_lag2	0.000126075222180939	0.000117136003670004	0.000452825306465699
rf_012_028	0.000126075114132533	0.000471784766200532	0.000161723323737749
Visa_fechaalta_delta2	0.000125680420677944	0.000200124997146497	0.000323446647475499
ctarjeta_master_descuentos_delta2	0.000124440010794802	0.000319396467603303	0.000194067988485299
rf_020_009	0.000122812260987711	0.000484787714863912	0.000355791312223049
Master_mpagado_rank_lag1	0.000122286527787281	0.000318518882152473	0.000291101982727949
vm_fechaalta_delta2	0.000122100656169398	0.000207973935787567	0.000258757317980399
ctarjeta_master_delta2	0.000121418003502898	0.000450591994205372	0.0001293786589902
rf_002_022	0.000121394345722991	0.000215671606293607	0.000161723323737749
Visa_madelantodolares_rank	0.000119957653963629	0.000137503354694155	0.000323446647475499
vmr_Master_mlimitecompra_delta1	0.000118906205322695	0.000397219406287952	0.000291101982727949
Visa_mpagosdolares_rank_lag1	0.000118134385921645	0.000150080219635267	0.000582203965455898
Visa_madelantodolares_rank_lag2	0.000117568633486294	9.27768743190992e-05	0.000452825306465699
rf_001_017	0.000117182620833149	0.00063688676186336	0.000388135976970599
rf_005_017	0.000117061827536038	0.000456908767310126	0.000258757317980399
minversion2_rank	0.000116827548530612	0.000499376144881692	9.70339942426497e-05
rf_017_017	0.000114513406334362	0.000333456876180186	0.000291101982727949
cmobile_app_trx_lag1	0.000114434367365449	0.00124076270727109	0.000355791312223049
vm_mpagospesos_rank_lag1	0.000114032899474303	0.000145881554678869	0.000291101982727949
vm_mpagado_rank_delta2	0.000113234377511945	0.00141079287352747	0.000291101982727949
rf_016_014	0.000113207173702453	0.000404390295255841	0.000323446647475499
matm_rank	0.00011303097539464	0.000529210596195124	0.000291101982727949
Master_madelantodolares_rank_lag1	0.000112958305042678	9.93909583894841e-05	0.000323446647475499
Master_mpagado_rank_delta2	0.000112561022396622	0.000263779035763974	0.000194067988485299
Visa_madelantopesos_rank	0.000111540371060911	0.000149918323762412	0.000388135976970599
vm_cconsumos_lag1	0.000110728858617335	0.000315908089791485	0.000161723323737749
vm_mpagado_rank_lag1	0.000110618740275886	0.000543293942972811	0.000194067988485299
rf_003_017	0.00010971721188266	0.000269508183531534	0.000291101982727949
vm_mpagado_rank_tend6	0.000109602927863943	0.000847934505123121	0.000291101982727949
Visa_mpagado_rank_delta1	0.000109260131391748	0.000218289129555216	0.000194067988485299
vmr_mconsumospesos_delta1	0.00010914263853388	0.000185365371985265	0.000323446647475499
ctarjeta_debito_delta1	0.000109075955651737	0.000982904561377922	0.0001293786589902
mtarjeta_master_descuentos_rank_delta1	0.000107815474855465	0.000299971354101746	0.000291101982727949
Visa_delinquency_delta1	0.000106681266629944	0.000238046271299296	0.000161723323737749
vm_status01_lag2	0.000106375133732823	0.00122778234255059	0.000226412653232849
minversion2_rank_lag1	0.000106196249528801	0.000640754638479982	9.70339942426497e-05
rf_017_019	0.000105885910117219	0.00040843299815967	0.000258757317980399
mtransferencias_emitidas_rank_delta1	0.00010557499412843	0.00131742757679084	0.000355791312223049
vmr_msaldodolares2_tend6	0.000105475850818024	0.000409773510157224	0.000194067988485299
mcuenta_debitos_automaticos_rank_delta1	0.000104928531474452	0.00072027580110445	0.000258757317980399
cmobile_app_trx_delta2	0.000104572638174183	0.000911188232282554	0.000291101982727949
vm_mconsumosdolares_rank	0.0001042985758023	0.000554227316823899	0.000291101982727949
Master_mpagado_rank_lag2	0.000103931860787706	0.000326049520045709	0.000161723323737749
vmr_mpagado_delta2	0.000103240840325147	0.000772735466342775	0.000291101982727949
Master_cconsumos_delta1	0.000102764667312185	0.000299736126837905	0.000291101982727949
vmr_Visa_mlimitecompra_delta2	0.000102759719772828	0.000500555823780174	0.000194067988485299
cseguro_vida_lag2	0.000102309681996143	0.00109713139894753	0.000161723323737749
matm_rank_tend6	0.000102217062959038	0.000340677892644813	0.000258757317980399
internet_delta2	0.000101950371984066	0.000335459407679704	9.70339942426497e-05
cpayroll_trx_delta2	0.000101184209526805	0.000698857898196381	0.000161723323737749
rf_019_026	0.000101138440959262	0.000112366629192448	0.000355791312223049
matm_other_rank_delta2	0.000101008808395028	0.000526545868064679	0.000323446647475499
vmr_mpagado_tend6	0.000100502336737253	0.000948957175526541	0.000258757317980399
rf_008_018	0.000100260238401956	0.000238159545271605	0.000258757317980399
Visa_cadelantosefectivo_lag2	9.99474016825915e-05	8.58116320781076e-05	0.000355791312223049
Master_cadelantosefectivo_delta1	9.96691732080533e-05	2.90292230442873e-05	0.0001293786589902
Master_mpagosdolares_rank_delta1	9.94035876732068e-05	8.11616425221096e-05	0.000355791312223049
vm_status06	9.93984515454239e-05	0.000135187836315716	0.000194067988485299
rf_005_020	9.9205456956886e-05	0.000257075590131384	0.000258757317980399
vm_status03_tend6	9.897110251609e-05	0.000329718038013646	6.46893294950998e-05
mplazo_fijo_dolares_rank_lag1	9.80272537457981e-05	0.000702535006919059	0.0001293786589902
rf_013_022	9.78720128585113e-05	0.000678294642538339	0.000226412653232849
rf_005_015	9.7845825724968e-05	0.000436144116020316	0.000291101982727949
rf_001_018	9.72933410436767e-05	0.000363462876894996	0.000226412653232849
vm_status03	9.66747497384089e-05	8.8598047806639e-05	0.000291101982727949
ccallcenter_transacciones_lag2	9.59920916836686e-05	0.000155701938686321	0.0001293786589902
cextraccion_autoservicio_lag2	9.57199502550555e-05	0.000622992677383425	0.000258757317980399
Visa_mpagado_rank_lag1	9.55902500187711e-05	0.000324558182735534	0.000323446647475499
cforex_buy_tend6	9.50430676499506e-05	0.0017179180236521	0.000226412653232849
vm_mconsumosdolares_rank_lag2	9.42372409347113e-05	0.00112261140038095	0.000323446647475499
ccomisiones_mantenimiento_delta1	9.28362518356765e-05	0.0013528560264725	0.000194067988485299
mv_status07_rank_lag1	9.16606925492379e-05	0.000817145328695152	0.000258757317980399
cmobile_app_trx	9.127185554514e-05	0.000467098996593859	0.0001293786589902
vm_status02	9.1089378518917e-05	0.000120343277816373	0.000323446647475499
mprestamos_prendarios_rank	9.0959665414663e-05	0.000492479097291739	6.46893294950998e-05
rf_003_022	9.09290579385791e-05	0.000356568309110535	0.000194067988485299
rf_018_017	9.07785921669462e-05	0.000196646361427685	0.000194067988485299
mtarjeta_master_descuentos_rank_lag2	9.02718763367889e-05	0.000192678141253107	0.000161723323737749
rf_014_016	8.99003940053101e-05	0.00015802454222331	0.000161723323737749
mprestamos_prendarios_rank_lag2	8.85234132054221e-05	0.000635343791460256	9.70339942426497e-05
ctarjeta_visa_descuentos_delta2	8.77160204972715e-05	5.64235457532911e-05	6.46893294950998e-05
ccajeros_propios_descuentos_delta1	8.66488890626504e-05	6.91939240872853e-05	6.46893294950998e-05
cpayroll_trx_tend6	8.63196425979358e-05	0.000255264623606147	6.46893294950998e-05
vmr_Master_mlimitecompra_delta2	8.63154624574952e-05	0.000220919140408769	0.000194067988485299
vm_fultimo_cierre_delta1	8.62617649519217e-05	6.97229197374829e-05	0.000258757317980399
Visa_madelantodolares_rank_delta2	8.61410536127875e-05	3.14605837650098e-05	0.0001293786589902
Master_mpagosdolares_rank_delta2	8.49280237913277e-05	0.000139862712491118	0.000388135976970599
ccomisiones_mantenimiento_delta2	8.45942913326132e-05	0.00106548376699681	0.000161723323737749
rf_009_019	8.44713149472308e-05	0.000306869110207554	0.000194067988485299
cproductos_delta1	8.39122027298406e-05	0.000731716915130087	9.70339942426497e-05
cextraccion_autoservicio_delta2	8.26420316080013e-05	0.000663123989616758	0.000194067988485299
Visa_madelantodolares_rank_lag1	8.25804771966675e-05	4.35863012354867e-05	0.000226412653232849
matm_other_rank_delta1	8.17224908931958e-05	0.00068132425633408	0.000194067988485299
Master_fechaalta_delta1	8.16569612363649e-05	0.000115766531086879	0.000355791312223049
Master_madelantodolares_rank_lag2	8.14109067980053e-05	8.2303415822352e-05	0.000323446647475499
mcheques_depositados_rank_lag1	8.12466451449602e-05	0.000462661384665381	6.46893294950998e-05
ccajeros_propios_descuentos_delta2	8.08542740221261e-05	3.55027552819477e-05	9.70339942426497e-05
mtarjeta_visa_descuentos_rank_delta2	8.06760616466458e-05	0.000103210833056933	0.000161723323737749
mpayroll_rank_lag1	8.05387738102907e-05	8.3362912718939e-05	0.0001293786589902
rf_020_019	7.95518392491573e-05	0.000162344097697458	0.000258757317980399
Master_mpagado_rank	7.94320141338275e-05	0.000754579481866387	0.000226412653232849
vmr_mconsumosdolares_tend6	7.88424716851143e-05	0.000628923929298607	0.000226412653232849
rf_007_027	7.7697223805111e-05	0.000322247269710152	9.70339942426497e-05
tcuentas_lag1	7.76390041476063e-05	0.000777585080240903	0.000194067988485299
vm_status01_lag1	7.74759673267568e-05	0.00101899733323807	0.000194067988485299
Master_madelantopesos_rank_lag2	7.67120066748126e-05	6.63239034878705e-05	0.000258757317980399
rf_018_023	7.64676119563938e-05	0.000493709169380404	0.000161723323737749
ctarjeta_visa_descuentos_tend6	7.54711966438987e-05	0.00153355440452124	0.000226412653232849
vmr_msaldodolares_lag2	7.5216245794705e-05	0.000304422162138023	0.000161723323737749
rf_004_017	7.45020554716164e-05	8.83509529022272e-05	6.46893294950998e-05
vmr_msaldodolares2	7.37939294716745e-05	0.000944456771380418	0.000258757317980399
vmr_mconsumosdolares_delta2	7.37153950122482e-05	0.000427938971033172	0.000226412653232849
Visa_madelantopesos_rank_delta1	7.36684682565403e-05	4.54468638705699e-05	0.000194067988485299
minversion2_rank_lag2	7.29514491070681e-05	0.000818559880599548	0.0001293786589902
ctransferencias_recibidas_delta2	7.21031409347238e-05	0.00111745092515147	0.000161723323737749
Visa_madelantodolares_rank_tend6	7.14240300439341e-05	6.7856777540042e-05	0.000258757317980399
mtarjeta_master_consumo_rank_tend6	7.09610040547635e-05	0.000318710712820199	0.000161723323737749
Master_madelantodolares_rank	7.09350777900592e-05	6.1112592245793e-05	0.000323446647475499
vm_Finiciomora_delta2	7.01485293848288e-05	0.000732385399839227	9.70339942426497e-05
vm_status03_lag1	6.97024590548716e-05	4.27406875626109e-05	0.0001293786589902
Visa_msaldodolares_rank_delta1	6.96239200579793e-05	0.000142061502882456	9.70339942426497e-05
Master_msaldodolares_rank_delta2	6.91369042031171e-05	3.75347787539274e-05	0.0001293786589902
mcajeros_propios_descuentos_rank_delta1	6.91051050750568e-05	0.000120729684650763	9.70339942426497e-05
ctarjeta_visa_transacciones_delta1	6.90276374872951e-05	0.000838483789262985	0.000161723323737749
cseguro_vida_delta2	6.89600876655776e-05	0.00162873305902412	0.000226412653232849
ctarjeta_master_transacciones_delta2	6.89501483465706e-05	0.000407447541169925	9.70339942426497e-05
vm_mconsumosdolares_rank_delta2	6.87556373936544e-05	0.000371692111421208	0.000194067988485299
mplazo_fijo_dolares_rank_delta1	6.85748874403814e-05	0.000929247592909224	0.0001293786589902
cpagomiscuentas_delta2	6.83346972512824e-05	0.00110799719809895	0.000161723323737749
ctransferencias_recibidas_lag2	6.77949804317902e-05	0.00100419829688241	0.000226412653232849
Visa_msaldodolares_rank_lag1	6.77752552168412e-05	0.000108905617805528	0.000226412653232849
rf_002_018	6.76461691336533e-05	0.000356445027351775	0.0001293786589902
rf_020_027	6.67054480953099e-05	0.000329719809303284	0.000226412653232849
ctarjeta_debito_transacciones_lag1	6.61302290084172e-05	2.62876209435812e-05	9.70339942426497e-05
Master_madelantopesos_rank_lag1	6.60894695196133e-05	0.000100346392019876	0.000258757317980399
ctarjeta_debito_lag2	6.60481516389146e-05	0.000905147691796747	0.000161723323737749
mextraccion_autoservicio_rank	6.48857571007435e-05	0.000107757556427073	0.000161723323737749
vm_fechaalta_delta1	6.46888037150224e-05	4.62858352073055e-05	9.70339942426497e-05
rf_018_018	6.33903375231475e-05	0.000257090114706411	6.46893294950998e-05
cliente_vip	6.3215839630672e-05	0.000432617655481295	0.000161723323737749
mv_status07_rank_delta2	6.30240457690422e-05	0.00092947449511177	0.000161723323737749
ccajeros_propios_descuentos_tend6	6.29387065287561e-05	0.00170394600242812	0.000226412653232849
mautoservicio_rank_delta1	6.22520321963566e-05	0.000488447996335035	0.000291101982727949
vm_msaldodolares_rank_tend6	6.20711007976219e-05	0.00171272566520914	0.000291101982727949
Master_delinquency_lag1	6.14128248157801e-05	0.000295783405447654	0.000161723323737749
active_quarter_delta2	6.02251153300851e-05	0.000401303025982404	0.000161723323737749
mttarjeta_master_debitos_automaticos_rank	5.9334774058983e-05	0.00122808098198345	0.000194067988485299
mtarjeta_master_consumo_rank	5.86927348316045e-05	0.000546875844877481	0.0001293786589902
Master_mpagado_rank_delta1	5.80424717309126e-05	0.000853798625161047	0.000194067988485299
vm_msaldodolares_rank_lag2	5.74761188523468e-05	4.01682436222727e-05	9.70339942426497e-05
rf_012_020	5.66293551199509e-05	0.000145321472895535	0.000161723323737749
ccallcenter_transacciones_delta1	5.56148855143166e-05	0.00120217383405397	0.000161723323737749
mtarjeta_master_consumo_rank_lag1	5.5347999144721e-05	0.000382064606408625	0.000161723323737749
rf_003_026	5.53436074449337e-05	0.000937605245934145	0.0001293786589902
ccajas_consultas_lag2	5.52782446817697e-05	0.000598025198606568	0.000161723323737749
mtarjeta_master_descuentos_rank_delta2	5.51191979949771e-05	0.000106070757305415	0.000194067988485299
rf_014_019	5.49782036161825e-05	0.000157326299848262	0.0001293786589902
minversion1_pesos_rank	5.48748906227765e-05	0.000500091214508295	9.70339942426497e-05
ccaja_seguridad_delta2	5.387574857688e-05	0.00167665388313119	0.000226412653232849
vmr_msaldodolares2_delta1	5.37036158384937e-05	0.000793335299131828	0.000194067988485299
mcheques_depositados_rank_tend6	5.36611128284259e-05	0.000829432499216074	0.0001293786589902
mcheques_depositados_rank_delta2	5.32485772072274e-05	0.000383807378282824	0.0001293786589902
vm_mconsumototal_rank	5.28659185301065e-05	0.00020801246133718	0.0001293786589902
mttarjeta_master_debitos_automaticos_rank_tend6	5.25069102595111e-05	0.000714844761382858	0.000161723323737749
Master_cadelantosefectivo_lag1	5.24655889757131e-05	4.46674964301313e-05	0.000226412653232849
rf_015_027	5.21852390940809e-05	0.00035261638480062	0.0001293786589902
Master_madelantopesos_rank_delta2	5.11163186217413e-05	3.57579095542094e-05	0.000226412653232849
Visa_cadelantosefectivo_lag1	5.10965784473345e-05	7.73447790470439e-05	0.000291101982727949
rf_012_019	5.07975702933159e-05	0.000164434219469543	0.000161723323737749
mcheques_emitidos_rank_delta1	5.07016113977326e-05	0.00121130102386184	0.000161723323737749
mttarjeta_master_debitos_automaticos_rank_lag2	5.02309803321579e-05	0.00026545290447128	0.0001293786589902
vm_Fvencimiento_delta1	5.01547565772302e-05	6.34545914043107e-05	9.70339942426497e-05
mv_status07_rank	4.98598499953445e-05	5.52586571232812e-05	0.0001293786589902
vmr_mpagado_lag2	4.92436768183302e-05	0.000236307573391263	0.000161723323737749
rf_016_010	4.90048628993504e-05	0.000310078952723897	9.70339942426497e-05
Master_delinquency_delta1	4.87783299153626e-05	5.97854534850008e-06	3.23446647475499e-05
Master_madelantopesos_rank_delta1	4.87448122221009e-05	4.84086372731999e-05	0.000194067988485299
mv_status07_rank_tend6	4.86976937584597e-05	0.000433070219983641	0.000161723323737749
ctarjeta_master_transacciones_lag2	4.84760586852962e-05	0.000438518441214715	0.000194067988485299
vm_cconsumos	4.84100323177474e-05	0.000274335213486786	0.0001293786589902
mcheques_emitidos_rank	4.7887495478438e-05	0.000458317296829755	6.46893294950998e-05
internet_delta1	4.69104049495281e-05	0.000222651993060998	3.23446647475499e-05
catm_trx_other_tend6	4.67982348227271e-05	0.000348977358805146	0.000161723323737749
cinversion1_lag1	4.65413286093314e-05	0.000492479097291739	6.46893294950998e-05
rf_020_018	4.63831704150762e-05	0.000622721581504427	0.000161723323737749
mforex_buy_rank_tend6	4.60913810147809e-05	0.00147743729187522	0.000194067988485299
Master_madelantodolares_rank_delta2	4.5937982905824e-05	4.69566225929738e-05	0.0001293786589902
mcheques_emitidos_rank_lag2	4.58038525785372e-05	0.000735313695867711	0.0001293786589902
ctarjeta_visa_debitos_automaticos_lag2	4.56160048942637e-05	0.00074464228130735	0.0001293786589902
cmobile_app_trx_delta1	4.5348723481545e-05	0.00093732529360696	0.000161723323737749
Visa_Finiciomora_delta1	4.4352890666232e-05	0.000631029284161574	0.0001293786589902
vm_status02_delta2	4.38458745834498e-05	0.000150470700435823	0.000226412653232849
mcaja_ahorro_adicional_rank_delta1	4.36901846997346e-05	0.00094263916251904	0.000161723323737749
Master_cadelantosefectivo_delta2	4.36845342785535e-05	3.32857206073458e-05	0.000194067988485299
rf_009_017	4.36284757309693e-05	0.000126613023181255	9.70339942426497e-05
mtarjeta_master_descuentos_rank_lag1	4.3385975971738e-05	0.00028276035264689	0.0001293786589902
Visa_cadelantosefectivo_delta1	4.26349493662807e-05	3.49058306741573e-05	0.000161723323737749
Master_msaldodolares_rank_lag2	4.26281613882243e-05	4.85375871587997e-05	0.000194067988485299
vmr_msaldodolares2_lag2	4.20766771472614e-05	0.000585356315168795	0.0001293786589902
rf_012_021	4.20305487019565e-05	0.000177173865928329	6.46893294950998e-05
ccaja_seguridad_tend6	4.19815043676415e-05	0.000984958194583478	0.0001293786589902
vmr_msaldodolares_lag1	4.15060868427481e-05	0.000185054422089427	9.70339942426497e-05
Master_Finiciomora_tend6	4.13959095142427e-05	0.000776051940495286	0.000161723323737749
mcajeros_propios_descuentos_rank_lag2	4.11978647261819e-05	0.000151553312662178	9.70339942426497e-05
cprestamos_hipotecarios_lag1	4.07974846924806e-05	0.000738718645937608	9.70339942426497e-05
ctarjeta_visa_delta2	4.07044856426082e-05	7.12967991447593e-05	3.23446647475499e-05
Visa_madelantopesos_rank_delta2	4.05944333780061e-05	2.97690021613308e-05	0.0001293786589902
rf_003_025	4.05302724761166e-05	0.000313872080917822	0.000161723323737749
vmr_msaldodolares2_delta2	4.02553718074129e-05	0.000262261306238202	6.46893294950998e-05
mcheques_depositados_rank	4.02541829913527e-05	0.000246239548645869	3.23446647475499e-05
catm_trx_lag2	4.01158404777725e-05	0.000702408359709988	0.000161723323737749
vm_status03_lag2	3.91470339435988e-05	5.46400342174331e-05	9.70339942426497e-05
cinversion1	3.87719173855429e-05	0.000984958194583478	0.0001293786589902
cprestamos_prendarios_delta2	3.83888284999383e-05	0.00107546489553885	0.000161723323737749
vmr_msaldodolares_tend6	3.82825213462357e-05	0.000233011911891991	9.70339942426497e-05
Visa_madelantopesos_rank_lag1	3.82704506501169e-05	4.61191568524299e-05	0.000194067988485299
ccajas_otras_lag2	3.82231599488793e-05	0.000256765880138292	6.46893294950998e-05
ctarjeta_visa_lag2	3.81897227956369e-05	0.00070497433844315	9.70339942426497e-05
vm_status02_delta1	3.80007016092505e-05	1.85927845009609e-05	9.70339942426497e-05
ccajeros_propios_descuentos_lag1	3.79513385179575e-05	6.06894311514276e-05	6.46893294950998e-05
rf_012_022	3.79384373680982e-05	0.000129590561061657	9.70339942426497e-05
Master_delinquency_lag2	3.79098482135554e-05	0.000484349763501074	0.0001293786589902
ctarjeta_master_debitos_automaticos_tend6	3.75767179616404e-05	0.000472317127301041	6.46893294950998e-05
rf_017_014	3.73195746656526e-05	0.000151539142345079	3.23446647475499e-05
Visa_Finiciomora_lag2	3.70274015658989e-05	0.00059128579579434	0.0001293786589902
cforex_tend6	3.67254859597207e-05	0.000543301382389288	9.70339942426497e-05
ccajas_depositos	3.66061625179621e-05	0.000492479097291739	6.46893294950998e-05
rf_009_022	3.58479304166896e-05	0.000374568242969871	0.0001293786589902
vm_status03_delta2	3.56674209491082e-05	0.000357769066355701	6.46893294950998e-05
vm_status04_lag1	3.55359819062707e-05	3.4522257903187e-05	6.46893294950998e-05
ctarjeta_master_descuentos_delta1	3.51904187142568e-05	7.85826448101131e-05	6.46893294950998e-05
cseguro_auto	3.51138404698073e-05	0.000738718645937608	9.70339942426497e-05
vm_mpagosdolares_rank_tend6	3.49071986018647e-05	0.000480267826531778	9.70339942426497e-05
vmr_mpagado_lag1	3.48296113384405e-05	0.000490498618348206	0.000161723323737749
ctarjeta_master_descuentos_lag2	3.47750329973034e-05	9.6537942170588e-05	6.46893294950998e-05
rf_011_025	3.43851828621523e-05	0.000103580766897696	0.0001293786589902
Master_delinquency_tend6	3.3529368161491e-05	0.000135021955041177	0.000161723323737749
cprestamos_personales_lag1	3.34792926880551e-05	0.000909267091541873	0.0001293786589902
cforex_sell_tend6	3.22833681203869e-05	0.000943841868182808	0.0001293786589902
ctransferencias_emitidas_lag2	3.20573793487129e-05	0.000849483763604438	0.0001293786589902
mcajeros_propios_descuentos_rank_lag1	3.18733475314475e-05	4.24685289098305e-05	6.46893294950998e-05
ctarjeta_visa_lag1	3.17477457966669e-05	0.000243873459948284	3.23446647475499e-05
vmr_mpagosdolares_delta2	3.1417992553732e-05	0.000907112052004579	0.0001293786589902
rf_007_023	3.13864886445455e-05	0.000259464794158738	9.70339942426497e-05
minversion1_pesos_rank_tend6	3.13348522828473e-05	0.000209535061909455	3.23446647475499e-05
ccajas_depositos_delta1	3.11904258782988e-05	0.000484328153767498	6.46893294950998e-05
vmr_mpagosdolares_lag2	3.10032134392483e-05	0.00044138846181413	9.70339942426497e-05
ctransferencias_recibidas_delta1	3.05090198805493e-05	1.95470667930887e-05	3.23446647475499e-05
vm_mpagosdolares_rank_delta2	3.00931339079828e-05	0.000472532958943353	9.70339942426497e-05
vm_mconsumosdolares_rank_tend6	3.00432149771197e-05	2.5602663240814e-05	3.23446647475499e-05
Master_Finiciomora_lag1	2.99241280507701e-05	0.000757760806619568	0.0001293786589902
cliente_edad_delta2	2.98651364568828e-05	0.000553991646737648	9.70339942426497e-05
Visa_status_lag2	2.97946820898197e-05	0.000262482363184945	0.0001293786589902
Master_msaldodolares_rank_tend6	2.9487364630513e-05	0.000301130131782507	9.70339942426497e-05
mcajeros_propios_descuentos_rank_delta2	2.9318152885786e-05	4.2076985335492e-05	9.70339942426497e-05
vm_mpagado_rank_delta1	2.9300421603499e-05	0.000173498085672879	6.46893294950998e-05
mprestamos_prendarios_rank_tend6	2.9094016534557e-05	0.00123119774322935	0.000161723323737749
rf_010_007	2.86308016733692e-05	4.45474915572002e-05	3.23446647475499e-05
vm_msaldodolares_rank_delta2	2.8580698975138e-05	0.000252682968959695	9.70339942426497e-05
mv_status07_rank_delta1	2.85273792135989e-05	0.000669148854189275	0.0001293786589902
catm_trx_delta2	2.81486998940534e-05	0.000271228460027338	6.46893294950998e-05
vm_mconsumosdolares_rank_delta1	2.80693254362563e-05	9.41256228134672e-05	6.46893294950998e-05
mttarjeta_master_debitos_automaticos_rank_delta2	2.78429101427898e-05	0.00107801909519593	0.000161723323737749
ccajas_extracciones_delta2	2.76000332067074e-05	0.000341273577349857	6.46893294950998e-05
vmr_mpagado	2.75267661779828e-05	0.000620948786270875	0.0001293786589902
rf_002_008	2.7078488087284e-05	0.000133395822589598	6.46893294950998e-05
ccajas_depositos_lag2	2.70696641341083e-05	0.000877756734538054	0.0001293786589902
rf_018_022	2.68723907152469e-05	0.00026506605481448	6.46893294950998e-05
ccallcenter_transacciones_lag1	2.68608757612136e-05	0.000511482023908231	9.70339942426497e-05
active_quarter_tend6	2.67680114173594e-05	0.000878736877658887	0.0001293786589902
vmr_mpagosdolares_lag1	2.66197582275256e-05	0.000703787131563709	9.70339942426497e-05
cplazo_fijo_lag2	2.65989261544938e-05	0.000657117900714397	9.70339942426497e-05
ctarjeta_master_descuentos_tend6	2.60317905630639e-05	0.000682597193631969	9.70339942426497e-05
ctarjeta_master_descuentos_lag1	2.5674148069698e-05	6.91236924531639e-05	3.23446647475499e-05
Visa_msaldodolares_rank_delta2	2.51897894682909e-05	3.36162432536772e-05	6.46893294950998e-05
rf_007_024	2.50818624392696e-05	0.000248702792580064	6.46893294950998e-05
vm_mpagado_rank_lag2	2.49248439997248e-05	3.59090005602763e-05	9.70339942426497e-05
vmr_Visa_mlimitecompra_delta1	2.45607384533981e-05	7.50974553196431e-05	6.46893294950998e-05
rf_007_017	2.3931867802774e-05	0.000183155156775767	3.23446647475499e-05
ctarjeta_debito_lag1	2.38924326868233e-05	0.000239259870394333	3.23446647475499e-05
vmr_msaldodolares_delta2	2.36047737984356e-05	0.000453814147184694	9.70339942426497e-05
rf_012_026	2.34773705479054e-05	0.000301961929396212	6.46893294950998e-05
mcheques_emitidos_rank_delta2	2.34419576118645e-05	9.9187082952224e-05	6.46893294950998e-05
mcheques_depositados_rank_delta1	2.31521564723988e-05	0.000475046507503249	6.46893294950998e-05
rf_004_018	2.30214082587413e-05	0.000656652140104253	9.70339942426497e-05
rf_008_015	2.27214999140311e-05	6.11682107404061e-05	6.46893294950998e-05
vm_msaldodolares_rank_delta1	2.26459647195505e-05	0.000306076280965872	6.46893294950998e-05
rf_005_016	2.24843277069245e-05	0.000147124911439814	6.46893294950998e-05
vmr_mpagado_delta1	2.20954317157703e-05	0.000242697057935631	6.46893294950998e-05
vm_status05_lag2	2.19582020156968e-05	2.17916450215516e-05	6.46893294950998e-05
cproductos_lag1	2.165302538951e-05	9.9849368147633e-06	3.23446647475499e-05
cplazo_fijo	2.13087236130103e-05	0.000481006542875039	6.46893294950998e-05
matm_other_rank_lag1	2.10300458584523e-05	5.18331600935903e-05	6.46893294950998e-05
matm_other_rank	2.07937028023371e-05	0.000265441125395191	6.46893294950998e-05
rf_013_020	2.06644601765764e-05	0.000672889197952007	9.70339942426497e-05
rf_008_014	2.0584329096344e-05	9.79259247304235e-05	6.46893294950998e-05
mcheques_depositados_rechazados_rank_tend6	2.03567456890054e-05	0.000492479097291739	6.46893294950998e-05
vm_mpagosdolares_rank_lag1	2.03505049718726e-05	0.000245889630378009	6.46893294950998e-05
vmr_mpagosdolares	2.034267046985e-05	0.000481278701527819	9.70339942426497e-05
mforex_sell_rank_lag1	2.0165296958374e-05	7.86474740108405e-05	3.23446647475499e-05
mforex_sell_rank_delta1	2.00698819915128e-05	0.000223903497754275	6.46893294950998e-05
rf_018_026	1.99838164730945e-05	0.000587845862754104	9.70339942426497e-05
ccajas_extracciones_lag2	1.97744810519698e-05	0.000581393320298647	9.70339942426497e-05
Visa_mpagosdolares_rank_delta1	1.95278754533017e-05	4.94846071634143e-05	6.46893294950998e-05
Master_msaldodolares_rank	1.94941927097186e-05	4.19002991941654e-05	6.46893294950998e-05
rf_008_006	1.92328976324518e-05	0.000354682948420529	6.46893294950998e-05
mv_status07_rank_lag2	1.92191854105668e-05	0.000352865605252597	9.70339942426497e-05
ctarjeta_master	1.86182842668014e-05	2.58930661768592e-05	3.23446647475499e-05
rf_005_021	1.84713483600305e-05	8.82054414585181e-05	9.70339942426497e-05
ctarjeta_visa_delta1	1.84179245203678e-05	0.000145491959523131	3.23446647475499e-05
mtarjeta_visa_descuentos_rank_lag1	1.82826700359095e-05	5.59487515659967e-05	6.46893294950998e-05
rf_003_016	1.82155955137428e-05	0.000216969164517456	6.46893294950998e-05
Master_status_lag1	1.81450367849645e-05	2.35684256567876e-05	3.23446647475499e-05
vm_msaldodolares_rank	1.79299438868231e-05	1.37963092919532e-05	3.23446647475499e-05
mcheques_emitidos_rechazados_rank_delta2	1.76391342955659e-05	8.74037557686489e-05	3.23446647475499e-05
ctransferencias_recibidas	1.73579118025269e-05	0.000424570863787732	6.46893294950998e-05
mcaja_ahorro_adicional_rank_lag1	1.72365396949242e-05	0.000480288107798125	9.70339942426497e-05
mprestamos_hipotecarios_rank_tend6	1.68518397253411e-05	0.000246239548645869	3.23446647475499e-05
rf_016_006	1.68405034340268e-05	0.000459569421474405	6.46893294950998e-05
ctarjeta_visa_debitos_automaticos	1.68276524798838e-05	0.000710522194716326	9.70339942426497e-05
cextraccion_autoservicio_lag1	1.63748352217567e-05	2.23325083123195e-05	3.23446647475499e-05
cseguro_accidentes_personales_lag1	1.61231374520064e-05	2.81964512212824e-05	3.23446647475499e-05
vmr_mconsumosdolares_delta1	1.60251403834688e-05	0.000336797085613838	9.70339942426497e-05
cprestamos_hipotecarios_lag2	1.57969832702881e-05	0.000148116390814326	3.23446647475499e-05
mforex_sell_rank_delta2	1.56963207241384e-05	2.22854805724476e-05	3.23446647475499e-05
rf_011_015	1.54717201334317e-05	0.000111647928422089	6.46893294950998e-05
mcajeros_propios_descuentos_rank_tend6	1.4895106059373e-05	0.000738718645937608	9.70339942426497e-05
rf_015_017	1.48904032595815e-05	4.5267609359269e-05	3.23446647475499e-05
cseguro_vivienda_delta2	1.4782231774586e-05	0.000476746945555115	6.46893294950998e-05
Visa_madelantodolares_rank_delta1	1.46411574229553e-05	1.26212357465284e-05	6.46893294950998e-05
mcheques_emitidos_rank_tend6	1.41882672817826e-05	0.000489992029511921	6.46893294950998e-05
ctransferencias_emitidas_delta2	1.40888298514201e-05	0.000484753440409429	6.46893294950998e-05
rf_019_022	1.38775263044705e-05	0.000156484848706034	3.23446647475499e-05
rf_009_024	1.38317957382049e-05	0.000605597904628692	9.70339942426497e-05
mtarjeta_visa_descuentos_rank_lag2	1.37742864777018e-05	8.77279903367676e-05	6.46893294950998e-05
mttarjeta_master_debitos_automaticos_rank_lag1	1.37453624014589e-05	0.000432134093410296	6.46893294950998e-05
Master_madelantodolares_rank_delta1	1.37390076804959e-05	1.1971261014099e-05	6.46893294950998e-05
mcheques_emitidos_rechazados_rank_lag1	1.35863009679022e-05	0.000492479097291739	6.46893294950998e-05
ctarjeta_debito_transacciones	1.35849641170178e-05	3.81575641904232e-05	3.23446647475499e-05
mcaja_ahorro_adicional_rank_lag2	1.31152779787122e-05	0.000247478122924794	6.46893294950998e-05
rf_009_008	1.29902702265743e-05	4.58488580537688e-05	3.23446647475499e-05
rf_014_022	1.29732876261573e-05	0.000401604676607646	6.46893294950998e-05
vm_status02_lag1	1.29180587258498e-05	0.00021789864875466	6.46893294950998e-05
cextraccion_autoservicio_delta1	1.26456876943734e-05	0.000492479097291739	6.46893294950998e-05
vmr_mpagosdolares_delta1	1.26282808408967e-05	0.000105168993751035	6.46893294950998e-05
mcaja_ahorro_adicional_rank_tend6	1.24632662521074e-05	0.000441007811671061	6.46893294950998e-05
rf_003_024	1.22679022556061e-05	0.000227160633703935	3.23446647475499e-05
ctarjeta_master_transacciones	1.21158132055551e-05	0.000156095076421333	3.23446647475499e-05
mcheques_emitidos_rank_lag1	1.20204665842738e-05	0.000475075025266411	6.46893294950998e-05
rf_012_017	1.16562144210809e-05	6.86444700417761e-05	3.23446647475499e-05
cseguro_accidentes_personales_lag2	1.14976186449601e-05	0.000173200420449321	3.23446647475499e-05
ctarjeta_master_debitos_automaticos_delta2	1.14779146993824e-05	0.000215552398501013	3.23446647475499e-05
minversion1_pesos_rank_delta1	1.13216625243878e-05	0.000492479097291739	6.46893294950998e-05
ccuenta_debitos_automaticos_delta2	1.11725693361832e-05	0.00013910752315423	3.23446647475499e-05
rf_015_024	1.11435420325915e-05	0.000130387464269506	3.23446647475499e-05
cforex_delta2	1.07784722747656e-05	0.000237920775428489	3.23446647475499e-05
mprestamos_hipotecarios_rank_lag2	1.06031967740751e-05	0.000195322853810649	3.23446647475499e-05
rf_001_021	1.00917243680658e-05	3.05063900373639e-05	0.0001293786589902
rf_004_024	9.97319374212271e-06	0.000445686053296775	6.46893294950998e-05
ctarjeta_master_transacciones_delta1	9.91411168250943e-06	0.000492479097291739	6.46893294950998e-05
ctarjeta_visa_descuentos_lag2	9.78576860935913e-06	0.000151908899056878	6.46893294950998e-05
mprestamos_prendarios_rank_delta1	9.7260978135481e-06	0.000492479097291739	6.46893294950998e-05
cforex_buy_delta2	9.69064205517293e-06	0.000237016089246207	3.23446647475499e-05
ccuenta_debitos_automaticos_lag2	9.20555122020966e-06	0.000215478181465208	3.23446647475499e-05
Master_status_lag2	9.07299085611685e-06	6.96860769130258e-06	3.23446647475499e-05
rf_016_016	8.97972267779954e-06	0.000132257946126558	3.23446647475499e-05
cpayroll_trx_lag2	8.8001133300118e-06	0.000181517156683618	3.23446647475499e-05
rf_018_016	8.61620700203706e-06	0.000205006937080507	3.23446647475499e-05
ccajas_extracciones	8.53371870828077e-06	0.000246239548645869	3.23446647475499e-05
rf_011_010	8.52441009703088e-06	5.85968295738503e-05	3.23446647475499e-05
ccomisiones_mantenimiento_lag2	8.4532439150081e-06	0.000237395233793084	3.23446647475499e-05
cseguro_vivienda_tend6	8.21109240628305e-06	0.000239311237793817	3.23446647475499e-05
ccajas_otras_delta2	7.93500419768149e-06	0.000208746749456348	6.46893294950998e-05
mforex_buy_rank_lag2	7.79206083549622e-06	5.46345432195573e-06	3.23446647475499e-05
cpayroll_trx	7.35371270528108e-06	0.000246239548645869	3.23446647475499e-05
mpagodeservicios_rank_lag2	7.32374728061898e-06	0.000483097018905051	6.46893294950998e-05
ctransferencias_emitidas	7.22326623310445e-06	0.000246239548645869	3.23446647475499e-05
ccuenta_debitos_automaticos_delta1	7.08348789516529e-06	0.000246239548645869	3.23446647475499e-05
ccheques_emitidos_lag1	6.97418147651694e-06	0.000246239548645869	3.23446647475499e-05
rf_002_016	6.79673252967063e-06	0.00016526141173019	3.23446647475499e-05
rf_003_027	6.65909984590881e-06	0.000126601155540684	3.23446647475499e-05
Visa_status_lag1	6.59733529318644e-06	5.82196334455744e-06	3.23446647475499e-05
mtarjeta_visa_descuentos_rank	6.43073088978993e-06	0.000189457051047567	3.23446647475499e-05
vm_status02_lag2	6.39585365831427e-06	5.48594970035021e-06	3.23446647475499e-05
ccajas_depositos_lag1	6.18518819250388e-06	0.000246239548645869	3.23446647475499e-05
minversion2_rank_delta2	6.1684557198934e-06	0.000242387790764948	3.23446647475499e-05
cliente_edad_tend6	6.15718805775044e-06	0.000246239548645869	3.23446647475499e-05
mprestamos_hipotecarios_rank_lag1	6.06018724656477e-06	0.000246239548645869	3.23446647475499e-05
mcheques_emitidos_rechazados_rank_tend6	6.05453980309565e-06	0.000246239548645869	3.23446647475499e-05
rf_013_018	5.93608627862351e-06	1.09247830963466e-05	6.46893294950998e-05
cproductos_lag2	5.87478242048362e-06	0.00020535508405873	3.23446647475499e-05
mcheques_emitidos_rechazados_rank_lag2	5.48457793760661e-06	0.000187411831467789	3.23446647475499e-05
rf_015_022	5.47837862485001e-06	0.00018747683779748	3.23446647475499e-05
mcaja_ahorro_adicional_rank_delta2	5.23364076057417e-06	0.000195123052339555	3.23446647475499e-05
cpayroll_trx_delta1	5.16702622401084e-06	0.000246239548645869	3.23446647475499e-05
vm_mpagosdolares_rank_lag2	4.90112873838513e-06	1.19754235447468e-05	6.46893294950998e-05
mpagodeservicios_rank_lag1	4.86971217541674e-06	0.000246239548645869	3.23446647475499e-05
ctransferencias_emitidas_lag1	4.72965166381826e-06	0.000246239548645869	3.23446647475499e-05
mforex_buy_rank_delta2	4.55449555519873e-06	0.000187198745324415	3.23446647475499e-05
cforex_buy_delta1	4.41322665971846e-06	0.000246239548645869	3.23446647475499e-05
cpagomiscuentas	4.41276156946591e-06	0.000246239548645869	3.23446647475499e-05
catm_trx_lag1	4.39371810876515e-06	0.000246239548645869	3.23446647475499e-05
ctarjeta_visa_debitos_automaticos_lag1	4.13688222609057e-06	0.000246239548645869	3.23446647475499e-05
ccheques_emitidos_rechazados_lag1	3.94890465685627e-06	0.000246239548645869	3.23446647475499e-05
rf_005_006	3.8108590636995e-06	0.000204935819801567	3.23446647475499e-05
vm_cconsumos_delta1	3.68774712152397e-06	0.000239573477224628	3.23446647475499e-05
ccaja_ahorro_delta1	3.43441756560705e-06	0.000246239548645869	3.23446647475499e-05
ccheques_depositados_tend6	3.27313078862861e-06	0.000246239548645869	3.23446647475499e-05
cdescubierto_preacordado_tend6	3.23606848374081e-06	0.000246239548645869	3.23446647475499e-05
mcaja_ahorro_adicional_rank	3.12281872365235e-06	0.000239945713741919	3.23446647475499e-05
cpagomiscuentas_lag1	3.08538122705471e-06	5.27357207283072e-06	3.23446647475499e-05
Master_msaldodolares_rank_lag1	2.41271580654549e-06	4.63953894713762e-06	3.23446647475499e-05
