Feature	Gain	Cover	Frequency
rf_013_016	0.0971540717885698	0.00410185836080461	0.00227027886833106
rf_018_027	0.0296136109409525	0.00197938722023758	0.00334757680266649
rf_014_015	0.0278845675810044	0.00349736178349476	0.00120744130895314
Visa_Finiciomora_tend6	0.0211322752649356	0.00474351455291346	0.000665177248046042
ctarjeta_master_delta2	0.0181993488854492	0.000971938416627412	0.000115682999660181
rf_006_019	0.0159794439562889	0.0017995574605694	0.00480084448589752
ctrx_quarter_normalizado	0.015945645689308	0.00272634659697028	0.000578414998300906
rf_017_021	0.0138202731066044	0.00182531910241628	0.00070855837291861
ctrx_quarter_lag1	0.0115046168252825	0.00114809477479528	0.00060010556073719
internet_tend6	0.00969816656532956	0.00201001667405329	0.000455501811161963
mprestamos_personales_rank_lag2	0.00798006956760585	0.00244325834730606	0.000809780997621268
Master_status_delta2	0.00766113836620716	0.000851728177673075	0.000260286749235408
mcuentas_saldo_rank	0.00763192830239528	0.00625988466825764	0.00122190168391066
cdescubierto_preacordado	0.00753445770244719	0.00308635543006632	0.001756935557339
mprestamos_personales_rank	0.00549223180045813	0.00480643054582284	0.00107006774685668
rf_013_026	0.0054818926815331	0.00105968101343818	0.00124359224634695
rf_016_022	0.00538341158565564	0.00203943638390721	0.000686867810482326
mcaja_ahorro_rank_lag1	0.00489095649236034	0.00248923365273238	0.00111344887172924
foto_mes	0.00486273354731516	0.00621381217442122	0.00174970536986024
rf_011_016	0.00482200906133908	0.000677638255653325	0.000889313059887643
cprestamos_personales_tend6	0.00439186011974525	0.00451553579350395	0.000419350873768157
mcuentas_saldo_rank_delta2	0.00433528507022891	0.00319671531088459	0.00471408223615238
ctrx_quarter	0.0042885937441302	0.00244523201963418	0.000715788560397371
mprestamos_personales_rank_delta2	0.00417791707722953	0.00382729637254644	0.000751939497791178
mrentabilidad_annual_rank_delta1	0.00406931853448666	0.00330170724848081	0.00725187804119761
thomebanking	0.00403958470146126	0.00222016601365821	0.00541541042159223
mpasivos_margen_rank	0.00403492428246763	0.00261264027660278	0.00244380336782133
mpayroll_sobre_edad_rank_lag1	0.0039493205225215	0.00100732529651759	0.000303667874107976
mrentabilidad_annual_rank_lag2	0.00370556639056133	0.00287960547251975	0.00469962186119486
mrentabilidad_annual_rank_delta2	0.00362470105795739	0.0032678100823052	0.00668792341785423
mcomisiones_rank_lag2	0.00350816744188719	0.00210567326054371	0.00461285961144973
rf_017_015	0.00350484183661343	0.000736693869987708	0.00098330549711154
cdescubierto_preacordado_delta1	0.00350368340544839	0.00290674941734227	0.000281977311671692
ctrx_quarter_delta2	0.00345226175859456	0.00230310854050028	0.00272578067949302
rf_001_022	0.0034205268243832	0.000953601236965993	0.00363678430181695
mactivos_margen_rank_delta2	0.00340260842169884	0.00352156871592423	0.00630472348147988
rf_009_026	0.0033909738290785	0.00122974959334659	0.000788090435184984
mcuentas_saldo_rank_lag1	0.00338606984915571	0.00394201256746093	0.00171355443246643
rf_010_019	0.00336621445846683	0.000985374905038408	0.00289930517898329
mpayroll_sobre_edad_rank	0.00333470932828617	0.00230879955508556	0.000375969748895589
mcuentas_saldo_rank_delta1	0.00332628719868982	0.00282962904078167	0.00339095792753906
mactivos_margen_rank	0.00330127837382142	0.00307227996981626	0.00227750905580982
Master_mlimitecompra_rank_tend6	0.00321032903586741	0.00328921724092073	0.00611673860703208
mcuentas_saldo_rank_tend6	0.00314711606392962	0.00276953799607818	0.00269685992957797
mcuenta_corriente_rank	0.00313917537165449	0.00343408137219054	0.00183646761960538
thomebanking_lag2	0.00308833025026226	0.00196832978815099	0.00601551598232942
mcomisiones_rank_delta2	0.00308542967906393	0.00268644968662096	0.0058709122327542
Master_Fvencimiento_tend6	0.00308054818096139	0.00144120426331663	0.00164125255767882
rf_001_015	0.00306005049260052	0.00112101727511028	0.00109898849677172
mprestamos_personales_rank_delta1	0.00298354471387957	0.0045598267795374	0.000636256498130997
rf_012_027	0.00292372029374287	0.00135932867297661	0.00464178036136477
Master_fechaalta	0.00291930726437487	0.00300790744761804	0.00483699542329133
Visa_msaldototal_rank	0.00290223156715705	0.000803224447863505	0.00163402237020006
mcomisiones_otras_rank_delta2	0.00289039490141817	0.00241772434299115	0.00627580273156483
thomebanking_lag1	0.00286646766284121	0.00206060102921371	0.00576968960805154
mcomisiones_otras_rank_lag2	0.00282358826168966	0.00227938816040958	0.00440318417456565
Master_fechaalta_lag1	0.00279432952986221	0.00306328020098362	0.00458393886153468
mpasivos_margen_rank_delta2	0.0027881216927627	0.00326566888584162	0.00587814242023296
mcomisiones_mantenimiento_rank_tend6	0.00274855289510195	0.00369148243517919	0.0018509279945629
mactivos_margen_rank_delta1	0.00272770383620536	0.00304636453532044	0.00550217267133737
ccomisiones_mantenimiento_tend6	0.00270099214547721	0.00534567494665124	0.000513343310992054
Visa_mpagospesos_rank_tend6	0.00268365172269724	0.00281964571608453	0.00537925948419843
mcomisiones_rank_delta1	0.00266404066880628	0.00230711630369718	0.00481530486085504
mpasivos_margen_rank_delta1	0.00264260500541225	0.00312126338622135	0.00512620292244178
rf_014_025	0.00263983924040065	0.00155773568446208	0.00393322198844616
Visa_fechaalta	0.002602384400992	0.00192641206070319	0.00276193161688683
mrentabilidad_annual_rank	0.00260153305819355	0.00262648085214744	0.00308005986595232
mrentabilidad_rank_delta1	0.00257051037864435	0.0020324478201325	0.00502498029773912
Master_mlimitecompra_rank_delta2	0.00257038182997803	0.00238967831579077	0.00550940285881613
mrentabilidad_rank_delta2	0.00252422498861995	0.00255401697523545	0.00579138017048782
chomebanking_transacciones_lag2	0.0025230804303782	0.00228044929917288	0.00493821804799398
Master_mfinanciacion_limite_rank_tend6	0.00250599544281238	0.00233615252364721	0.0050466708601754
vm_status01	0.00248973373833041	0.00189010112805673	0.000607335748215951
mcomisiones_rank_lag1	0.00242414441448769	0.00138896961233546	0.00391876161348864
mcomisiones_rank_tend6	0.00241723045325844	0.00188046864283999	0.00396937292583997
rf_019_021	0.00239362523962102	0.00091623069127695	0.00112067905920801
mrentabilidad_annual_rank_lag1	0.00238881662007214	0.0020363252867796	0.00346325980232667
ctarjeta_visa_transacciones_tend6	0.00236843485294406	0.0022771834939639	0.00118575074651686
Master_mfinanciacion_limite_rank_delta1	0.00232878230450149	0.00171207148998435	0.00552386323377365
Master_Fvencimiento_lag2	0.00231702308093949	0.00201783400932509	0.00390430123853112
rf_007_020	0.00230536111240894	0.000954329310895322	0.00049165274855577
mactivos_margen_rank_lag2	0.00230471408409299	0.0022523039475534	0.00314513155326118
Master_fechaalta_lag2	0.00229503689379491	0.00198678086286443	0.00455501811161964
Visa_mconsumospesos_rank_tend6	0.00229046386073507	0.0018263779525985	0.00462731998640725
mcomisiones_otras_rank_delta1	0.00226953639995717	0.00210781994960189	0.00439595398708689
rf_014_017	0.00226511391404593	0.00159480337458748	0.00119298093399562
Visa_cconsumos_tend6	0.00226481958121004	0.00223095842805511	0.00414289742533024
Master_mfinanciacion_limite_rank_delta2	0.00225868601790313	0.00238124108018895	0.00475746336102495
rf_002_017	0.0022570506234872	0.00138799528708134	0.00241488261790628
Master_Fvencimiento	0.0022527338324912	0.0024046674538962	0.0044682558618745
ctrx_quarter_normalizado_delta1	0.00225021601278101	0.0012631144355617	0.00107729793433544
Visa_mlimitecompra_rank_tend6	0.00224470397863825	0.00232255003682148	0.00398383330079749
mactivos_margen_rank_tend6	0.0022126479967895	0.00230314775152288	0.00266793917966293
mcuenta_debitos_automaticos_rank	0.00219711315286365	0.00243376172751976	0.00101945643450535
Visa_mfinanciacion_limite_rank_tend6	0.002177372056237	0.00256768209289688	0.00381753898878598
cdescubierto_preacordado_tend6	0.0021734368213765	0.00109776796129302	0.000115682999660181
Master_fultimo_cierre_tend6	0.00216186363990918	0.0023346155125902	0.00380307861382846
Master_Fvencimiento_lag1	0.00216182893225999	0.00173324834105664	0.00412843705037272
mcomisiones_otras_rank	0.0021605570952204	0.00170023944948635	0.00345602961484791
mtarjeta_visa_consumo_rank	0.00214310985791567	0.00194659536244024	0.000925463997281449
mrentabilidad_annual_rank_tend6	0.00212722162258783	0.00232141680775398	0.00370908617660456
ctrx_quarter_normalizado_delta2	0.00212254248606697	0.00171316230401573	0.00258117692991779
Visa_mconsumototal_rank_tend6	0.00206457304481646	0.00224921909282224	0.00432365211229927
Visa_mconsumospesos_rank	0.00204606724186534	0.00152561224491377	0.003513871114678
mrentabilidad_rank_lag2	0.00203883841408035	0.00244471464773679	0.00370908617660456
mcomisiones_otras_rank_tend6	0.00203878705288139	0.00215461380419646	0.0032897353028364
rf_005_013	0.00203810284604838	0.00134261196129579	0.00142434693331598
mcomisiones_otras_rank_lag1	0.0020168177923697	0.00171825866894896	0.00365124467677447
cdescubierto_preacordado_delta2	0.00198710598699946	0.00211336777529725	0.000260286749235408
Visa_mpagominimo_rank	0.00197867846836434	0.00239460227428223	0.00247995430521513
Master_mfinanciacion_limite_rank	0.00197478360075155	0.00277056083925132	0.00381753898878598
cliente_edad_lag2	0.00196955773986186	0.00327475676504605	0.00256671655496027
rf_003_018	0.00196111436980669	0.00109483194061845	0.00301498817864347
mcuenta_corriente_rank_tend6	0.00196046172798877	0.00372257769153183	0.00209675436884078
chomebanking_transacciones_delta2	0.00193862128037942	0.00255070372011195	0.00391876161348864
Visa_mfinanciacion_limite_rank_delta2	0.00193839145445267	0.00203312409584326	0.00388984086357359
Visa_mpagospesos_rank	0.00193721795847222	0.00154570224882856	0.00390430123853112
Visa_Fvencimiento_lag2	0.00193652087495759	0.00182026957710926	0.00308729005343109
Visa_mlimitecompra_rank_delta2	0.00192221952354737	0.0037228677310414	0.00381030880130722
Visa_Fvencimiento	0.00192126765569215	0.00265190210570087	0.00308005986595232
Master_mlimitecompra_rank	0.00190630990791864	0.00170578422374027	0.00381753898878598
chomebanking_transacciones_lag1	0.00190532899509566	0.00190200335170802	0.00362955411433819
Visa_msaldopesos_rank_tend6	0.00190384021626388	0.00195746429173143	0.0024293429928638
mcomisiones_rank	0.00190313168394433	0.0019742260121736	0.00377415786391341
Visa_mconsumototal_rank_delta2	0.00189465548141222	0.00146096112611141	0.00371631636408332
Master_mfinanciacion_limite_rank_lag1	0.0018944066630005	0.0022230276554475	0.00360063336442314
rf_010_017	0.00188423549000376	0.0013517974103405	0.00281254292923816
internet_lag2	0.00188153611874457	0.00335005718564143	0.000404890498810634
Visa_mlimitecompra_rank_delta1	0.00187643651131534	0.00195545781640774	0.00399106348827625
Visa_mconsumospesos_rank_delta2	0.00184303332407246	0.00159819344974941	0.00396214273836121
mrentabilidad_rank_lag1	0.00183525285357597	0.00200303512859391	0.00304390892855852
Visa_mpagospesos_rank_delta1	0.00183355598920856	0.00167380954196251	0.004150127612809
tcallcenter	0.00182639515106543	0.00181001131753772	0.00138096580844341
chomebanking_transacciones	0.00182028185279592	0.0027898981288471	0.00279085236680187
Visa_mpagospesos_rank_delta2	0.00181906272756397	0.00166678741233188	0.00370908617660456
mrentabilidad_rank	0.00180463405249173	0.00198005968164654	0.00304390892855852
Visa_Fvencimiento_lag1	0.00179140941371634	0.0026013174453963	0.00299329761620719
mprestamos_personales_rank_tend6	0.00178368904314971	0.00235143734642888	0.000535033873428338
Master_mfinanciacion_limite_rank_lag2	0.00177195331384482	0.00157751436506321	0.00324635417796383
mcuenta_corriente_rank_lag2	0.00177122238784119	0.00231365676329536	0.00195215061926556
Master_delinquency	0.00176313187799156	0.00158376867573966	0.000672407435524803
Visa_fechaalta_lag1	0.00176063572376219	0.00195236060333872	0.00264624861722665
mcaja_ahorro_rank	0.00175056255065382	0.00304509971284053	0.000918233809802688
mpasivos_margen_rank_lag2	0.00174905442814406	0.00239832274426687	0.0031595919282187
mttarjeta_visa_debitos_automaticos_rank_tend6	0.00173081123413836	0.00215579700061765	0.00133758468357085
Master_mlimitecompra_rank_lag1	0.00172841181749771	0.00174527147807528	0.00344156923989039
cliente_edad_lag1	0.00172505273727426	0.00298064556458359	0.00229196943076734
Visa_fechaalta_lag2	0.00172122873327607	0.00156642733399458	0.00267516936714169
Visa_mconsumospesos_rank_lag1	0.00171249990473179	0.00141995768680727	0.00321020324057003
Master_mlimitecompra_rank_lag2	0.00170933617376601	0.00151575311388353	0.00365847486425323
vm_fechaalta_lag2	0.00170740394374542	0.00180153601520384	0.00263178824226912
chomebanking_transacciones_delta1	0.00170468722927105	0.00244587450063091	0.00299329761620719
vm_msaldopesos_rank	0.00168312724905105	0.000989766615855419	0.000882082872408882
vm_Fvencimiento_lag1	0.00168282531700879	0.00246505166583674	0.00268239955462045
Visa_mfinanciacion_limite_rank_delta1	0.00165994313947678	0.00198927572139175	0.00363678430181695
vm_fechaalta_lag1	0.00162271536166814	0.00157588977763666	0.00263178824226912
rf_004_022	0.00161655439284155	0.00168799271809567	0.00276193161688683
rf_017_016	0.00161497036565625	0.00114826107835416	0.00287038442906825
mactivos_margen_rank_lag1	0.0016146905489839	0.0022587763600073	0.00214736568119211
vm_Fvencimiento	0.00161360339576041	0.0022584961613964	0.00251610524260894
Visa_mconsumospesos_rank_delta1	0.0015881532567455	0.00136200318511915	0.00337649755258154
Visa_mfinanciacion_limite_rank	0.00158114615390776	0.0020691674170748	0.00285592405411072
mcuenta_corriente_rank_lag1	0.00158107324455041	0.0027839140233108	0.00148218843314607
Master_mlimitecompra_rank_delta1	0.00157684527507974	0.00196764626526679	0.00407059555054263
mpasivos_margen_rank_lag1	0.00157093503809523	0.00161743911981573	0.00243657318034257
Visa_mconsumospesos_rank_lag2	0.00156709314686906	0.00156307761414579	0.00362955411433819
vm_Fvencimiento_lag2	0.00156172063372811	0.00117695561314813	0.0024293429928638
ctrx_quarter_tend6	0.00155860530187596	0.00206065061513723	0.00189430911943547
cliente_antiguedad_lag2	0.00155606630780771	0.00243921419566989	0.00226304868085229
mcaja_ahorro_rank_tend6	0.00155290173433685	0.00168877884569853	0.00258840711739655
Master_msaldototal_rank	0.001551301540364	0.0013354206292369	0.00122190168391066
Visa_mpagominimo_rank_lag2	0.0015433726448562	0.00155969120071359	0.0024293429928638
mcuentas_saldo_rank_lag2	0.00153941365599096	0.00246405315790914	0.00246549393025761
rf_020_025	0.00153139852268674	0.000959074531204005	0.00337649755258154
mcomisiones_mantenimiento_rank_delta2	0.00152390437579394	0.00182920633367601	0.00125805262130447
Visa_mpagospesos_rank_lag2	0.00151847785824626	0.00149340130528195	0.00317405230317622
vmr_mpagominimo	0.00148338587383111	0.00105471563162907	0.00161233180776378
numero_de_cliente	0.00146793009373489	0.00337393654583153	0.00212567511875583
Visa_mconsumototal_rank_delta1	0.0014623331985166	0.00106395432832703	0.00357171261450809
rf_010_013	0.00146153194861462	0.00138436170689191	0.00253056561756646
Visa_mpagominimo_rank_lag1	0.00145892980565359	0.00137076814553241	0.00232812036816115
mcomisiones_mantenimiento_rank	0.00145884341219735	0.00385428820301281	0.00215459586867087
rf_019_023	0.0014484834156311	0.00104563812732557	0.001756935557339
vm_mfinanciacion_limite_rank_delta2	0.0014416966710618	0.00218483756887175	0.0030655994909948
Visa_mpagominimo_rank_tend6	0.0014340124217398	0.00169599497071918	0.00245826374277885
mrentabilidad_rank_tend6	0.00143067646031564	0.00297466283219595	0.00240042224294876
Visa_fultimo_cierre_tend6	0.00143036135682709	0.00143147085167402	0.00210398455631955
Visa_mfinanciacion_limite_rank_lag1	0.00142866923489579	0.00131196076595977	0.00244380336782133
Visa_msaldototal_rank_tend6	0.00142636341232352	0.00158765872958274	0.00241488261790628
rf_015_025	0.00140877492781483	0.00124420915378883	0.00428750117490547
rf_017_020	0.00140125993862401	0.000869961379467176	0.00182923743212662
Visa_mpagospesos_rank_lag1	0.00139428195710603	0.000982089494318121	0.00294268630385586
tcallcenter_delta2	0.00138582564420674	0.00127042584184154	0.00103391680946287
mpayroll_rank	0.00137747107728436	0.00222871096514312	0.000289207499150453
vm_mlimitecompra_rank_delta2	0.00136767142337672	0.00162633719936214	0.00253779580504522
ctrx_quarter_delta1	0.00136019112754431	0.00114409456391596	0.00122913187138943
rf_007_026	0.00134913648550786	0.0009818988555137	0.00339818811501782
Visa_mlimitecompra_rank_lag2	0.0013395961642417	0.00113376162031499	0.00234258074311867
rf_009_015	0.00133936936505558	0.00113521303843941	0.00202445249405317
vm_fechaalta	0.0013347358920958	0.00181433391320595	0.00231365999320362
Visa_cconsumos_lag2	0.00132276572896285	0.00117653268336353	0.00235704111807619
mpasivos_margen_rank_tend6	0.00131609842950219	0.00185710840912611	0.00229196943076734
vmr_Master_mlimitecompra_lag2	0.00131529420013963	0.00154161293585898	0.00214013549371335
vmr_Master_mlimitecompra_lag1	0.00130492300716108	0.00148007741506036	0.00225581849337353
cproductos_tend6	0.00130430680350449	0.00194033494888089	0.000224135811841601
ctrx_quarter_normalizado_tend6	0.00129959563673482	0.00264822054159468	0.00206060343144698
rf_016_020	0.00129406094627019	0.000814143268222358	0.00295714667881338
Visa_mconsumosdolares_rank_tend6	0.00128831541335316	0.00126946845208744	0.00247272411773637
Visa_msaldototal_rank_delta2	0.00127707689331347	0.00100207582550974	0.00239319205547
rf_004_019	0.00125935669105405	0.00100909131825523	0.0031595919282187
Visa_mlimitecompra_rank_lag1	0.00125169912380288	0.00123575185495949	0.00204614305648945
vm_mlimitecompra_rank_delta1	0.00124921375762606	0.00178117977302277	0.00266793917966293
ccaja_ahorro_tend6	0.00123974442650207	0.00491637947376418	0.00032535843654426
ccomisiones_otras_tend6	0.00123625067371	0.00196152957459961	0.00193769024430804
vmr_Master_mlimitecompra	0.00123492645079179	0.00194917764476503	0.00232089018068239
mcaja_ahorro_rank_delta2	0.00123402154699017	0.00185937311268227	0.00204614305648945
vm_mpagominimo_rank_lag1	0.00123159585657073	0.00124271265061703	0.00130143374617704
rf_010_015	0.00122953694162599	0.000936565954798071	0.00120021112147438
Master_fultimo_cierre_lag1	0.00122668956709584	0.00263258777820198	0.00206060343144698
Visa_msaldopesos_rank_delta1	0.00122075023747251	0.00110482274134713	0.00216182605614964
rf_017_018	0.00121222501217198	0.000899887552315315	0.00228473924328858
Visa_mconsumosdolares_rank	0.00120171461055641	0.00111063810217139	0.00218351661858592
vm_mfinanciacion_limite_rank_tend6	0.0011986568571286	0.00236781435639058	0.00212567511875583
Visa_mlimitecompra_rank	0.00119187797908503	0.0015242663303774	0.00227750905580982
Visa_mfinanciacion_limite_rank_lag2	0.00119126540267539	0.00187436713309401	0.00231365999320362
Visa_msaldopesos_rank_delta2	0.00119113440551025	0.000997044837709517	0.00224858830589477
mtransferencias_recibidas_rank	0.00118820231940261	0.00320373156649043	0.00140988655835846
Master_mpagospesos_rank_tend6	0.0011870633197806	0.00189327806003356	0.00206783361892574
Visa_msaldopesos_rank	0.00117408656082138	0.0019706985458605	0.00160510162028501
vmr_Visa_mlimitecompra	0.0011657196412607	0.00138320574458563	0.00199553174413813
Visa_cconsumos_lag1	0.00116315300028084	0.00103455277454973	0.00209675436884078
Master_fultimo_cierre	0.00115962584666497	0.00100122912679415	0.00184369780708414
vm_mpagospesos_rank_tend6	0.00115660308910081	0.0010186462968592	0.0016629431201151
Master_mconsumototal_rank_tend6	0.00115659567576005	0.00252656300396189	0.00226304868085229
vmr_msaldopesos2_tend6	0.0011540425077103	0.00218939863468908	0.00193046005682927
ccaja_seguridad_lag1	0.00115388897183665	0.000978981753776103	6.50716873088519e-05
rf_003_021	0.00114942728308195	0.00104117623335527	0.000889313059887643
Visa_mconsumosdolares_rank_lag2	0.00114350652681502	0.0012999938517498	0.00253779580504522
rf_007_015	0.00113732228776105	0.00128095690027848	0.00169909405750891
Master_mconsumospesos_rank_tend6	0.00112915296397561	0.00213442470472066	0.00217628643110716
cproductos_delta2	0.00112196508964918	0.0013494111831287	0.000151833937053988
mcomisiones_mantenimiento_rank_lag1	0.00111413305595683	0.00182810636532029	0.00144603749575226
ctrx_quarter_lag2	0.00110917279210341	0.00149286707417057	0.00201722230657441
Master_fultimo_cierre_lag2	0.00110492408566292	0.00138674267036721	0.00178585630725405
mprestamos_personales_rank_lag1	0.00110418330400225	0.00191396668047428	0.000657947060567281
mcomisiones_mantenimiento_rank_lag2	0.00110013597964897	0.00167354933029309	0.00150387899558236
vm_mlimitecompra_rank_tend6	0.0010934050447093	0.00179886356278428	0.0019449204317868
rf_007_025	0.00107607580745991	0.000859557871282739	0.00120744130895314
thomebanking_delta2	0.00107535840832231	0.00127287622560977	0.00122190168391066
Visa_mpagado_rank_lag2	0.0010672329205562	0.000772747566120163	0.000686867810482326
mtransferencias_recibidas_rank_tend6	0.0010653033022236	0.00175957884787534	0.00187984874447794
vm_Fvencimiento_tend6	0.00106491224286241	0.00111496291013467	0.00112790924668677
Visa_msaldototal_rank_delta1	0.00105598657227592	0.0012001853214541	0.00200276193161689
vmr_Visa_mlimitecompra_lag2	0.00105285112867273	0.00130866238661333	0.00179308649473281
tcallcenter_delta1	0.00105219835276964	0.000826152444896373	0.000469962186119486
cpayroll_trx	0.00104974195330331	0.000212101270412728	7.23018747876133e-06
vmr_mpagominimo_lag2	0.00104375924069009	0.000751060056321665	0.00174247518238148
mcaja_ahorro_rank_delta1	0.00104284742610348	0.00208810458641079	0.00161956199524254
cliente_edad	0.00104216824869418	0.00166394682548858	0.00151833937053988
rf_004_021	0.0010418043906528	0.00147968515226231	0.000694097997961087
Visa_cconsumos	0.00103722573332977	0.00088470113852032	0.00214736568119211
rf_018_025	0.00102687770826569	0.00105719958125322	0.00158341105784873
rf_009_025	0.00102665024886453	0.00113904069030488	0.0027474712419293
Visa_msaldopesos_rank_lag2	0.00102466585948417	0.000875802601257698	0.00148218843314607
vmr_mpagominimo_tend6	0.00102017158278707	0.00187245052272096	0.00155449030793368
vm_mpagominimo_rank	0.00101917272766418	0.0012893878041393	0.00139542618340094
mcuenta_corriente_rank_delta2	0.00101845361180871	0.00217826682371721	0.0014026563708797
Visa_mconsumosdolares_rank_lag1	0.00101667221544529	0.00122796488153009	0.00185815818204166
Visa_mpagominimo_rank_delta1	0.00101005657083918	0.00107304808155625	0.00188707893195671
Visa_msaldototal_rank_lag2	0.00100923559031413	0.000885692475560517	0.00177862611977529
Visa_msaldopesos_rank_lag1	0.00100495138622822	0.000639663448271678	0.00123636205886819
Master_cconsumos_tend6	0.000997187076163421	0.000975157534782256	0.0018509279945629
ccajas_consultas_tend6	0.000995576276972172	0.0042725271592457	0.000549494248385861
ctrx_quarter_normalizado_lag2	0.000994680171983474	0.0021359105278474	0.0016629431201151
vm_mlimitecompra_rank_lag2	0.000978765728656483	0.000810790039215904	0.00151110918306112
mautoservicio_rank_lag2	0.000978152332397326	0.00087658499084479	0.00212567511875583
rf_020_016	0.000965446480133144	0.00119509589855016	0.00144603749575226
mtarjeta_visa_consumo_rank_delta2	0.000956680466774212	0.00190494044038709	0.0019449204317868
vm_mfinanciacion_limite_rank_delta1	0.000954426853921179	0.00201110153777385	0.00208229399388326
vmr_Visa_mlimitecompra_lag1	0.000946269691420058	0.00110854244847141	0.0015327997454974
cliente_antiguedad_lag1	0.000942145433346322	0.00197017156192255	0.00173524499490272
mcaja_ahorro_dolares_rank_lag2	0.000939823822193282	0.00171245917562023	0.00131589412113456
mtransferencias_recibidas_rank_lag2	0.00093903648682733	0.00177243663041585	0.00180754686969033
chomebanking_transacciones_tend6	0.000929244886030075	0.00100724336531473	0.00154726012045492
Visa_Fvencimiento_tend6	0.000927047401451026	0.00114967183602129	0.00107729793433544
Visa_mpagominimo_rank_delta2	0.000923499993010223	0.00094720144881854	0.00177862611977529
mautoservicio_rank	0.000918065898228879	0.0029351674915411	0.000947154559717733
vm_msaldopesos_rank_delta2	0.000914227309741982	0.000926226145453846	0.00133758468357085
vm_Finiciomora_tend6	0.000913371185052468	0.00411197434691868	0.000802550810142507
vmr_msaldopesos	0.000906130775522206	0.00101061734412303	0.00109898849677172
mttarjeta_visa_debitos_automaticos_rank_delta2	0.000903464609683441	0.00146790391826441	0.00133035449609208
vm_fultimo_cierre	0.000891449290037117	0.00162612520046758	0.00148218843314607
vm_mpagominimo_rank_lag2	0.000888951458056534	0.00118087747826829	0.00144603749575226
ctransferencias_recibidas_tend6	0.000888578953551832	0.00217942332002574	0.00133758468357085
vm_fultimo_cierre_lag1	0.000884499362169503	0.00163902310946313	0.0013086639336558
rf_001_013	0.00088161077654387	0.000907807034589566	0.00169909405750891
mcuenta_corriente_rank_delta1	0.000878123468383447	0.00142401259477453	0.000932694184760211
mtransferencias_emitidas_rank_lag2	0.00086865285914679	0.00191001117321217	0.00141711674583722
Master_mpagominimo_rank_tend6	0.000863815228915318	0.00153218405807281	0.00107006774685668
Master_mpagominimo_rank	0.000863204759087954	0.00133087260833175	0.00146049787070979
Visa_mpagosdolares_rank_tend6	0.000860125798735465	0.00109499092071785	0.00158341105784873
rf_019_016	0.000859183808273461	0.0010308799833377	0.0012146714964319
vmr_msaldopesos2_delta2	0.000856065522592937	0.0010338898488953	0.00173524499490272
Master_mpagominimo_rank_lag2	0.00085525296335467	0.00091236497267942	0.00126528280878323
mtransferencias_recibidas_rank_delta2	0.000839271609852966	0.00108980316511327	0.00148218843314607
rf_005_022	0.0008378108042165	0.000722075939734348	0.00267516936714169
vm_mpagominimo_rank_tend6	0.000834034120600511	0.00142504855914589	0.00159787143280625
mcaja_ahorro_dolares_rank_delta2	0.000828217124650954	0.00205275104351842	0.000997765872069063
vm_mpagospesos_rank_delta2	0.000821896616294414	0.00100365265787764	0.00161233180776378
rf_006_014	0.000816758991888694	0.000985988092197246	0.00114959980912305
mtarjeta_visa_consumo_rank_lag2	0.000814288455679924	0.00103330832044147	0.0016267921827213
mtransferencias_emitidas_rank_lag1	0.000806728947068923	0.00197615597260299	0.00139542618340094
mtransferencias_recibidas_rank_lag1	0.000806694207481292	0.00228203421786062	0.00147495824566731
Visa_fultimo_cierre_lag2	0.00080411016586996	0.0011270197655813	0.00131589412113456
Master_msaldopesos_rank_delta2	0.000803820478259833	0.000934624017461	0.00107006774685668
vm_msaldototal_rank_tend6	0.00080343173254873	0.00106558540006666	0.00135204505852837
Master_msaldopesos_rank_lag1	0.000803337205994791	0.000843679390567493	0.00134481487104961
rf_007_018	0.000802110111120712	0.00109166423925199	0.00120744130895314
Visa_msaldototal_rank_lag1	0.000801312898837139	0.000946415702645857	0.0014026563708797
rf_013_021	0.000800383113565911	0.00122010757237532	0.00143157712079474
Visa_fultimo_cierre	0.000798841975151954	0.0014770558014532	0.00120744130895314
mtransferencias_emitidas_rank	0.000791266200841256	0.00370001182431272	0.00143157712079474
rf_008_013	0.00079012605741106	0.00109017521211174	0.00135927524600713
mcaja_ahorro_rank_lag2	0.000788387781248178	0.00272065886268455	0.00114959980912305
Master_mconsumospesos_rank	0.000787948316844769	0.000985331879714001	0.0016629431201151
vm_fultimo_cierre_lag2	0.00078407358918662	0.00141164319543766	0.00125805262130447
ccaja_ahorro	0.00078366285950103	0.00177904918031822	6.50716873088519e-05
Master_msaldopesos_rank_tend6	0.000780080838451937	0.00122551449776186	0.0014026563708797
ccallcenter_transacciones_tend6	0.000776325083516357	0.00222729021400525	0.000824241372578791
mautoservicio_rank_delta2	0.000775749575750089	0.00128147419588983	0.00140988655835846
Master_mpagominimo_rank_lag1	0.000775437099877649	0.000980941465759605	0.0014388073082735
mtransferencias_recibidas_rank_delta1	0.000774171577373462	0.00109179026378376	0.00141711674583722
mcomisiones_mantenimiento_rank_delta1	0.000768529467639269	0.00118542298173424	0.00116406018408057
rf_003_023	0.000763489705779147	0.000918119152102657	0.000845931935015075
vm_mfinanciacion_limite_rank	0.00076289322279318	0.000939970142876695	0.00138819599592217
Visa_mpagado_rank_delta2	0.000757917148041898	0.000454831460638911	0.000368739561416828
Visa_mconsumosdolares_rank_delta1	0.000757183059525047	0.000611378035489761	0.00157618087036997
rf_019_020	0.000756836561390799	0.00111008777470637	0.00122190168391066
mtransferencias_emitidas_rank_tend6	0.000754874914477369	0.00146501069405614	0.00112790924668677
cmobile_app_trx_lag2	0.000752730414337644	0.00133211858816073	0.000961614934675256
vmr_msaldototal_tend6	0.000752514701010035	0.00124333544981643	0.00138819599592217
rf_018_021	0.000749068810624483	0.00168372474322934	0.0011785205590381
vmr_msaldopesos_lag2	0.000743951263777019	0.000667583984942533	0.00133035449609208
vmr_mpagominimo_delta2	0.000740153244320961	0.000915512839676469	0.00116406018408057
cliente_antiguedad	0.000739332610688251	0.00212294022340352	0.00130143374617704
vmr_msaldopesos_tend6	0.000738228219919407	0.00127618032640892	0.00123636205886819
rf_015_029	0.000733533658523884	0.00116233165629791	0.00282700330419568
vm_msaldototal_rank_delta2	0.000732243557490057	0.000713889227475349	0.00120744130895314
vmr_mpagospesos_delta2	0.000728833432781266	0.000830635698956803	0.00134481487104961
vm_mconsumospesos_rank_delta2	0.000727712104925578	0.000879639026017334	0.00122913187138943
Master_mpagospesos_rank	0.000727031632046687	0.00104118126823365	0.00114959980912305
mextraccion_autoservicio_rank_lag2	0.000726291818377394	0.000996101179441935	0.00154726012045492
vmr_mpagominimo_lag1	0.000725365355646879	0.0006877268550804	0.00141711674583722
mcaja_ahorro_dolares_rank	0.000724393417007997	0.00331531400732456	0.00101945643450535
Master_msaldopesos_rank_lag2	0.000723318276548301	0.000900143339394636	0.00120744130895314
mpagomiscuentas_rank	0.000720656478926995	0.00148468181134625	0.000795320622663746
Visa_cconsumos_delta2	0.000719645301462832	0.000711719881464417	0.00133035449609208
vmr_msaldopesos2_lag1	0.000717863705268188	0.000806065873853208	0.000990535684590301
Master_Fvencimiento_delta2	0.000708538310956108	0.000795958889491413	0.00081701118510003
mplazo_fijo_dolares_rank	0.000708054830170963	0.00391997536247257	0.000224135811841601
ccajas_transacciones_delta1	0.000707438196119633	0.00105719019807077	0.00049165274855577
vm_mconsumototal_rank_tend6	0.000705872330045859	0.0011613596959109	0.00134481487104961
Visa_mconsumosdolares_rank_delta2	0.000704357103364404	0.00079283627317234	0.00146772805818855
vmr_mconsumospesos_lag2	0.000704221726949224	0.000824473007809807	0.00131589412113456
vmr_msaldopesos_delta2	0.000704192897553036	0.00079240998680215	0.00136650543348589
vmr_mconsumospesos_tend6	0.000704013291980052	0.000992380709457297	0.00130143374617704
vm_mfinanciacion_limite_rank_lag2	0.000703846082111532	0.000647194558335722	0.00130143374617704
rf_002_026	0.000702848130233411	0.0014960224934852	0.00164848274515758
Master_mconsumospesos_rank_lag2	0.000689454033413525	0.000952481891957082	0.00141711674583722
rf_001_019	0.00068916831875475	0.000836687775351334	0.00131589412113456
vm_mpagominimo_rank_delta2	0.000682984479092303	0.00135639219458582	0.00122190168391066
Visa_mpagado_rank_tend6	0.000677722477196066	0.000859680310370812	0.000911003622323927
Master_mconsumospesos_rank_lag1	0.000676925662385236	0.000845972472529114	0.00136650543348589
Master_fultimo_cierre_delta1	0.000676039391406214	0.00104486603635336	0.00114959980912305
ccomisiones_otras_delta2	0.000676022427649858	0.00112583527229749	0.00109175830929296
vm_mlimitecompra_rank	0.000670647797625807	0.000812836717280654	0.00122913187138943
vmr_msaldopesos_lag1	0.000665120615720586	0.000650247983219978	0.00116406018408057
Master_msaldototal_rank_tend6	0.000664406062951849	0.000927129753552432	0.00124359224634695
active_quarter_lag2	0.000662076082195414	0.00140095048689005	0.00101222624702659
vm_mfinanciacion_limite_rank_lag1	0.000658826086320983	0.000883431967736346	0.00123636205886819
matm_rank_lag2	0.000655643866580049	0.00106736675529757	0.00117129037155933
ccajas_transacciones_delta2	0.000651786543533373	0.000685178443755676	0.000643486685609758
Master_cconsumos	0.000651550084612942	0.000440595723426828	0.00135927524600713
vmr_msaldototal_lag2	0.000648527161804475	0.000853789884086953	0.00118575074651686
rf_016_017	0.000643991289932397	0.000806426477946244	0.00128697337121952
ccaja_seguridad_lag2	0.000643590842639197	0.000523470660840839	6.50716873088519e-05
Master_mconsumototal_rank_lag2	0.000642856225545492	0.00117079688887501	0.00158341105784873
vm_mlimitecompra_rank_lag1	0.000639806663579506	0.000635345658623728	0.000947154559717733
mcaja_ahorro_dolares_rank_tend6	0.000639484166967927	0.0013843338624887	0.000961614934675256
ctarjeta_debito_transacciones_lag2	0.000635991472743613	0.000652770152148255	0.00124359224634695
rf_015_019	0.000631761319415527	0.000838610564893323	0.00122913187138943
rf_003_015	0.000628370410839477	0.000684851329232523	0.000939924372238972
mautoservicio_rank_tend6	0.000627750928294653	0.000911703191315534	0.00109175830929296
Visa_cconsumos_delta1	0.00061805245980834	0.000671704193756769	0.0012146714964319
Visa_fechaalta_tend6	0.000613566866325955	0.000667981587763118	0.000802550810142507
vmr_msaldototal_delta2	0.000612059926109184	0.000894354983827189	0.00106283755937791
vm_mpagospesos_rank_delta1	0.000609549771989982	0.000614219080049283	0.00120021112147438
vmr_msaldopesos2_lag2	0.000605846147800878	0.00105241339534311	0.00115682999660181
ccajas_transacciones_lag2	0.00060499688205428	0.00110776982349695	0.00122190168391066
vmr_mpagospesos_tend6	0.00060253847131519	0.00104768144880472	0.00120744130895314
vmr_mpagospesos	0.00059991421025966	0.000710439496633123	0.00100499605954782
thomebanking_tend6	0.00059732479572728	0.0040727930758748	0.000621796123173474
ctarjeta_visa_transacciones_lag2	0.000596985626871175	0.00132437883578772	0.00114236962164429
rf_017_017	0.000596097013556888	0.000825200090020666	0.000723018747876132
vmr_mconsumospesos	0.000594863176232118	0.00081242690869428	0.00110621868425048
Master_msaldopesos_rank	0.000593142122111396	0.00100774837887426	0.00120021112147438
vmr_Master_mlimitecompra_tend6	0.000592417605823493	0.00159178839786546	0.000824241372578791
mttarjeta_visa_debitos_automaticos_rank_lag2	0.000591622505163951	0.000684260570168323	0.0012146714964319
mcaja_ahorro_dolares_rank_delta1	0.000589424919660065	0.00111468027037061	0.000730248935354894
mtarjeta_visa_consumo_rank_tend6	0.000589040826279435	0.000997294064189727	0.0010845281218142
ctransferencias_emitidas_tend6	0.000582953978940236	0.00130530534330507	0.000715788560397371
Master_mconsumospesos_rank_delta1	0.000580541343847573	0.000561575307056069	0.00120021112147438
Master_cconsumos_lag2	0.000577766440582766	0.0012485693584729	0.00137373562096465
mcaja_ahorro_dolares_rank_lag1	0.00057589227625476	0.002090255547487	0.00106283755937791
cproductos_delta1	0.000573099869577347	0.000820400554054221	9.39924372238972e-05
ccomisiones_otras_lag2	0.000571616520057393	0.00156586899649575	0.00098330549711154
mextraccion_autoservicio_rank_delta2	0.000571504481870848	0.00163649697366097	0.00100499605954782
mpayroll_sobre_edad_rank_tend6	0.000570161020171798	0.00102454297859803	0.000513343310992054
tcallcenter_tend6	0.000565588911016946	0.00214204232314974	0.000498882936034531
vm_mconsumototal_rank_delta2	0.00056461084399559	0.000476342139405538	0.000976075309632779
ctarjeta_visa_transacciones	0.000562031362260215	0.00317408841483653	0.000657947060567281
mttarjeta_visa_debitos_automaticos_rank_lag1	0.000557269204878137	0.000707301775678886	0.00104114699694163
ccomisiones_otras_delta1	0.000555339007524177	0.000873964946932089	0.000795320622663746
mextraccion_autoservicio_rank_tend6	0.000554508913178325	0.000977954638584937	0.000845931935015075
ccomisiones_mantenimiento_delta2	0.000554273982416667	0.0022674111001568	0.00021690562436284
rf_011_024	0.000552291644251134	0.000438624797396007	0.00142434693331598
rf_009_018	0.00055152597319197	0.0007496412123347	0.000614565935694713
Visa_mpagosdolares_rank	0.000546776265161153	0.000366877398935846	0.000903773434845166
Visa_fultimo_cierre_lag1	0.000543989655169559	0.000960918974986834	0.000911003622323927
vm_msaldopesos_rank_delta1	0.000543740362197724	0.000704992673649667	0.00112067905920801
mtransferencias_emitidas_rank_delta1	0.000540917445008927	0.00110605826998915	0.000643486685609758
vmr_msaldototal_lag1	0.000533880746927008	0.000666762384332843	0.00104837718442039
vm_msaldopesos_rank_tend6	0.000533273809639892	0.000667602675021398	0.00109898849677172
Master_mpagospesos_rank_delta2	0.000532519671450978	0.000665591698821581	0.00125805262130447
mcuenta_debitos_automaticos_rank_lag1	0.000532159983799982	0.00105561397599116	0.000737479122833655
vm_cconsumos_tend6	0.00053068617980223	0.000741137913025541	0.000831471560057552
Master_mconsumototal_rank_lag1	0.00052953359044818	0.000668408789565742	0.00107729793433544
vm_mpagominimo_rank_delta1	0.000529400751289646	0.000993266542909453	0.00105560737189915
Master_status	0.000528265672863115	0.000865532364778472	0.000607335748215951
ccajas_transacciones_tend6	0.000527287892973857	0.00170268334894151	0.000477192373598247
mextraccion_autoservicio_rank	0.000522554811149155	0.000714817018247405	0.000751939497791178
vmr_msaldopesos2	0.000522250265244	0.000865186407604383	0.00105560737189915
vmr_mpagominimo_delta1	0.000521719297495837	0.00116414619595455	0.00101222624702659
ctarjeta_visa_debitos_automaticos_tend6	0.000519241370599906	0.00147468971375495	0.000462731998640725
mtarjeta_visa_consumo_rank_delta1	0.000517849444472014	0.00122377784614815	0.000968845122154018
mpagomiscuentas_rank_lag2	0.000515136652338349	0.000658587038693235	0.00098330549711154
mpagomiscuentas_rank_tend6	0.000515013118811492	0.00175645852013735	0.00060010556073719
cpagomiscuentas_tend6	0.000514914881368952	0.0015890836764526	0.000426581061246918
Master_mpagospesos_rank_lag2	0.000514748299705635	0.000838295732421997	0.00119298093399562
Visa_msaldodolares_rank_tend6	0.000514705424775009	0.00171442544820285	0.000585645185779667
mpayroll_rank_lag2	0.000512635527442239	0.000457726286853943	0.000347048998980544
mttarjeta_visa_debitos_automaticos_rank	0.000512623710143991	0.000626234435892228	0.00103391680946287
vm_msaldototal_rank_lag2	0.000511927776726314	0.000668852316580109	0.000845931935015075
Master_mpagospesos_rank_delta1	0.000511387333684586	0.000827224416276814	0.00131589412113456
vmr_mconsumospesos_delta2	0.00051135026544945	0.000642845262554829	0.00102668662198411
active_quarter	0.000509054111916769	0.000899619712042277	0.000853162122493836
Master_mpagospesos_rank_lag1	0.000508882378346939	0.000586210814436818	0.00122190168391066
mpayroll_rank_tend6	0.00050796139208581	0.00144879357962628	0.000484422561077009
cproductos	0.000507841311430183	0.00033107994759893	2.1690562436284e-05
vmr_mpagospesos_lag2	0.000505427780118958	0.000726614958887229	0.00105560737189915
Master_mpagominimo_rank_delta2	0.000502872225758523	0.000830412638587004	0.000838701747536314
vmr_msaldopesos_delta1	0.000502655755817321	0.000684642229207346	0.00104114699694163
mtarjeta_master_consumo_rank_lag2	0.000501112183321619	0.000787949160836358	0.000882082872408882
cmobile_app_trx_tend6	0.000495962363670556	0.00285807709539273	0.000679637623003565
Master_msaldototal_rank_delta2	0.000495913421302161	0.000695424573847468	0.000882082872408882
vm_msaldototal_rank_delta1	0.000492975849996197	0.000931901292543597	0.000976075309632779
Master_fultimo_cierre_delta2	0.000483317690374969	0.000864469852866517	0.000780860247706223
Master_msaldodolares_rank_lag2	0.000481443600135818	0.000247771018925074	0.000209675436884078
vm_status02_tend6	0.000477909769281774	0.0014913822427623	0.000484422561077009
mttarjeta_visa_debitos_automaticos_rank_delta1	0.000477020683955208	0.000767259548677168	0.000795320622663746
ctarjeta_debito_transacciones_tend6	0.000476468791932729	0.00106061246593997	0.0007663998727487
thomebanking_delta1	0.000475119301165462	0.00112789552927668	0.000665177248046042
mautoservicio_rank_lag1	0.000473582800814929	0.00093167960532245	0.000925463997281449
Master_mpagado_rank_tend6	0.000472951691345631	0.00162014338351238	0.000802550810142507
tcallcenter_lag1	0.000472620227267109	0.00122163741254494	0.00081701118510003
vm_msaldopesos_rank_lag1	0.000471793305405278	0.000647927361999295	0.000744709310312416
vm_mconsumospesos_rank_lag2	0.000469591514255492	0.000622639151292966	0.000925463997281449
vm_mconsumospesos_rank_tend6	0.000465601595247449	0.000742841914215757	0.000961614934675256
Master_mpagominimo_rank_delta1	0.000462345362718855	0.000712292484452005	0.000882082872408882
mcuenta_debitos_automaticos_rank_tend6	0.000461608212035931	0.00249354900122717	0.000592875373258429
Master_cconsumos_delta2	0.000458564454811781	0.000393053731675415	0.00101945643450535
ccaja_ahorro_lag1	0.000456684134958586	0.000981923801047532	0.000180754686969033
rf_011_026	0.000456208145875626	0.000519399046231651	0.000773630060227462
vmr_msaldopesos2_delta1	0.000447335092659398	0.00060146222393464	0.000911003622323927
rf_005_020	0.000446238938791945	0.000547226742796471	0.000737479122833655
Master_msaldopesos_rank_delta1	0.00044389797577163	0.00101472672032013	0.00087485268493012
vm_status02	0.000438879047544598	0.00220498265130466	0.000657947060567281
vm_mconsumototal_rank_delta1	0.000438788497555743	0.000529610847607161	0.000954384747196495
vm_msaldototal_rank	0.000437732182758191	0.00038962139404944	0.000650716873088519
vm_mconsumospesos_rank_delta1	0.000435726849740888	0.000624953898488863	0.000947154559717733
rf_012_022	0.000433950593258817	0.000665291436983166	0.000585645185779667
Master_cconsumos_lag1	0.000433831401899049	0.000510519427906002	0.00113513943416553
rf_013_019	0.000429886251853882	0.000879917546335438	0.000629026310652235
vm_mpagospesos_rank_lag1	0.000426739162861434	0.000518557077250301	0.000694097997961087
ccomisiones_otras_lag1	0.000426376870121156	0.00110674026715263	0.000672407435524803
mcuenta_debitos_automaticos_rank_lag2	0.000425971598666134	0.00132956971911979	0.000780860247706223
vmr_mconsumospesos_lag1	0.000423763911678294	0.000707670466091758	0.000838701747536314
ctarjeta_visa_transacciones_delta2	0.000422540165420728	0.00124876968560391	0.000535033873428338
mplazo_fijo_dolares_rank_delta2	0.000422298898515091	0.00208328391921233	0.000209675436884078
vmr_msaldototal	0.000420061497014408	0.000770786252129901	0.000882082872408882
vmr_mpagospesos_lag1	0.000419282488932325	0.000464594928979775	0.000867622497451359
rf_002_016	0.000416796160882548	0.000676347267063003	0.000911003622323927
Master_msaldototal_rank_delta1	0.000415614440231385	0.000494259440723806	0.000788090435184984
mprestamos_prendarios_rank	0.000415522220562587	0.00406709122867238	0.000173524499490272
rf_019_015	0.000413259097654838	0.000633647073742081	0.000679637623003565
cmobile_app_trx_delta2	0.000411521282119905	0.00171646091222028	0.000585645185779667
vm_mpagospesos_rank	0.000410917560135336	0.000381974939498687	0.000513343310992054
mpagomiscuentas_rank_lag1	0.000406556329720124	0.00116465365066724	0.000715788560397371
rf_006_017	0.000403732988704824	0.000889675293223588	0.000665177248046042
vm_fultimo_cierre_delta1	0.000402510232307375	0.000898710153632869	0.000643486685609758
vmr_Visa_mlimitecompra_tend6	0.000401224351620311	0.00160225385031128	0.000672407435524803
internet	0.000399936906176033	0.00217645625093444	0.000137373562096465
vmr_mpagospesos_delta1	0.00039914800042423	0.00082776230911794	0.000867622497451359
vm_mconsumospesos_rank	0.000396433034498333	0.000603058966957984	0.000657947060567281
cprestamos_personales_delta2	0.00039175979315134	0.00267036706447289	0.000159064124532749
ctrx_quarter_normalizado_lag1	0.000385988723931176	0.000773367313878112	0.000563954623343383
Master_mconsumosdolares_rank	0.000384668151176692	0.000430106851167901	0.00107006774685668
Visa_mpagosdolares_rank_lag2	0.000381016967817863	0.000342846076961665	0.000824241372578791
ccomisiones_otras	0.000379560867457972	0.0019964581279844	0.000563954623343383
vm_msaldopesos_rank_lag2	0.000379032295075488	0.000449476104612838	0.000686867810482326
matm_rank_delta2	0.000374774889277118	0.000687294923543533	0.000715788560397371
vm_mpagospesos_rank_lag2	0.000373860135869143	0.000395520669513497	0.000744709310312416
mpayroll_sobre_edad_rank_delta1	0.000372950147079425	0.00131177058487157	0.000375969748895589
mpayroll_rank_delta1	0.000370772216907268	0.00142176368242786	0.000347048998980544
vmr_mconsumospesos_delta1	0.000369776153842193	0.00071782726523518	0.000694097997961087
vm_mconsumospesos_rank_lag1	0.000366855656824059	0.000409983510255297	0.000744709310312416
Visa_fultimo_cierre_delta2	0.000364857121920487	0.000401507292488983	0.000585645185779667
mcajeros_propios_descuentos_rank_delta2	0.000363915619757964	0.000659273613018881	0.00038319993637435
rf_016_014	0.000363572888020788	0.000648961190361645	0.000542264060907099
Master_mconsumosdolares_rank_delta1	0.000362941852909932	0.000254221155856408	0.000780860247706223
mcuenta_debitos_automaticos_rank_delta2	0.000358347508106832	0.00164329627177991	0.000585645185779667
vm_mpagado_rank_tend6	0.00035525198425878	0.000647229115910113	0.00049165274855577
mtarjeta_master_descuentos_rank_delta2	0.000354009514147299	0.000364454020424425	0.000361509373938066
Master_cconsumos_delta1	0.000353738891250931	0.000393817049753461	0.000932694184760211
vm_Fvencimiento_delta2	0.00035283409135087	0.000713128808266678	0.000375969748895589
rf_001_017	0.000352032131853922	0.00071098196663642	0.0007663998727487
vmr_msaldototal_delta1	0.0003518455827976	0.000650485537936651	0.000824241372578791
rf_018_015	0.000347008932854268	0.00114375409933648	0.000527803685949577
mtarjeta_visa_consumo_rank_lag1	0.000345057946530539	0.000946770890430324	0.000679637623003565
matm_other_rank_lag2	0.000343921688724757	0.000504376571128413	0.000665177248046042
catm_trx_tend6	0.000343098150381729	0.00150265838691464	0.00049165274855577
rf_003_017	0.000340332395462318	0.00058475344600158	0.000571184810822145
matm_rank_tend6	0.000335577513454312	0.000992433728252444	0.000520573498470815
Visa_fechaalta_delta2	0.000335025374544808	0.000395356196819487	0.000419350873768157
ctarjeta_debito_tend6	0.000333971701809931	0.00432986946549346	0.000260286749235408
vmr_mconsumosdolares_lag2	0.000333881464026908	0.000772835066203664	0.000556724435864622
mpayroll_sobre_edad_rank_lag2	0.000323347237676641	0.000865864666752085	0.000477192373598247
ccajeros_propios_descuentos_delta1	0.000319482623314129	0.000390385093557667	0.000419350873768157
vmr_mpagado_tend6	0.000319399372417181	0.00080573128329851	0.000506113123513293
Master_mpagado_rank_lag1	0.000317527557285069	0.000583303782455997	0.000390430123853112
vm_fultimo_cierre_delta2	0.000316056202791015	0.000563210345669577	0.000390430123853112
cextraccion_autoservicio_tend6	0.000315446047023868	0.000951752750023246	0.000506113123513293
rf_004_017	0.000312970760780965	0.000440478776933359	0.000455501811161963
vm_status04_delta2	0.000311035099801423	0.00241008574590212	0.000224135811841601
vm_cconsumos_lag2	0.000310499404126944	0.000612771628798749	0.000506113123513293
mextraccion_autoservicio_rank_lag1	0.000310383450595765	0.000584527639334479	0.000607335748215951
vm_msaldototal_rank_lag1	0.000309535168777792	0.000676158230265342	0.000506113123513293
vmr_mconsumosdolares	0.000307929481131191	0.000999770842926476	0.000412120686289395
cprestamos_personales_lag2	0.000305775949587568	0.0017910690370373	0.000267516936714169
matm_other_rank_delta2	0.000303517745811994	0.00111510007242772	0.000506113123513293
mcuenta_debitos_automaticos_rank_delta1	0.000302021069536553	0.00127240058217417	0.000506113123513293
mautoservicio_rank_delta1	0.00030054257493373	0.000728070115027417	0.000614565935694713
cmobile_app_trx_lag1	0.000298325435576732	0.00133572737538839	0.000347048998980544
Master_msaldodolares_rank_tend6	0.000292664890553595	0.000593760233149546	0.000404890498810634
mplazo_fijo_dolares_rank_delta1	0.000291886578230322	0.000601719689306757	8.67622497451359e-05
Master_mpagosdolares_rank_delta1	0.000289391487592903	0.000346305953846703	0.000853162122493836
matm_rank	0.000288260698608663	0.000529790577508408	0.000679637623003565
vm_cconsumos_delta2	0.000284908968866475	0.0006459187506666	0.000187984874447794
ccajas_extracciones_tend6	0.000281309518776811	0.00306381893297115	0.00032535843654426
vm_status06_delta2	0.000280187065596068	0.00175146475992278	0.00016629431201151
mpagomiscuentas_rank_delta2	0.000278773326365754	0.000876176250262922	0.000412120686289395
vm_mconsumosdolares_rank_tend6	0.000276936256462938	0.000767372986012972	0.000404890498810634
ctarjeta_debito_transacciones_delta2	0.000276560305924482	0.000714724712143623	0.000426581061246918
ctarjeta_visa_transacciones_lag1	0.000264051621127584	0.000306231068174978	0.000433811248725679
ccallcenter_transacciones_delta2	0.000261956989754957	0.000390628903729307	0.000202445249405317
mtarjeta_master_consumo_rank_tend6	0.000261751991908946	0.000973377476413966	0.000303667874107976
mtarjeta_master_consumo_rank_delta2	0.000261056143230764	0.00051207291674683	0.00049165274855577
mtarjeta_master_consumo_rank	0.000259521622367111	0.00114449430274556	0.000368739561416828
rf_007_027	0.000259100214522247	0.000224142410935903	0.000122913187138943
vm_status01_delta2	0.000258722118451256	0.000625988794855719	0.000195215061926556
cproductos_lag1	0.000258692264644332	0.000760165862744596	0.000173524499490272
mv_status07_rank_tend6	0.000258065803793735	0.00156135667745554	0.000412120686289395
mpagomiscuentas_rank_delta1	0.000256555438989586	0.000821018623519375	0.000469962186119486
ccuenta_debitos_automaticos_tend6	0.000254863127905105	0.0018515012328946	0.000281977311671692
Visa_mpagado_rank_delta1	0.0002514620609414	0.00061677023767131	0.000354279186459305
vmr_mconsumosdolares_lag1	0.000249816002256573	0.000737112070038063	0.000448271623683202
vmr_Visa_mlimitecompra_delta2	0.00024917772875292	0.000975490447044158	0.000303667874107976
rf_005_017	0.000244696079887521	0.000393575757021015	0.000448271623683202
matm_rank_lag1	0.000240936871448897	0.000441120189925585	0.000448271623683202
vmr_mconsumosdolares_tend6	0.000239307099893576	0.000622528307682392	0.000339818811501782
rf_010_018	0.000237283706755346	0.000389413133170661	0.000520573498470815
rf_004_023	0.000236839144759632	0.000518391994268001	0.000535033873428338
vm_cconsumos_lag1	0.000235538453362271	0.000333903064939949	0.000260286749235408
Visa_mpagosdolares_rank_delta1	0.000232383043253191	0.00026727339150315	0.000607335748215951
ctarjeta_debito_lag2	0.000231493157422451	0.00149565746480206	0.000253056561756646
ccajas_consultas_delta2	0.000230887416500959	0.000789768048797066	0.000144603749575227
vm_mpagado_rank_delta2	0.00022322640731451	0.000629102180564414	0.00027474712419293
Visa_mpagado_rank_lag1	0.000222762038738929	0.000524356189148849	0.00038319993637435
Master_mpagado_rank_delta2	0.000211311399170159	0.000766719062110812	0.000303667874107976
vm_fechaalta_delta2	0.000210502392891271	0.000850542768956829	0.000195215061926556
mpayroll_rank_lag1	0.000209305888098238	0.000179340766176252	0.000332588624023021
tcuentas_lag2	0.000209287245137403	0.000998861131944995	0.000144603749575227
vm_mconsumosdolares_rank_lag1	0.000209014084108272	0.001608127112237	0.000469962186119486
Visa_msaldodolares_rank_lag1	0.000208398338724294	0.000374740505829358	0.00032535843654426
Visa_msaldodolares_rank_lag2	0.000202842114993751	0.000885340186645424	0.000375969748895589
catm_trx_other_tend6	0.000198077556243715	0.00105811409825498	0.000339818811501782
cprestamos_personales_lag1	0.000197318620987123	0.00224520286187532	0.000209675436884078
vm_mpagado_rank_lag2	0.000196262049709711	0.00031304714922188	0.000339818811501782
mv_status07_rank_delta2	0.000194770221588431	0.00168856257478595	0.000368739561416828
ctarjeta_master_transacciones_tend6	0.000193047381338172	0.00106089174911844	0.000310898061586737
rf_020_018	0.000192806073764798	0.000961782838060569	0.000231365999320362
ctarjeta_debito_transacciones_lag1	0.00019274467667281	0.000323470644347798	0.000318128249065498
minversion2_rank	0.000191038638114477	0.00293557684241126	0.000115682999660181
matm_other_rank_tend6	0.0001881219780214	0.000363618764614259	0.000238596186799124
ctarjeta_debito_transacciones_delta1	0.000183027470282208	0.000893425438476301	0.00021690562436284
mtarjeta_visa_descuentos_rank_delta2	0.000178777526881742	0.000231426888244969	0.000368739561416828
cpayroll_trx_tend6	0.000178389865944034	0.000813200906817391	0.000195215061926556
ccaja_seguridad	0.000174592646939664	0.00275731651536547	9.39924372238972e-05
vm_Fvencimiento_delta1	0.000173766659544893	0.000323791503415983	0.000231365999320362
vmr_mpagado_delta2	0.00017026937968108	0.000532239206697805	0.000231365999320362
Visa_msaldodolares_rank_delta1	0.000169847782747979	0.000679216461169876	0.000289207499150453
vmr_msaldodolares2_tend6	0.00016874318967842	0.000774066399113692	0.000253056561756646
cmobile_app_trx	0.00016771387305109	0.00141120554244808	0.000231365999320362
mv_status07_rank	0.000166913276884674	0.000778551331466919	0.000303667874107976
vm_status04_tend6	0.00016385790923592	0.000559382770090138	0.000115682999660181
vmr_mpagado_lag2	0.000161883915931558	0.000357390848906326	0.00027474712419293
mforex_sell_rank_tend6	0.00015788456661766	0.00125707715865819	0.000173524499490272
matm_rank_delta1	0.000157695738012633	0.00030383339805775	0.000260286749235408
mv_status07_rank_lag1	0.000156407929198248	0.000793543826157936	0.000318128249065498
vmr_mpagado	0.000155636661969807	0.000412352801967064	0.000224135811841601
Master_mpagado_rank_delta1	0.000155432686117595	0.000665222932122673	0.000209675436884078
vm_mconsumosdolares_rank_delta2	0.000154105433665007	0.000564867278375468	0.000260286749235408
ccomisiones_mantenimiento_delta1	0.000152098167154385	0.00126411057862218	8.67622497451359e-05
cseguro_vida_lag2	0.000148912309681769	0.00220977631324632	0.000173524499490272
ccallcenter_transacciones_lag2	0.000148073499936719	0.0011893437788499	0.000238596186799124
rf_008_014	0.000145731063549665	0.000441831099496773	0.000238596186799124
vm_cconsumos	0.000145182285407779	0.000507617659661678	0.000209675436884078
cforex_buy_tend6	0.000144174864409691	0.00214828625892527	0.000130143374617704
rf_018_018	0.000142843182650187	0.000698687022470864	0.000180754686969033
cproductos_lag2	0.000142442464452123	0.000780518366909894	0.000195215061926556
Visa_Fvencimiento_delta2	0.000142039936981639	0.000159827789839146	0.000195215061926556
mv_status07_rank_delta1	0.000140669380951972	0.00105014129204144	0.000260286749235408
mcheques_depositados_rank_tend6	0.00014048936293929	0.00132439294870442	0.000130143374617704
ctarjeta_visa_transacciones_delta1	0.0001399320440265	0.00102411180992152	0.000101222624702659
mv_status07_rank_lag2	0.000138573140981025	0.00105893897916423	0.000289207499150453
mtarjeta_visa_descuentos_rank_lag2	0.000138470450643287	0.000381821833424068	0.000224135811841601
ccallcenter_transacciones_delta1	0.000135995007124018	0.00174135960642586	0.000137373562096465
vmr_Master_mlimitecompra_delta1	0.000134778290556148	0.00124187014763343	0.000238596186799124
cforex_tend6	0.000133186512745035	0.00262802190636437	0.00021690562436284
internet_delta2	0.000131314242179614	0.00121674854563012	0.000137373562096465
vm_status03_tend6	0.000130625491139425	0.0007892085670077	0.000101222624702659
ctransferencias_recibidas_lag2	0.00012931353790049	0.000874123850745458	0.000144603749575227
cforex_sell_tend6	0.000129011072837144	0.00203154787376365	0.000151833937053988
vmr_msaldodolares_delta2	0.000128754747593417	0.000591416268401791	0.000159064124532749
minversion2_rank_lag1	0.000128681485435494	0.00104053955009728	7.23018747876133e-05
ccomisiones_mantenimiento	0.000125006597814532	0.00138827022195574	5.06113123513293e-05
rf_015_017	0.000121572335319593	0.000359074481724882	0.000224135811841601
cpayroll_trx_delta2	0.000119196017537009	0.00135699905000366	9.39924372238972e-05
rf_001_021	0.000115688342465572	0.000658189130728505	0.000441041436204441
ctarjeta_visa_debitos_automaticos_lag2	0.00011534565379948	0.000677895873597515	0.000115682999660181
vmr_msaldodolares2_lag2	0.000108204016114664	0.000528100689234885	0.00016629431201151
ccomisiones_mantenimiento_lag2	0.000107980604299604	0.000679696986911792	0.000122913187138943
mplazo_fijo_dolares_rank_lag1	0.000107037341441525	0.000487159194192123	0.00010845281218142
Master_msaldodolares_rank_delta1	0.0001010336413143	0.000158926928037863	0.000122913187138943
vmr_mconsumosdolares_delta2	0.000101001832432411	0.000400975273672644	0.000202445249405317
vmr_msaldodolares	9.73095848176844e-05	0.000294849725578748	0.000115682999660181
ctarjeta_debito_transacciones	9.71862141320551e-05	0.000244248206060186	0.000195215061926556
mprestamos_prendarios_rank_tend6	9.68898768520842e-05	0.0020245440527817	0.000115682999660181
vm_mpagosdolares_rank_tend6	9.63535774862853e-05	0.000955390220800517	0.000173524499490272
ccheques_depositados_tend6	9.44680654129093e-05	0.000866122894984564	8.67622497451359e-05
mtarjeta_master_consumo_rank_delta1	9.43744009717705e-05	0.000716619733568442	0.000173524499490272
cextraccion_autoservicio_lag2	9.33670938094031e-05	0.000650697613117239	0.000173524499490272
vmr_mpagado_lag1	9.21489572507144e-05	0.000362098917915387	0.00021690562436284
cpagomiscuentas_delta2	9.19599817257918e-05	0.000611780368044589	6.50716873088519e-05
mforex_buy_rank_tend6	9.14178614834679e-05	0.00274707320785701	0.000130143374617704
active_quarter_tend6	8.72362690865076e-05	0.00141650665910243	0.000159064124532749
vm_mpagado_rank_delta1	8.72272751055363e-05	0.000385729204197354	0.000173524499490272
mtarjeta_master_consumo_rank_lag1	8.51091688322961e-05	0.000543232711086081	0.00021690562436284
vm_mpagado_rank_lag1	8.4079241051316e-05	0.000162765107376331	0.000173524499490272
vmr_msaldodolares_lag2	8.34501097756358e-05	0.000475276118335918	0.000144603749575227
mtarjeta_visa_descuentos_rank	8.17227918965557e-05	0.000825095730723167	0.000195215061926556
tcuentas_lag1	7.99067055824147e-05	0.001319905498912	0.000101222624702659
ctransferencias_emitidas_delta1	7.94904495801581e-05	0.000595847724243654	5.06113123513293e-05
vm_cconsumos_delta1	7.77513877787243e-05	0.000140602564430523	8.67622497451359e-05
vm_mpagado_rank	7.76832676784242e-05	0.000373630467716861	0.000137373562096465
cpagomiscuentas_lag2	7.64340001106236e-05	0.000322891938477315	7.95320622663746e-05
vmr_mpagado_delta1	7.47289701459157e-05	0.000584195718791047	0.000151833937053988
ctransferencias_recibidas_delta1	7.36077338906125e-05	0.000634020188745051	8.67622497451359e-05
vmr_mpagosdolares_lag2	7.34827501688518e-05	0.000127559483108122	0.000122913187138943
vmr_mpagosdolares_tend6	7.09714845653357e-05	0.000311949927163462	9.39924372238972e-05
ccomisiones_mantenimiento_lag1	6.96358207637485e-05	0.000836314431490255	8.67622497451359e-05
ctransferencias_emitidas_lag2	6.96067134306075e-05	0.000363535155118602	9.39924372238972e-05
mforex_sell_rank_lag2	6.79280331223632e-05	0.000148072569379585	0.000151833937053988
ccajas_consultas_delta1	6.5561586267333e-05	0.000822925621851874	5.06113123513293e-05
ctarjeta_debito_lag1	6.3644244096453e-05	0.000466321892266883	7.95320622663746e-05
ccuenta_debitos_automaticos_delta2	6.34094570582984e-05	0.000618106997883342	7.95320622663746e-05
cplazo_fijo_delta1	6.32783431475743e-05	0.000358228927299831	2.89207499150453e-05
cextraccion_autoservicio_lag1	6.06109204911579e-05	0.000713343858602677	0.00010845281218142
vm_mpagosdolares_rank_delta1	5.82226873302799e-05	0.000134835568953207	5.78414998300906e-05
cliente_edad_delta2	5.64352026420155e-05	0.000318716956289099	7.95320622663746e-05
mcheques_emitidos_rank	5.62934906881888e-05	0.00217403615272258	8.67622497451359e-05
ctransferencias_recibidas_lag1	5.56964158188788e-05	0.00024489404364251	5.78414998300906e-05
mforex_sell_rank_delta2	5.49721887038456e-05	0.000478912673680755	0.00010845281218142
vmr_mpagosdolares_lag1	4.94059951618174e-05	8.95350898029556e-05	7.95320622663746e-05
cprestamos_prendarios_tend6	4.58321447158339e-05	0.00176645305888181	7.95320622663746e-05
matm_other_rank_delta1	4.50980764528925e-05	0.000503747821618194	7.95320622663746e-05
cliente_edad_tend6	4.43244236794922e-05	0.000781785706828999	7.23018747876133e-05
rf_008_021	4.3536524462011e-05	0.000330774116879872	3.61509373938066e-05
vm_msaldodolares_rank_delta1	4.33679791799567e-05	0.000543676314386485	6.50716873088519e-05
internet_delta1	3.66054143889942e-05	0.00115267521726581	8.67622497451359e-05
ctarjeta_visa_debitos_automaticos_delta2	3.41266617824891e-05	0.000207557597811641	4.33811248725679e-05
ctransferencias_emitidas_lag1	3.35075915181107e-05	0.000583690857803589	6.50716873088519e-05
vmr_mpagosdolares_delta2	3.34213310722325e-05	0.000196366970305868	5.06113123513293e-05
cprestamos_personales	3.18135585967304e-05	0.000839529735343291	5.78414998300906e-05
mforex_sell_rank_delta1	3.06410283960646e-05	0.00100072861411075	7.95320622663746e-05
catm_trx_other_lag2	2.96859088714493e-05	0.000369994522660314	7.95320622663746e-05
cprestamos_prendarios_delta2	2.90662952554799e-05	0.000863476684961452	3.61509373938066e-05
vmr_msaldodolares_delta1	2.89114132866358e-05	0.000119234845695703	5.78414998300906e-05
cliente_edad_delta1	2.84120448635604e-05	7.6808748102786e-05	4.33811248725679e-05
cpagomiscuentas_lag1	2.72787763552786e-05	0.000168644929901161	2.89207499150453e-05
cextraccion_autoservicio_delta1	2.47044251784673e-05	0.000982356571730797	8.67622497451359e-05
ctarjeta_master_transacciones_lag1	2.19565274740586e-05	0.000229325894522456	5.06113123513293e-05
ctransferencias_recibidas	2.00877065646947e-05	0.000232654177995079	2.1690562436284e-05
cseguro_vivienda_tend6	1.91643102340624e-05	0.000871776987128329	4.33811248725679e-05
ccajas_consultas	1.7450665091623e-05	0.000210650386290566	7.23018747876133e-06
ccuenta_debitos_automaticos_lag2	1.45777189231393e-05	5.58306984407887e-05	2.89207499150453e-05
ctarjeta_visa_debitos_automaticos_lag1	1.42808303791415e-05	5.82451514859763e-05	2.89207499150453e-05
rf_018_010	1.38583684931332e-05	0.000384890362943488	4.33811248725679e-05
cpayroll_trx_lag2	1.37207552628057e-05	6.65491916686254e-05	1.44603749575227e-05
cpayroll_trx_lag1	1.18204677775237e-05	3.81948163099987e-05	7.23018747876133e-06
cpagomiscuentas	1.09896341951726e-05	0.000424202540825457	1.44603749575227e-05
catm_trx_delta1	8.9190783264302e-06	3.76865987369485e-05	1.44603749575227e-05
ctarjeta_master_transacciones	7.44686211490205e-06	0.000215450227401156	1.44603749575227e-05
cseguro_accidentes_personales_tend6	7.31069453209098e-06	0.000252144802523582	2.1690562436284e-05
cseguro_vida	6.1040603168208e-06	0.000199241351863202	7.23018747876133e-06
ccuenta_debitos_automaticos_lag1	5.96960951288127e-06	0.000168920780207999	1.44603749575227e-05
ctransferencias_emitidas	4.47593883423756e-06	0.000424202540825457	1.44603749575227e-05
ctarjeta_visa_debitos_automaticos	3.86437608784121e-06	3.9194926244356e-05	7.23018747876133e-06
ccheques_emitidos	3.17390192868355e-06	2.01357755365024e-05	7.23018747876133e-06
ccallcenter_transacciones	1.64841976888745e-06	3.62139730944745e-05	7.23018747876133e-06
ctarjeta_debito	1.07829983121894e-06	0.000212101270412728	7.23018747876133e-06
