Feature	Gain	Cover	Frequency
rf_009_015	0.109129785202112	0.00315876358223178	0.00233511418925269
rf_003_021	0.0436963351706786	0.00312830160035444	0.00136636712621907
ctarjeta_master_delta2	0.0234814468987585	0.000964273057417009	0.000137359658191335
rf_018_027	0.0203753999096019	0.00188028680501516	0.00347013873325477
ctrx_quarter_normalizado_lag1	0.0137193604002191	0.00116928385619138	0.000701257202345235
ctrx_quarter_lag1	0.013634260507805	0.0013110378455095	0.000715716113733797
vm_status02	0.0123718319688154	0.00124203322215104	0.000853075771925132
ctrx_quarter_normalizado	0.0115242751231562	0.00214947337130377	0.000672339379568112
rf_013_026	0.0102432165369023	0.00158103418520431	0.00156879188565893
rf_017_021	0.00938668553928016	0.00204361280260309	0.000773551759288043
mcaja_ahorro_rank	0.00779355439021089	0.00312099266031959	0.00101212379719931
mcuentas_saldo_rank	0.00695973004001371	0.00591638060994231	0.00164831589829602
rf_004_022	0.00673435478019954	0.00134922475635095	0.00323879615103779
mtarjeta_visa_consumo_rank_delta2	0.00662962616489554	0.00203007160876995	0.00262429241702392
cdescubierto_preacordado	0.00614598760421937	0.00370541376896525	0.00215437779689567
mprestamos_personales_rank	0.00589242733066501	0.00481461421477311	0.00083861686053657
mpasivos_margen_rank	0.00561016443847559	0.00228517848497298	0.00229173745508701
rf_007_015	0.00493103583091561	0.00129052751632916	0.00191580575898441
rf_009_026	0.00483862962853914	0.00136938578652608	0.000751863392205201
mcuentas_saldo_rank_delta2	0.00476446708703031	0.00244655906626887	0.00456178654309117
rf_012_027	0.00453183095798848	0.00113830987027025	0.003759316961026
foto_mes	0.00435139118530593	0.00600108967675998	0.00144589113885616
mpayroll_sobre_edad_rank	0.00425498112301474	0.00101048825598159	0.000433767341656847
mrentabilidad_annual_rank_delta2	0.00419132037756263	0.0032771606315814	0.00708486658039516
mcomisiones_rank_delta2	0.00405312200528881	0.00184422884174928	0.00551607469473623
thomebanking	0.00398160326191014	0.00206064024858553	0.0050027833404423
cdescubierto_preacordado_delta2	0.00395378370149862	0.00176702648772632	0.000296407683465512
vm_status01_delta2	0.00386543698226961	0.00130690115604122	0.000310866594854073
mrentabilidad_annual_rank_lag2	0.00370303958207151	0.00371147987220648	0.00498832442905374
mprestamos_personales_rank_delta2	0.00354272091060636	0.00477136093701462	0.00074463393651092
mcomisiones_otras_rank_delta2	0.0035414938626587	0.00262157187965244	0.00552330415043051
mprestamos_personales_rank_lag1	0.00348016464971941	0.0021969196918992	0.000802469582065166
mv_status07_rank	0.0034192717060466	0.00124772368731258	0.000303637139159793
mtarjeta_visa_consumo_rank	0.00338730333627528	0.00152829968286982	0.000679568835262393
mcomisiones_rank_lag2	0.0033827212248206	0.0022278921464788	0.00555945142890192
mcuenta_corriente_rank	0.00333323004506135	0.00373125393237453	0.00196641194884437
ctrx_quarter	0.00327638465073901	0.00216125145505518	0.000643421556790989
mcomisiones_rank	0.00321463164788663	0.00221160158204527	0.00375208750533172
mactivos_margen_rank	0.00319036371286671	0.00339577934261889	0.00258814513855252
mcuentas_saldo_rank_tend6	0.0031806520418506	0.00336328787379899	0.00264598078410676
cdescubierto_preacordado_tend6	0.0031374857747457	0.00182961264615527	0.000180736392357019
mrentabilidad_annual_rank	0.00313510510900643	0.00232709007784145	0.00328217288520347
mrentabilidad_annual_rank_delta1	0.00312742706092045	0.00241976548961697	0.00624624971985859
rf_013_016	0.00311584009932169	0.00159350956532582	0.00220498398675564
thomebanking_lag2	0.00311075751558175	0.00238528365963083	0.00683906508678962
cpayroll_trx	0.00304289739744711	0.000486698854557746	2.16883670828423e-05
ctrx_quarter_tend6	0.00303233855829511	0.00210677558768881	0.00188688793620728
mcomisiones_otras_rank_lag2	0.00297792863257416	0.0023442415624886	0.00493048878349949
tcallcenter	0.00297505392649222	0.0018052123266287	0.00135913767052479
mactivos_margen_rank_delta2	0.00290736982522794	0.00297516285235939	0.00586308856806171
ctrx_quarter_delta2	0.00283473650702571	0.00206658989330266	0.00255199786008112
mprestamos_personales_rank_delta1	0.00278227156563497	0.00556240741438705	0.000686798290956674
mcomisiones_otras_rank	0.00277103843423234	0.00160504975516903	0.00333277907506344
vm_Finiciomora_tend6	0.00276503450376383	0.00276480874355053	0.000831387404842289
mrentabilidad_rank_delta2	0.00276192409125271	0.00229665550697768	0.00589200639083883
mpayroll_rank	0.00275715346719935	0.00169213263107447	0.000325325506242635
thomebanking_lag1	0.00275684094756788	0.00199417030174358	0.00566789326431613
mcomisiones_rank_tend6	0.00273023717889247	0.00230422423910474	0.00320987832826067
Master_mlimitecompra_rank_tend6	0.00271985982569256	0.00256027327319008	0.00513291354293935
cpayroll_trx_lag2	0.00261086432072308	0.00020781705871296	3.61472784714039e-05
mrentabilidad_rank_delta1	0.00260833685046766	0.00233135785014553	0.00514737245432791
Master_mlimitecompra_rank_delta1	0.00260604433145593	0.00221657101504284	0.00585585911236743
Master_mfinanciacion_limite_rank_tend6	0.00259585917252175	0.00293913773636954	0.00501001279613658
Master_mlimitecompra_rank_delta2	0.00259508297290839	0.00297283123173104	0.00537148558085062
rf_001_022	0.0025642979366823	0.00101281780929887	0.00393282389768874
mcomisiones_mantenimiento_rank_tend6	0.00256403105921894	0.00281411480187885	0.00164831589829602
mcuentas_saldo_rank_delta1	0.00254529041684364	0.00203027665540212	0.00310143649284645
Master_fechaalta_lag2	0.00253043578450827	0.00283525083721231	0.00480035858100244
mpasivos_margen_rank_delta1	0.00252379237377092	0.00284318502399783	0.0050027833404423
vm_Fvencimiento_lag2	0.00251818809518906	0.0021127397035835	0.00302914193590365
mactivos_margen_rank_delta1	0.00251731380006358	0.00214199697907155	0.00482927640377956
mprestamos_personales_rank_tend6	0.00250882652407559	0.00234337520601252	0.000614503734013866
Visa_cconsumos_tend6	0.00246465968140857	0.0016948019890794	0.00378823478380313
rf_006_019	0.00244856074692764	0.00189748668005497	0.00510399572016223
Master_mfinanciacion_limite_rank_delta2	0.00239053205292307	0.0026483535884074	0.00508230735307939
mpasivos_margen_rank_delta2	0.00238284458165173	0.00219912160789914	0.00563174598584473
mrentabilidad_rank_lag2	0.00236860030166301	0.00233784913036526	0.0044750330747598
Visa_mpagospesos_rank_tend6	0.00236474941999302	0.00230009520634416	0.00476421130253103
Master_Fvencimiento_lag2	0.00235324803220101	0.00254424219458045	0.00479312912530816
Visa_mlimitecompra_rank_delta1	0.00234424620327629	0.00207587334511881	0.00485819422655668
rf_016_022	0.00233843612346923	0.00151527256039155	0.000506061898599655
Master_fechaalta_lag1	0.00231136161933847	0.00221990604721509	0.00427983777101422
cliente_edad_lag2	0.00229680095211054	0.00383172670556899	0.00275442261952098
Master_Fvencimiento_lag1	0.00229547453672384	0.00184429139705118	0.00433044396087419
mcomisiones_otras_rank_delta1	0.00226149409926763	0.0025273122950541	0.00426537885962566
Visa_msaldopesos_rank	0.00225700738089439	0.00141694466072468	0.00160493916413033
Visa_mlimitecompra_rank_delta2	0.00223548073947689	0.00364987354266172	0.00461962218864542
rf_008_013	0.00222401892164429	0.00103332254908258	0.00116394236677921
Master_fechaalta	0.00217836183170518	0.00243356800688387	0.00379546423949741
Master_fultimo_cierre_tend6	0.00217250397425358	0.00245235450489296	0.00374485804963744
mcomisiones_otras_rank_tend6	0.00216081910580583	0.00195150046511172	0.00306528921437505
Visa_mconsumospesos_rank_tend6	0.00215942294439712	0.00169942120426684	0.00418585484698857
mcomisiones_otras_rank_lag1	0.00215440009558759	0.00176396234987245	0.00377377587241457
mrentabilidad_annual_rank_tend6	0.00214497411023437	0.00226884894789727	0.003759316961026
chomebanking_transacciones_lag1	0.00212829359285005	0.00167478689575301	0.00371594022686032
Visa_mlimitecompra_rank_tend6	0.00209568135442584	0.00218566946157653	0.00375208750533172
Visa_mfinanciacion_limite_rank_delta1	0.00209094845805908	0.00154365628209828	0.00416416647990573
Master_Fvencimiento	0.00208593709410498	0.00234923603292035	0.00422923158115426
mrentabilidad_rank	0.00206238099222798	0.00207561875958784	0.00305083030298649
mrentabilidad_annual_rank_lag1	0.00204869061719295	0.00203517258400578	0.00321710778395495
vm_mpagominimo_rank	0.00204832845931892	0.00122970615245765	0.0012796136578877
Visa_mpagospesos_rank_lag2	0.00204555025105642	0.00150606766639639	0.00334000853075772
mcomisiones_rank_delta1	0.00204546719144763	0.00212877261980297	0.0044750330747598
Visa_mfinanciacion_limite_rank_delta2	0.00202212745897176	0.0020531279463942	0.00438105015073415
Master_mfinanciacion_limite_rank_lag1	0.00200792438402007	0.00188443497954499	0.00381715260658025
Master_mfinanciacion_limite_rank_lag2	0.00200779620288741	0.00172553119005542	0.00399788899893727
rf_003_018	0.00200546778116016	0.00139475322480205	0.00343399145478337
mpasivos_margen_rank_lag2	0.00199764436200822	0.00296107006930365	0.00341953254339481
Visa_mpagospesos_rank_delta2	0.00196555124200606	0.00233582806580116	0.00459070436586829
Visa_mpagominimo_rank_tend6	0.00195379558014467	0.00139997938720876	0.00250139167022115
Visa_Fvencimiento	0.00194380953786184	0.00200032774950766	0.00311589540423502
vm_fechaalta	0.0019215147575665	0.00193271787202356	0.00302914193590365
Master_mfinanciacion_limite_rank_delta1	0.00192023454103248	0.00141722535562891	0.00490157096072237
Visa_fechaalta_lag1	0.00189998792546562	0.00188219677075056	0.00289178227771231
Visa_Fvencimiento_lag2	0.00188879251413005	0.00182442170460398	0.00321710778395495
Master_mlimitecompra_rank_lag2	0.0018847160932749	0.00179594120211194	0.00365087512561179
Visa_mconsumototal_rank_tend6	0.00188083651697248	0.00172060907551142	0.0038749882521345
rf_004_021	0.00187890152485263	0.00101145254174914	0.000737404480816639
rf_010_019	0.00187127910087737	0.000950214499844677	0.00294238846757228
chomebanking_transacciones_lag2	0.00186958266604188	0.00213376456352118	0.00375208750533172
Visa_mconsumototal_rank_delta2	0.00184590675151501	0.00168620901916351	0.00412078974574004
Visa_mfinanciacion_limite_rank_tend6	0.00184248435179922	0.00220394433837721	0.00344122091047765
rf_014_025	0.00184090328129529	0.00152824708128793	0.00436659123934559
Master_mlimitecompra_rank	0.00183866603821751	0.00156290915017329	0.00384607042935737
rf_010_017	0.00183554254951226	0.00112765280509298	0.00241463820188978
mcomisiones_rank_lag1	0.00182003035965455	0.00160939087873286	0.0034990565560319
Visa_Fvencimiento_lag1	0.00181801318020843	0.00362403536999644	0.00320987832826067
ctrx_quarter_delta1	0.00181328472821854	0.00197455741527259	0.00105550053136499
ccomisiones_mantenimiento_tend6	0.00181127770350563	0.00409583074928732	0.00046268516443397
rf_017_016	0.00179998889462487	0.00127889506315818	0.00300022411312652
Visa_msaldototal_rank	0.00179679525487203	0.00125700997211058	0.00170615154385026
Visa_mconsumospesos_rank	0.00179369219079021	0.00199301367947864	0.00366533403700035
Master_mfinanciacion_limite_rank	0.00179280851932135	0.00256338840471722	0.00359303948005755
vm_fechaalta_lag1	0.00179249327854055	0.00189968407859737	0.00255199786008112
mrentabilidad_rank_lag1	0.00178985419766088	0.00198354363369588	0.00323156669534351
chomebanking_transacciones_delta2	0.00178980707635058	0.00225260271580131	0.00349182710033762
Visa_mconsumospesos_rank_delta2	0.00177026450241183	0.0014815057137703	0.00396897117616015
rf_016_020	0.00175775102432883	0.00106486879733711	0.00345567982186621
chomebanking_transacciones_delta1	0.00175220646285767	0.00214151146723639	0.00271827534104957
vm_fechaalta_lag2	0.00173438290663349	0.00202548746130377	0.00275442261952098
mtransferencias_recibidas_rank	0.00171646770578964	0.00336269585715974	0.001879658480513
Visa_mconsumospesos_rank_lag2	0.00171039800070794	0.00177518938037079	0.00331832016367488
vm_Fvencimiento	0.00170380390443861	0.00297313436078882	0.0026315218727182
vm_msaldototal_rank	0.00170348549038964	0.000599288214550963	0.000795240126370886
Visa_fechaalta	0.00170341376440433	0.0019372668752014	0.00267489860688389
Visa_mpagospesos_rank	0.00170183515420759	0.00164183495253211	0.00323156669534351
Visa_mpagominimo_rank	0.001685685015286	0.00161180013837727	0.00260260404994108
mactivos_margen_rank_lag2	0.00167909229867536	0.00260307886324943	0.00302191248020937
Visa_mlimitecompra_rank_lag2	0.0016732498287005	0.00144698269069675	0.00279779935368666
chomebanking_transacciones	0.0016531605619439	0.00245782859149494	0.00296407683465512
Master_mlimitecompra_rank_lag1	0.0016468587735273	0.00152730882832655	0.00301468302451508
Visa_mfinanciacion_limite_rank	0.00163962820741263	0.00194006057813936	0.00284117608785235
mactivos_margen_rank_lag1	0.00162562913805706	0.00294950246844688	0.00232788473355841
mcuenta_corriente_rank_tend6	0.00161235415556297	0.00581797239141168	0.00212545997411855
cliente_edad_lag1	0.00160773332316542	0.00209580888525222	0.00219052507536708
ctarjeta_visa_transacciones_tend6	0.00160145041407541	0.00261374611184793	0.00148926787302184
ccomisiones_otras_tend6	0.00159444042445465	0.00177812634030979	0.00212545997411855
mcuenta_corriente_rank_lag1	0.00158050732285038	0.00265631962709695	0.00152541515149324
Visa_msaldopesos_rank_lag1	0.0015784562823072	0.000802658716835084	0.0016555453539903
mpasivos_margen_rank_tend6	0.00157101030396925	0.00221058109604321	0.00267489860688389
mcaja_ahorro_rank_tend6	0.00154192107914126	0.0022428626945051	0.00260260404994108
mcuenta_corriente_rank_lag2	0.00154130844454675	0.00272679954489476	0.00189411739190156
mrentabilidad_rank_tend6	0.00154037695048088	0.00238045174110353	0.00252308003730399
mcuentas_saldo_rank_lag2	0.00153249699609626	0.00260800136062881	0.00247247384744403
Visa_fechaalta_lag2	0.00153187790708699	0.00196668096006312	0.0026315218727182
Visa_mpagominimo_rank_delta2	0.00152871455631214	0.00141309999808802	0.0026315218727182
rf_007_026	0.00151200654628027	0.000977032884229518	0.00323879615103779
Visa_mpagospesos_rank_delta1	0.00151154892538434	0.00164221671597796	0.00336892635353484
rf_011_026	0.00150249886229407	0.00065738892047596	0.000694027746650955
cproductos_tend6	0.001489039420646	0.00227575598734503	0.000260260404994108
Visa_fultimo_cierre_tend6	0.0014849727133502	0.00221483217672451	0.00228450799939273
cproductos_delta1	0.00148416934266171	0.00139385371478163	0.000130130202497054
mactivos_margen_rank_tend6	0.00148230968375598	0.0026624289141696	0.00252308003730399
Visa_msaldopesos_rank_delta2	0.00147533579498872	0.00119601663858416	0.00266766915118961
vmr_Master_mlimitecompra_lag1	0.00147459099352746	0.00168954550611021	0.00246524439174975
rf_019_021	0.00147452551052024	0.00102351805830755	0.00105550053136499
Visa_mconsumospesos_rank_lag1	0.00147346552073188	0.00118170426115162	0.00291347064479515
rf_017_018	0.00146500595303104	0.000857192545478725	0.0025592273157754
vmr_Master_mlimitecompra_lag2	0.00145745086010606	0.00167419365404052	0.00242186765758406
Visa_Fvencimiento_tend6	0.00144319408507113	0.000990784484390217	0.00107718889844784
Visa_mconsumototal_rank_delta1	0.00142916082833095	0.00150044274265275	0.00342676199908909
Visa_cconsumos_lag2	0.0014171934656421	0.00095837302816576	0.00232788473355841
Visa_mlimitecompra_rank	0.00141372214960897	0.00131592313128947	0.00253030949299827
vmr_Master_mlimitecompra	0.00141060125359693	0.00143399852234867	0.00232065527786413
ctrx_quarter_normalizado_delta2	0.00140621932736914	0.00163862349962212	0.0020676243285643
rf_015_025	0.00140610389366819	0.00130500550834922	0.00416416647990573
numero_de_cliente	0.00139330298015385	0.00295965755986742	0.00212545997411855
Visa_mpagominimo_rank_lag2	0.00139220041499844	0.00123273307871211	0.00207485378425858
vm_Fvencimiento_lag1	0.00139191824932289	0.00156813156079322	0.00239294983480694
vm_mlimitecompra_rank_delta2	0.00138270326668813	0.00184244138333706	0.00247247384744403
mcomisiones_mantenimiento_rank	0.00138225426413289	0.00331317839713186	0.00216160725258995
vm_mfinanciacion_limite_rank_delta2	0.0013666137288895	0.00179693688038106	0.00268212806257817
ccaja_ahorro_tend6	0.00136594898866402	0.00429829576931902	0.000289178227771231
Visa_mconsumosdolares_rank_tend6	0.00136591531788867	0.00131334282079506	0.00257368622716396
Master_delinquency	0.00136142970879006	0.00208021117629833	0.000484373531516812
Visa_msaldototal_rank_tend6	0.00135626947263068	0.00140204999067167	0.00245078548036118
Visa_mlimitecompra_rank_lag1	0.00135224808780187	0.0019016564465005	0.00261706296132964
ctrx_quarter_normalizado_tend6	0.00134468080129802	0.002652022146767	0.00179290501218163
Visa_mfinanciacion_limite_rank_lag2	0.00133439835286222	0.0014442162456382	0.0021832956196728
internet	0.00132470012525175	0.00155217130672981	0.000115671291108492
tcallcenter_delta2	0.00132252848713725	0.0013481360490833	0.000925370328867939
rf_020_025	0.00131107797158379	0.000942664067249011	0.00322433723964923
mcuenta_debitos_automaticos_rank	0.00130342900803008	0.00240358028148138	0.000751863392205201
Visa_mpagominimo_rank_lag1	0.00130304647815246	0.00100799661016234	0.00198087086023293
rf_020_016	0.00129863263733283	0.00129398651059905	0.00154710351857609
vmr_Visa_mlimitecompra	0.00128508791150716	0.00125347104181232	0.00182182283495876
Visa_mconsumosdolares_rank_lag2	0.00128365890116177	0.00164555458113205	0.00255199786008112
Visa_msaldototal_rank_delta1	0.00126788450651017	0.000964393267727876	0.00201701813870434
vmr_Visa_mlimitecompra_lag1	0.0012649138202193	0.0012649125366933	0.00175675773371023
mcaja_ahorro_rank_delta2	0.00126482662181321	0.00185611396627431	0.00213991888550711
rf_010_013	0.00125520577058775	0.00114034196049344	0.00226281963230988
Master_Fvencimiento_tend6	0.00125458862261371	0.00106034414248974	0.00135913767052479
Visa_msaldopesos_rank_tend6	0.00125227897861754	0.00159443893650626	0.00219775453106136
Visa_mpagospesos_rank_lag1	0.00123808691745823	0.0018211885832112	0.00277611098660382
mpasivos_margen_rank_lag1	0.00123661426741351	0.00142466706297525	0.00232788473355841
Visa_mfinanciacion_limite_rank_lag1	0.00123093628568422	0.00139390195204013	0.00227004908800416
Visa_msaldopesos_rank_delta1	0.00122872389754311	0.00128181647998056	0.0022555901766156
vm_mlimitecompra_rank_delta1	0.00122152888987158	0.00131555744692978	0.00245801493605546
rf_009_025	0.00121510258063888	0.000939019933786977	0.00243632656897262
cliente_edad	0.00121151467030332	0.0020905761380769	0.00159770970843605
cliente_antiguedad_lag2	0.0012094263418171	0.00189060620938292	0.001879658480513
vm_msaldopesos_rank	0.00120526767090793	0.00104175480470389	0.000896452506090816
Visa_mconsumospesos_rank_delta1	0.00120387764280296	0.00124455549480109	0.00320264887256638
mcomisiones_mantenimiento_rank_delta2	0.00119176809311286	0.00220632879028868	0.00143866168316187
Visa_cconsumos	0.00119168094143214	0.00121831940303672	0.0022555901766156
mcuenta_corriente_rank_delta2	0.00118320933500237	0.00236543846864827	0.00154710351857609
ctrx_quarter_normalizado_delta1	0.00117915331844467	0.00150187653773637	0.00119286018955633
vm_status01	0.001175971872867	0.00161897072170402	0.000694027746650955
Visa_Finiciomora_tend6	0.00117272216340633	0.00329390929683653	0.000585585911236743
Visa_msaldototal_rank_lag2	0.00116709952105721	0.00129232155951	0.00164831589829602
Master_fultimo_cierre_lag1	0.00115579665445522	0.00211207173240388	0.00151095624010468
vmr_msaldopesos2_tend6	0.0011553315839081	0.00170168988675792	0.00176398718940451
vm_mlimitecompra_rank_tend6	0.00115117156819062	0.00193448343225176	0.00207485378425858
rf_010_015	0.00114276319468661	0.00122257147909001	0.00141697331607903
mttarjeta_visa_debitos_automaticos_rank_tend6	0.00113602608041444	0.00256468292428781	0.00119286018955633
Visa_cconsumos_lag1	0.00113435358086518	0.000951769194342862	0.00210377160703571
vm_mfinanciacion_limite_rank_delta1	0.00111918587276214	0.00170098455084473	0.00229173745508701
Master_mpagospesos_rank_tend6	0.00111684585895278	0.00235933063635008	0.00216883670828423
Visa_mconsumosdolares_rank_lag1	0.00110573749160615	0.000968206844131279	0.00232065527786413
Visa_fechaalta_tend6	0.00110099712256678	0.000833903750208748	0.000766322303593762
rf_002_016	0.00109822597477076	0.00051303004263173	0.000730175025122359
Visa_msaldototal_rank_delta2	0.00109354633534581	0.000860773817370554	0.001879658480513
mcuentas_saldo_rank_lag1	0.00108891135660229	0.00160688215845544	0.00120008964525061
Master_fultimo_cierre	0.00108126214737532	0.00170350827826924	0.00203870650578718
rf_004_019	0.00107990457961152	0.00131224140339263	0.00271827534104957
vm_mpagominimo_rank_lag2	0.00107964573866491	0.000947125937093248	0.00142420277177331
ctrx_quarter_normalizado_lag2	0.0010768241442335	0.00213886439025086	0.00179290501218163
rf_007_018	0.00107424475017937	0.00118813773322822	0.00146035005024472
internet_lag2	0.00107409608200928	0.00284643636835493	0.00036870224040832
rf_002_017	0.00107201061279224	0.000941876498295141	0.00195195303745581
ccaja_seguridad_lag2	0.00107035452582953	0.00110813846045007	0.000101212379719931
rf_007_020	0.00106758979481328	0.000960845455648689	0.00046268516443397
Master_mconsumototal_rank_tend6	0.00105064268353493	0.00267515061057777	0.00232065527786413
rf_009_018	0.00104862040508685	0.00133301167779933	0.000686798290956674
vm_mpagominimo_rank_lag1	0.00104237789824956	0.0016217141200724	0.00135190821483051
mautoservicio_rank	0.00104226732957424	0.00372354538876489	0.00104104161997643
rf_017_015	0.00104035784673639	0.000872373806100891	0.00124346637941629
vm_mfinanciacion_limite_rank_tend6	0.00103458443446508	0.00224415667810615	0.00174229882232167
Master_mpagominimo_rank_lag2	0.00103009628315171	0.00125919871857328	0.00167000426537886
mcomisiones_mantenimiento_rank_lag1	0.00102730062802862	0.00156077070828017	0.00154710351857609
ccaja_ahorro	0.00102082343870821	0.00240361887128818	0.000115671291108492
vm_mpagospesos_rank	0.00100683258329286	0.000414385997503984	0.00074463393651092
mcuenta_corriente_rank_delta1	0.00100469587711529	0.00133998938865915	0.0010916478098364
rf_001_013	0.00100358027648911	0.0011825849356711	0.00166277480968458
vmr_mpagominimo_tend6	0.0010004235619221	0.00120788292760825	0.00133021984774766
cliente_antiguedad	0.000999834350164188	0.00229043205839324	0.00151818569579896
rf_019_023	0.000999494323929557	0.000947364520105134	0.00189411739190156
mtransferencias_recibidas_rank_lag2	0.000997084920800495	0.00156911253818355	0.00213268942981283
ctrx_quarter_lag2	0.000993388703967556	0.00202361914805825	0.00181459337926448
mtransferencias_recibidas_rank_tend6	0.000989889175694074	0.00171968942834975	0.0016555453539903
Visa_mconsumosdolares_rank	0.000986865280025128	0.00141608152006582	0.00212545997411855
mautoservicio_rank_lag2	0.000986499566500105	0.00130632307460998	0.00232065527786413
Master_msaldototal_rank_tend6	0.000981020734961445	0.00112478942611497	0.00154710351857609
Master_msaldototal_rank	0.000977040040475092	0.0017738589508411	0.00147480896163328
cliente_antiguedad_lag1	0.000976656721784693	0.00152753194478889	0.00153987406288181
mtarjeta_visa_consumo_rank_tend6	0.000975422683458556	0.00136318033120474	0.00132299039205338
mcomisiones_mantenimiento_rank_lag2	0.000972374435185476	0.00172537484008421	0.00147480896163328
vm_Fvencimiento_tend6	0.000968308698097451	0.00158257379598832	0.00121454855663917
mcaja_ahorro_rank_lag2	0.00096701306310321	0.0016599068500117	0.00142420277177331
cprestamos_personales_tend6	0.000956867001686783	0.00349836896579077	0.0003759316961026
Master_fultimo_cierre_lag2	0.00095305691467229	0.00117084452292157	0.00169892208815598
vmr_mpagominimo_delta2	0.000950572258287918	0.00107878233686563	0.00141697331607903
vmr_msaldopesos_tend6	0.000942743429718277	0.00120757757810523	0.00133021984774766
vm_mpagospesos_rank_tend6	0.000940333328982889	0.00130175010593704	0.00147480896163328
mtransferencias_emitidas_rank	0.000934447627969316	0.00295952425658639	0.00159770970843605
mprestamos_personales_rank_lag2	0.000934126360806145	0.00189169070546134	0.000679568835262393
cmobile_app_trx_lag2	0.000930120664327395	0.00149698535629148	0.00117117182247349
mtransferencias_emitidas_rank_lag2	0.00092810164444128	0.00265421227143708	0.00162662753121318
Master_cconsumos_tend6	0.000918359957216386	0.00106562099230141	0.00186519956912444
vmr_msaldopesos2_delta2	0.00091675513278448	0.00104050078911703	0.00164831589829602
ctarjeta_visa_transacciones_delta2	0.000916486393755123	0.00151866999473154	0.000737404480816639
Visa_mpagominimo_rank_delta1	0.000911341778079132	0.000836547381675816	0.0016916926324617
rf_011_016	0.000910151827075256	0.00122076434293901	0.00105550053136499
mpayroll_rank_tend6	0.000910048150475061	0.00175220493923183	0.000665109923873832
vmr_mpagominimo_delta1	0.000910018564233169	0.00129703594757414	0.00109887726553068
rf_013_021	0.000909457383022352	0.00108566893290383	0.00133021984774766
vmr_Visa_mlimitecompra_lag2	0.00090707171427192	0.00102940522428987	0.00142420277177331
rf_006_014	0.000906623257754499	0.00118163175212971	0.00138082603760763
Master_fultimo_cierre_delta1	0.000904285426420183	0.00178583028989481	0.00142420277177331
rf_005_022	0.000898022280822812	0.00073482419154711	0.00268212806257817
mcaja_ahorro_rank_delta1	0.000894950501762559	0.00150057642876917	0.00164108644260174
rf_001_015	0.000887490004185957	0.000763213349516303	0.00138082603760763
ccaja_seguridad_lag1	0.000881495949039761	0.000855684786598732	7.22945569428078e-05
mcaja_ahorro_rank_lag1	0.0008810715827791	0.00201462971381773	0.00107718889844784
Master_mpagospesos_rank_lag2	0.000881055769229337	0.00159929880201667	0.00171338099954454
vmr_mpagominimo_lag1	0.000877367968600609	0.000629880283892097	0.00140251440469047
ccajas_transacciones_lag2	0.000872476560911137	0.00115644746230189	0.00154710351857609
vm_mfinanciacion_limite_rank	0.000870256407652389	0.00128081023545482	0.00151095624010468
chomebanking_transacciones_tend6	0.000864644987669643	0.00176697993494352	0.00148926787302184
Visa_mpagosdolares_rank_tend6	0.000864075612550873	0.00128463514378561	0.00175675773371023
vm_status02_tend6	0.000854788102228476	0.00124695449445719	0.000686798290956674
mttarjeta_visa_debitos_automaticos_rank_lag2	0.000848048915421073	0.000920641767999447	0.00158325079704749
Master_mconsumospesos_rank_tend6	0.000847786191278711	0.00107969111150237	0.00172061045523883
vm_fultimo_cierre_lag2	0.000845414161436374	0.00187464235666689	0.00138805549330191
Visa_mconsumosdolares_rank_delta2	0.000840815646376006	0.000889138244173881	0.00158325079704749
mextraccion_autoservicio_rank_lag2	0.000835510366086648	0.00182270154865243	0.00181459337926448
vm_mpagominimo_rank_delta2	0.000831644621385941	0.00127452698798326	0.00140251440469047
mcaja_ahorro_dolares_rank_lag2	0.000828364783885925	0.00145350069282635	0.00132299039205338
ccomisiones_mantenimiento_delta1	0.000828108593214394	0.00152052475560443	0.000122900746802773
rf_002_026	0.000825881480823795	0.00144938567184085	0.00143866168316187
mtarjeta_visa_consumo_rank_lag2	0.000820814458930427	0.00121474356740735	0.00142420277177331
Master_mconsumospesos_rank_lag2	0.000817276560463904	0.000853277287997086	0.00135190821483051
rf_005_013	0.000817025478239935	0.000833974345053728	0.00112056563261352
vm_fultimo_cierre	0.000809887603448267	0.00134938822706032	0.00136636712621907
vmr_mpagominimo	0.000809631214469594	0.000854595390227386	0.001467579505939
vm_fultimo_cierre_lag1	0.000809384580938142	0.0027015328688921	0.00119286018955633
mautoservicio_rank_delta2	0.000805919976396319	0.00136005409745143	0.00145312059455044
ctransferencias_recibidas_tend6	0.000803949773146167	0.00248725691783298	0.00117840127816777
vmr_mpagominimo_lag2	0.000803658175608369	0.000861523102785931	0.00142420277177331
Master_mpagominimo_rank	0.00079839724923793	0.00102350121355061	0.00156156242996465
Visa_cconsumos_delta2	0.000795334189906875	0.000715734258211925	0.00141697331607903
Master_mconsumospesos_rank	0.000791214527762047	0.00140924048143843	0.00148926787302184
mtransferencias_recibidas_rank_delta2	0.000784511940390319	0.00122783125444351	0.00137359658191335
vm_mlimitecompra_rank	0.000784329751708694	0.000719481144691274	0.00141697331607903
rf_001_019	0.000783694437885582	0.00109021663444137	0.00140974386038475
mtransferencias_recibidas_rank_lag1	0.000778280592232912	0.00226989424163227	0.00136636712621907
active_quarter_lag2	0.000775973849164058	0.000905621221671873	0.00101935325289359
mttarjeta_visa_debitos_automaticos_rank_delta1	0.00077326972206025	0.000854436666676796	0.00109887726553068
mcomisiones_mantenimiento_rank_delta1	0.000772976133960158	0.00148122011857315	0.00100489434150503
vm_mlimitecompra_rank_lag2	0.00076998407507683	0.000667787495201322	0.0013157609363591
ctarjeta_visa_transacciones_lag2	0.000769219496581001	0.00116350043859838	0.00130130202497054
Master_msaldopesos_rank_lag2	0.00076750970308945	0.000879321119831144	0.00140251440469047
Master_msaldopesos_rank	0.000763589681602322	0.00079738584851142	0.00130130202497054
Visa_msaldopesos_rank_lag2	0.000758498985488182	0.000710483058371048	0.00145312059455044
vm_msaldototal_rank_tend6	0.000757335693718629	0.00069595506804972	0.00127238420219342
Master_mconsumototal_rank_lag2	0.000756717005130102	0.000945869624494074	0.00148926787302184
rf_018_021	0.000756417917685964	0.000806893259027751	0.00111333617691924
rf_018_025	0.000756251684568046	0.00110420107508318	0.00139528494899619
vmr_mpagospesos_tend6	0.00075611098819318	0.00133436224447028	0.00143866168316187
vm_mpagospesos_rank_delta2	0.000755065950171498	0.000840425197856809	0.00138082603760763
Master_mpagospesos_rank_lag1	0.000754079104892983	0.00116670010017852	0.00143866168316187
Master_msaldopesos_rank_lag1	0.000746146439616888	0.000500413855655645	0.00124346637941629
ccajas_transacciones_tend6	0.000744517186997788	0.00152516242345743	0.000520520809988216
rf_017_020	0.000741811179207868	0.000544047595219671	0.00151095624010468
mcaja_ahorro_dolares_rank	0.000739601553935099	0.0027990585752934	0.000910911417479378
rf_003_023	0.000735194274066236	0.000856125353559705	0.000824157949148009
rf_014_017	0.000733223731267905	0.00152027239051869	0.00102658270858787
vmr_msaldototal_delta2	0.000729472378615571	0.00076174318507111	0.00124346637941629
Visa_msaldototal_rank_lag1	0.000727532835864559	0.000778403568486476	0.00135913767052479
Visa_fultimo_cierre_lag2	0.000722323528746995	0.00142256981416955	0.0012796136578877
Visa_fultimo_cierre	0.000721727636608177	0.000880667169044545	0.00125792529080486
mcaja_ahorro_dolares_rank_delta2	0.000721676308832189	0.00209298784786778	0.000910911417479378
thomebanking_delta2	0.000721001485462281	0.00140464729905716	0.00110610672122496
mcaja_ahorro_dolares_rank_lag1	0.000719631567120476	0.0014955687122331	0.00106272998705927
Master_cconsumos_lag2	0.000715217178122977	0.000692603497388846	0.00139528494899619
mcaja_ahorro_dolares_rank_tend6	0.00071388316341239	0.00170474728670901	0.000997664885810747
rf_015_019	0.000712923935770476	0.000853840668549543	0.00125069583511057
Visa_fultimo_cierre_lag1	0.000711277563066003	0.000793174812411387	0.00112056563261352
vm_mpagominimo_rank_tend6	0.000709552944885646	0.000866281670053485	0.00120008964525061
rf_011_024	0.000709289239491392	0.000537146145168532	0.00173506936662739
vmr_msaldototal_lag2	0.000708185273150733	0.000729192070498231	0.00127238420219342
mttarjeta_visa_debitos_automaticos_rank_delta2	0.000703510597135905	0.000981189174869507	0.000975976518727905
thomebanking_tend6	0.00070122870812541	0.00420169024604892	0.000737404480816639
vmr_msaldopesos2_lag1	0.000701184299988103	0.000883228950306316	0.00124346637941629
vm_mfinanciacion_limite_rank_lag2	0.000698454719601671	0.000594750849568819	0.0012796136578877
vmr_msaldopesos2_lag2	0.000697911483241447	0.00115167067207001	0.00147480896163328
mtransferencias_emitidas_rank_tend6	0.000687820925484223	0.00149362788996568	0.000983205974422186
cdescubierto_preacordado_delta1	0.000684554665073689	0.00257497606614816	0.000253030949299827
mplazo_fijo_dolares_rank	0.000683398792731419	0.00346341226679317	0.000216883670828423
Master_msaldopesos_rank_delta2	0.000682095345001656	0.00101594741200356	0.00127238420219342
vm_msaldototal_rank_lag2	0.000679587884898914	0.000358721579401579	0.000809699037759447
Master_mpagominimo_rank_lag1	0.000675395153613808	0.000765724060537725	0.00136636712621907
vm_msaldototal_rank_delta2	0.000674080950304178	0.000623054941515481	0.00120731910094489
Master_mpagospesos_rank	0.000671683592611858	0.000854145711784252	0.00140251440469047
internet_tend6	0.000660252921633654	0.00264255968112486	0.000498832442905374
vm_msaldopesos_rank_tend6	0.000660116308124648	0.000888674017986119	0.00128684311358198
vmr_mconsumospesos_lag2	0.000652273920030173	0.000798620569194883	0.00127238420219342
vmr_msaldototal_lag1	0.000651916362746027	0.00080942081480611	0.00114948345539064
ctransferencias_emitidas_tend6	0.000649180951936502	0.00259211859244731	0.000874764139007974
mtarjeta_visa_consumo_rank_delta1	0.000645956179568963	0.000926056132281379	0.000975976518727905
vmr_msaldopesos_lag2	0.000638339583435398	0.000847356968470435	0.00100489434150503
vm_status06_delta2	0.000637712228082364	0.00121694525370606	0.000151818569579896
rf_019_015	0.000637117592412382	0.000561670043957357	0.000563897544153901
mpagomiscuentas_rank	0.000627470831984487	0.00221446542042575	0.000809699037759447
vmr_msaldototal_tend6	0.000626805982714155	0.00107363465571284	0.00119286018955633
vm_mfinanciacion_limite_rank_lag1	0.000625565588511913	0.000753112314452105	0.00112056563261352
mtransferencias_recibidas_rank_delta1	0.000623021808077647	0.000797080881843788	0.00117840127816777
mcuenta_debitos_automaticos_rank_lag2	0.000622743614440936	0.00159198151617042	0.00102658270858787
vmr_mpagospesos_delta2	0.000621337328641668	0.00102761309528595	0.00125069583511057
rf_017_017	0.000619300417725386	0.000620702647776342	0.000686798290956674
Visa_mpagado_rank_tend6	0.000617945146364044	0.00152137924418359	0.000925370328867939
ctarjeta_visa_debitos_automaticos_tend6	0.000617398501755652	0.00149032769581346	0.000542209177071058
vm_mconsumospesos_rank_tend6	0.00061613228814505	0.000908176188463792	0.00117117182247349
Master_msaldopesos_rank_tend6	0.000612814321181273	0.000960179934615534	0.00122177801233345
rf_006_017	0.000612521350365004	0.00128840048293051	0.000860305227619413
ccajas_transacciones_delta1	0.000611939568417491	0.00131445909221043	0.000426537885962566
vmr_msaldopesos	0.000611435190484177	0.000925091923080905	0.00107718889844784
Visa_mconsumosdolares_rank_delta1	0.000609551067666113	0.000635472513493866	0.00147480896163328
ccomisiones_otras_delta2	0.000609073802520263	0.000818232996263415	0.00110610672122496
Master_mconsumospesos_rank_delta1	0.000608900881392361	0.00103030986430445	0.00135913767052479
vmr_Master_mlimitecompra_tend6	0.000602734386191328	0.00151093442294373	0.000983205974422186
Master_mpagominimo_rank_tend6	0.000601032843561809	0.00122264061916053	0.00112056563261352
mtransferencias_emitidas_rank_lag1	0.000599995474148231	0.00213852642317304	0.00109887726553068
rf_016_017	0.00059933072504625	0.00061967664894474	0.000997664885810747
Visa_mpagado_rank_lag1	0.000598407378315707	0.000371651538259149	0.000325325506242635
Master_Fvencimiento_delta2	0.000598010616036052	0.000819705457720918	0.000831387404842289
rf_019_016	0.000597581639834243	0.000661447052123254	0.00106995944275356
ccajas_consultas_tend6	0.000597189256887966	0.00298535523194643	0.000390390607491162
rf_015_029	0.000596258075657517	0.000879543623756863	0.00246524439174975
vm_mconsumototal_rank_delta2	0.000590529542301894	0.000474102039052138	0.00104827107567071
vm_msaldopesos_rank_delta2	0.000586133739647188	0.000788985138525833	0.00119286018955633
vm_msaldopesos_rank_delta1	0.000585087163909698	0.000592973574577838	0.00103381216428215
mpagomiscuentas_rank_tend6	0.000583085842490111	0.00197551167075306	0.000694027746650955
vmr_msaldopesos2	0.000583033033068381	0.000962882139896496	0.00105550053136499
vm_mconsumototal_rank_delta1	0.000579305464963431	0.000820408879457181	0.00109887726553068
vm_fultimo_cierre_delta1	0.000577977858130272	0.0011948690512343	0.000860305227619413
mttarjeta_visa_debitos_automaticos_rank	0.00057725209568517	0.000875992442726289	0.00112056563261352
Master_mconsumospesos_rank_lag1	0.000574689925916867	0.000594369239257125	0.00119286018955633
vmr_mpagospesos_lag2	0.000574230266344968	0.000626168235432777	0.00117840127816777
vmr_msaldototal	0.000573477205766426	0.000732698153520461	0.000867534683313693
vm_mconsumototal_rank_tend6	0.000573076107695297	0.000672722013611788	0.00111333617691924
vm_msaldototal_rank_delta1	0.000572798554678011	0.00115327949949163	0.00109887726553068
vmr_mconsumospesos_lag1	0.000572592808073713	0.000916384944787377	0.000997664885810747
mttarjeta_visa_debitos_automaticos_rank_lag1	0.000572370740819229	0.000581019999085984	0.00102658270858787
vmr_msaldopesos2_delta1	0.000571604020654297	0.00084454917719031	0.00117117182247349
ccomisiones_otras_lag1	0.00057021767501544	0.00103790110715215	0.000665109923873832
vm_mlimitecompra_rank_lag1	0.00056906232505879	0.000725688131354157	0.00114948345539064
mcuenta_debitos_automaticos_rank_tend6	0.000559040828365098	0.00312547681118322	0.000773551759288043
rf_019_020	0.000550191782349029	0.00109585947488103	0.00112056563261352
vm_msaldopesos_rank_lag2	0.000546250298408334	0.000779299326720126	0.000867534683313693
Master_cconsumos_delta2	0.000539461629293742	0.000648066342883471	0.00102658270858787
ccajas_transacciones_delta2	0.000537779768388957	0.000899116542213671	0.000751863392205201
Visa_cconsumos_delta1	0.000537613565860699	0.000437582759147424	0.00121454855663917
Master_msaldopesos_rank_delta1	0.000536969300802446	0.00113928655990427	0.000975976518727905
mcaja_ahorro_dolares_rank_delta1	0.000529703826531879	0.0012778966284743	0.000715716113733797
Master_cconsumos_lag1	0.000529643674569346	0.000836862302063456	0.00133744930344194
rf_014_015	0.000525309822368253	0.00101939744792544	0.000672339379568112
Master_msaldototal_rank_delta2	0.000525300165722279	0.000557264221213474	0.000925370328867939
ccallcenter_transacciones_tend6	0.000522821150979736	0.00243372466312338	0.000657880468179551
vm_mconsumospesos_rank_delta2	0.000518855481761263	0.000737021283821201	0.00115671291108492
Master_mpagominimo_rank_delta2	0.000518599392391834	0.000928954885248963	0.000925370328867939
ccomisiones_mantenimiento_delta2	0.00051744123229341	0.00218253756185953	0.000159048025274177
Visa_mpagosdolares_rank	0.000516326060372653	0.000396406439919239	0.00114225399969636
ctarjeta_visa_transacciones	0.00051170473537565	0.00221868633367871	0.000491602987211093
mautoservicio_rank_tend6	0.00051090387109939	0.000827675401331386	0.000975976518727905
cextraccion_autoservicio_tend6	0.000509835335900799	0.00175700316824527	0.000708486658039516
tcallcenter_lag1	0.000509670154718671	0.00108822344029329	0.000845846316230851
vmr_mconsumospesos	0.000508982404051247	0.000601130801258612	0.000853075771925132
vm_mpagominimo_rank_delta1	0.000508206124715734	0.000883137069813934	0.00104104161997643
vmr_mconsumosdolares	0.000506900898278938	0.00128709332979222	0.000628962645402428
vm_mpagospesos_rank_delta1	0.000506752870795603	0.000655606438923744	0.00109887726553068
mextraccion_autoservicio_rank_delta2	0.000499760849440251	0.00129499482243587	0.000881993594702255
vmr_mconsumospesos_tend6	0.000499488676715838	0.00127348996349257	0.000903681961785097
vm_cconsumos_tend6	0.000498584173830381	0.000865653437186822	0.000802469582065166
mautoservicio_rank_delta1	0.000498069195549908	0.00120217638336054	0.000918140873173659
Master_fultimo_cierre_delta2	0.000490663619258679	0.000450418540500303	0.000860305227619413
Master_mpagospesos_rank_delta2	0.00048453370891781	0.00113437815086706	0.00118563073386205
vmr_mconsumospesos_delta2	0.000482281526722372	0.000862717166351516	0.000939829240256501
matm_rank_delta2	0.00048147053690241	0.00128922733079488	0.000881993594702255
vm_mpagospesos_rank_lag1	0.000478899834669018	0.000336714287299104	0.000506061898599655
matm_rank_lag2	0.000477286145416001	0.000501654548571114	0.00110610672122496
Visa_mpagosdolares_rank_lag2	0.000476983928003662	0.000543683748469838	0.000860305227619413
Master_mconsumototal_rank_lag1	0.000476490968896783	0.000935812615499143	0.00112056563261352
cpagomiscuentas_tend6	0.000473698305367888	0.00138894553544565	0.000477144075822531
vmr_Visa_mlimitecompra_tend6	0.000471951478275662	0.00131847993569123	0.000708486658039516
vm_mconsumospesos_rank_delta1	0.000468787442116138	0.000567323756921946	0.000910911417479378
rf_013_019	0.000468300553030151	0.00067906490683632	0.000730175025122359
mpayroll_sobre_edad_rank_lag2	0.000463329714054614	0.00083472960270111	0.00055666808845962
vmr_msaldopesos_delta2	0.000461699388955281	0.000587184567588217	0.00104104161997643
rf_007_025	0.000455605144478687	0.000650971221217213	0.000925370328867939
mplazo_fijo_dolares_rank_delta2	0.000454422207878235	0.00231696431161139	0.000202424759439862
mextraccion_autoservicio_rank_tend6	0.00045434147249936	0.00175435777573543	0.000686798290956674
mtransferencias_emitidas_rank_delta1	0.000450267832097536	0.00104363889076726	0.000751863392205201
vmr_mpagospesos	0.000447252214884949	0.000378234239568799	0.000874764139007974
ctarjeta_debito_transacciones_tend6	0.000447218651822218	0.00131448190919937	0.000788010670676605
cmobile_app_trx_delta2	0.00044615972177917	0.00162753229911835	0.00065065101248527
vm_msaldopesos_rank_lag1	0.000445695602448945	0.000536409110485472	0.000571126999848181
cmobile_app_trx_tend6	0.000445353685809198	0.00230347280981121	0.000665109923873832
mextraccion_autoservicio_rank	0.000444880020298298	0.000740501180903102	0.000860305227619413
tcallcenter_tend6	0.000443896769291435	0.00151440199272623	0.000419308430268285
mtarjeta_visa_consumo_rank_lag1	0.000442819726332465	0.00126719791080715	0.000679568835262393
ctarjeta_debito_transacciones_lag2	0.000440274934171804	0.000530263990020793	0.000831387404842289
ccomisiones_otras_lag2	0.000433967539289555	0.0011241495550526	0.000730175025122359
mcuenta_debitos_automaticos_rank_delta2	0.00043218534365704	0.00114053506266159	0.000578356455542462
ccomisiones_otras_delta1	0.000424184293700392	0.000802722420643135	0.000665109923873832
rf_003_015	0.000420021432962382	0.000680767069524779	0.000737404480816639
thomebanking_delta1	0.00041257918115665	0.00082244854982099	0.000549438632765339
Master_mpagospesos_rank_delta1	0.000412025501978919	0.000799682631119745	0.000990435430116467
Visa_fechaalta_delta2	0.000411684111357542	0.000835231117055363	0.000361472784714039
vm_status03_tend6	0.000411097898443992	0.000489924855212364	0.000122900746802773
ctarjeta_debito_transacciones_delta2	0.000409439930770544	0.00129462446748449	0.000694027746650955
ccomisiones_otras	0.00040738044756427	0.00178769760776833	0.000563897544153901
mprestamos_prendarios_rank	0.000404233011461886	0.00519342883278545	0.000195195303745581
active_quarter	0.000401483991312912	0.000818976921983403	0.00083861686053657
vmr_msaldopesos_lag1	0.000400512389509437	0.000658797831259565	0.00074463393651092
Master_cconsumos	0.000399405338578877	0.000335354685713077	0.000954288151645063
Master_mconsumosdolares_rank	0.000399400032179488	0.000380069552404135	0.00106995944275356
Master_mpagado_rank_tend6	0.000397663915505022	0.000787838316846748	0.000636192101096708
Master_mpagominimo_rank_delta1	0.000397095313437881	0.00132357126347536	0.000802469582065166
Master_status	0.000393879301037101	0.00103719439303157	0.000549438632765339
ccajeros_propios_descuentos_delta1	0.000392348321310691	0.000470350022578632	0.000390390607491162
vm_mconsumospesos_rank	0.000390421883117584	0.000411983246061111	0.000679568835262393
rf_018_015	0.000389711022654269	0.00109639498501746	0.000513291354293935
Master_msaldototal_rank_delta1	0.000388131709642384	0.000762804864160587	0.000759092847899482
mautoservicio_rank_lag1	0.000385781290986614	0.00100285788735755	0.000853075771925132
mpagomiscuentas_rank_lag2	0.000384226119617157	0.000665501508550852	0.000665109923873832
mpagomiscuentas_rank_delta2	0.000384037955359081	0.00102490040031544	0.000585585911236743
rf_012_022	0.00038110640686936	0.000853357989696228	0.000614503734013866
Visa_msaldodolares_rank_delta1	0.00037500150891215	0.000305769779702607	0.00028194877207695
mcuenta_debitos_automaticos_rank_lag1	0.000374409846930527	0.000724398282375264	0.000571126999848181
Visa_mpagado_rank_delta2	0.00037242273786551	0.000807115073849777	0.000513291354293935
vm_mconsumospesos_rank_lag2	0.000371925783140856	0.000856472278985525	0.000722945569428078
mpayroll_rank_delta1	0.000371720888297077	0.00179056022107558	0.000404849518879724
mcuenta_debitos_automaticos_rank_delta1	0.00037057194808429	0.00170160206432061	0.000585585911236743
vmr_msaldopesos_delta1	0.000366746586399416	0.000399328852113611	0.000788010670676605
Visa_msaldodolares_rank_tend6	0.000365045853681759	0.00152293799673685	0.000542209177071058
vm_mconsumosdolares_rank_tend6	0.000363589221601706	0.000822114717365334	0.000571126999848181
rf_001_017	0.000360509688255711	0.000780308633928945	0.000701257202345235
vmr_mpagospesos_delta1	0.000357181678207965	0.00120783346527652	0.000874764139007974
matm_other_rank_lag2	0.000354356645778041	0.000648693197542749	0.000614503734013866
vm_status04_delta2	0.000351976659247288	0.00159868695450448	0.000231342582216985
Visa_fultimo_cierre_delta2	0.000351624812442366	0.000584809533427213	0.000542209177071058
vmr_mconsumospesos_delta1	0.000349672949218431	0.000758061916576737	0.00074463393651092
vm_mpagospesos_rank_lag2	0.000349187408301959	0.000368311069824438	0.000722945569428078
ctarjeta_master_transacciones_tend6	0.000348689457046637	0.00142663100849992	0.000477144075822531
vm_fultimo_cierre_delta2	0.000346386632223948	0.000729766936112236	0.000397620063185443
matm_rank_tend6	0.00034594323782284	0.000839797041557223	0.000585585911236743
rf_003_017	0.000345884345002404	0.000611058258759284	0.000686798290956674
vmr_msaldototal_delta1	0.000344250510173855	0.00044720433117554	0.000751863392205201
mpagomiscuentas_rank_lag1	0.00034367419908091	0.00113914697812293	0.000679568835262393
catm_trx_tend6	0.00034280012915006	0.0016858444067429	0.00055666808845962
vm_mpagado_rank_tend6	0.000342645485768283	0.000833190145051246	0.00046268516443397
ccajas_consultas_delta2	0.000335964286392989	0.000742296678858405	0.000137359658191335
rf_004_023	0.000332848752481726	0.000514528766596639	0.000549438632765339
Master_cconsumos_delta1	0.000332308546629027	0.000336485504873072	0.000867534683313693
mextraccion_autoservicio_rank_lag1	0.000328975397127141	0.000866471939239794	0.000701257202345235
vmr_mconsumosdolares_lag2	0.000325449434809352	0.000634338861352023	0.000600044822625305
vm_Fvencimiento_delta1	0.00032508627375658	0.000338022282675242	0.000216883670828423
mtarjeta_master_consumo_rank_lag2	0.000323778007454847	0.00035714108179845	0.000571126999848181
mcajeros_propios_descuentos_rank_delta2	0.000322820422164185	0.000906310937901355	0.000383161151796881
Visa_mpagosdolares_rank_delta1	0.000322017375986361	0.000244628212315141	0.000672339379568112
tcallcenter_delta1	0.000321306732610228	0.000664391515635797	0.000419308430268285
vmr_mpagospesos_lag1	0.000320543812990134	0.000237261464137163	0.000571126999848181
vmr_mconsumosdolares_lag1	0.000318544342665189	0.0012465672181818	0.000513291354293935
Master_mpagosdolares_rank_delta1	0.000318381995706796	0.000261104222209128	0.000802469582065166
vmr_Master_mlimitecompra_delta1	0.000313696473405863	0.000820953807344085	0.00028194877207695
mpayroll_sobre_edad_rank_tend6	0.000313269591669433	0.000787086121882446	0.000433767341656847
vm_mconsumospesos_rank_lag1	0.000311608023471215	0.000541970024152754	0.000542209177071058
Master_mconsumosdolares_rank_delta1	0.00030843667146163	0.00047779754902283	0.000860305227619413
vm_msaldototal_rank_lag1	0.000301230350023719	0.000960327862208269	0.000578356455542462
vm_cconsumos_lag2	0.000299322079054906	0.000483490004928372	0.000390390607491162
cmobile_app_trx_lag1	0.000297767958718454	0.00145837426384353	0.000404849518879724
ctarjeta_debito_tend6	0.000297562716327062	0.00434071125012113	0.000260260404994108
ccallcenter_transacciones_delta2	0.000297248033817326	0.000978208112294165	0.000267489860688389
Visa_mpagado_rank_lag2	0.000285810293698154	0.000743786827310691	0.000506061898599655
vmr_mconsumosdolares_tend6	0.000283265883289461	0.00091844712587182	0.000426537885962566
vm_fechaalta_delta2	0.000280446419445705	0.00133600575677776	0.000310866594854073
vmr_mpagado_tend6	0.000280037450753649	0.000561747836107574	0.000534979721376778
mpayroll_rank_lag2	0.000279807220155099	0.000483817405749561	0.000433767341656847
rf_016_014	0.000278303754258921	0.000547233551293026	0.000318096050548354
ccajas_consultas_delta1	0.000276997795392692	0.000936891675315096	7.95240126370886e-05
matm_other_rank_tend6	0.000274400040074502	0.000960430155823122	0.00036870224040832
vm_mconsumosdolares_rank_lag1	0.000273992165841628	0.00141093682502903	0.000506061898599655
ccuenta_debitos_automaticos_tend6	0.000272090970778779	0.00146778328566594	0.000267489860688389
ctarjeta_debito_transacciones_lag1	0.000269651173262427	0.000571799179138808	0.000469914620128251
matm_rank_lag1	0.000268712587290235	0.000659885083752755	0.000578356455542462
ctarjeta_visa_transacciones_delta1	0.000267519576933538	0.00178058728273117	0.000202424759439862
cproductos	0.000267464017632593	0.000495245807660374	2.16883670828423e-05
vm_Fvencimiento_delta2	0.000265163303518828	0.00063496449093807	0.000339784417631197
rf_005_020	0.000265043181952817	0.000559217447347367	0.000585585911236743
cproductos_lag2	0.000264274236164034	0.000941409209424301	0.000238572037911266
matm_rank	0.000258304759664474	0.000588179097351178	0.00055666808845962
vm_cconsumos_lag1	0.000257817479924773	0.000293214310418571	0.000310866594854073
vmr_Visa_mlimitecompra_delta2	0.000257123733843867	0.00153425767339835	0.000339784417631197
mtarjeta_master_consumo_rank_lag1	0.000255054185629954	0.000655800766165133	0.000354243329019758
mv_status07_rank_delta2	0.000250241224756337	0.00167114046527866	0.000426537885962566
Master_mpagado_rank_lag1	0.000248906338990339	0.000720347501167361	0.00027471931638267
mtarjeta_master_consumo_rank_delta2	0.000247018305953797	0.000676190578766295	0.000520520809988216
rf_005_017	0.000244364858655713	0.000514451663550114	0.000506061898599655
cproductos_delta2	0.000240512861404448	0.000531200022536937	6.5065101248527e-05
matm_other_rank_delta2	0.000238309770794457	0.00120912905678618	0.000404849518879724
ccajas_extracciones_tend6	0.000233188054905315	0.00289604126798472	0.00027471931638267
ccaja_ahorro_lag1	0.000232602389220214	0.000618664738455303	0.000130130202497054
mpayroll_sobre_edad_rank_delta1	0.000232365715027426	0.000725207213543613	0.000310866594854073
mpayroll_sobre_edad_rank_lag1	0.000231518331398364	0.00106428420770433	0.00027471931638267
mtarjeta_visa_descuentos_rank_delta2	0.000230224548378618	0.000418470391658683	0.000419308430268285
rf_004_017	0.000229411791766656	0.000450497328022521	0.000390390607491162
mv_status07_rank_lag2	0.000227708511164345	0.000984984987711049	0.000433767341656847
mv_status07_rank_lag1	0.000222719762151041	0.000652330363400778	0.000303637139159793
mplazo_fijo_dolares_rank_lag1	0.000222547352364547	0.00121744087239539	0.000151818569579896
cprestamos_personales_delta2	0.000222259855239595	0.00257547137856918	0.000137359658191335
ctarjeta_visa_transacciones_lag1	0.000220443297920018	0.000360912469742434	0.000383161151796881
Master_status_delta2	0.000220233246468194	0.000389469079908994	0.000289178227771231
Visa_mpagado_rank_delta1	0.00021866411140476	0.000895839318184549	0.000347013873325477
Master_msaldodolares_rank_tend6	0.000210932740620379	0.00039552767957668	0.000339784417631197
Visa_msaldodolares_rank_lag2	0.000207880251911661	0.000957485692310578	0.000404849518879724
mplazo_fijo_dolares_rank_delta1	0.000205743002454351	0.000964690424553656	8.67534683313693e-05
Master_mpagado_rank_delta1	0.000205431262091531	0.000757561167893254	0.000267489860688389
catm_trx_other_tend6	0.000205328053346011	0.000524167566217076	0.000289178227771231
mtarjeta_master_descuentos_rank_delta2	0.000204852704010744	0.000464466072413549	0.000325325506242635
vmr_mpagado_lag2	0.000204685668154692	0.000340973101255175	0.000354243329019758
rf_010_018	0.000198821016707717	0.000530880431557601	0.000448226253045408
Master_mpagado_rank_delta2	0.000197571585964944	0.00090684491669625	0.000310866594854073
cprestamos_personales_lag1	0.000192611608574704	0.00252557230822961	0.000195195303745581
cmobile_app_trx	0.000187776397564313	0.00114095197039578	0.000216883670828423
rf_008_014	0.000186674527214282	0.000593126325896424	0.000267489860688389
mpagomiscuentas_rank_delta1	0.00018491379685263	0.000729919763997899	0.000325325506242635
ccomisiones_mantenimiento_lag2	0.00017978839516276	0.00159456220950021	0.000151818569579896
vmr_mconsumosdolares_delta2	0.000177010759340574	0.000524139466099823	0.00028194877207695
vmr_msaldodolares2_tend6	0.000176911121253779	0.000704826588991689	0.000216883670828423
matm_rank_delta1	0.000173505677297083	0.000778690235622709	0.000303637139159793
mtarjeta_master_consumo_rank_tend6	0.00017191052825025	0.000793633066367143	0.000253030949299827
mv_status07_rank_tend6	0.000171577920220166	0.00142575768441983	0.000310866594854073
vm_mpagado_rank_delta2	0.00017079122928929	0.000626723040472612	0.000224113126522704
minversion2_rank_lag1	0.000170325066788843	0.00120693066287178	9.39829240256501e-05
mtarjeta_master_consumo_rank	0.000162510741662877	0.00149288472991646	0.000310866594854073
Visa_msaldodolares_rank_lag1	0.000161722105712727	0.000239551202574406	0.000231342582216985
tcuentas_lag2	0.000160426096514815	0.00112640675248213	0.000122900746802773
cseguro_vida_lag2	0.000159127573583063	0.00180152447336571	0.000151818569579896
minversion2_rank	0.000158669053598878	0.0022790892584745	8.67534683313693e-05
ctarjeta_debito_transacciones	0.000157393975668817	0.000318475243890456	0.000267489860688389
cprestamos_personales_lag2	0.000156956102426946	0.00198175096872243	0.000216883670828423
vmr_mpagado_delta2	0.000156433771798595	0.000536167235089276	0.000209654215134143
vmr_mpagado_lag1	0.000150610303084699	0.000997718169180767	0.000289178227771231
cforex_buy_tend6	0.000149027816816264	0.00255839247951101	0.000151818569579896
matm_other_rank_delta1	0.000145764503227436	0.000859873465112285	0.00027471931638267
vm_cconsumos	0.000144351107345538	0.000565531551350953	0.000267489860688389
ccallcenter_transacciones_lag2	0.000144161140471549	0.0013559608215158	0.000216883670828423
mv_status07_rank_delta1	0.000140608511109636	0.00127987902666452	0.000267489860688389
vmr_mpagado	0.000138394056804164	0.000291387879364166	0.000231342582216985
internet_delta2	0.000138247329308848	0.000890127414241453	0.000180736392357019
vm_status04_tend6	0.000136305435459891	0.000520396331407247	9.39829240256501e-05
Visa_Fvencimiento_delta2	0.000133924587474302	0.00028994596817038	0.000202424759439862
mtarjeta_visa_descuentos_rank_lag2	0.000133226885156308	0.00019802060748101	0.0001879658480513
cextraccion_autoservicio_lag2	0.000132751587705168	0.000428040510611065	0.000209654215134143
mpayroll_rank_lag1	0.000131307303537717	0.000483800790693855	0.000238572037911266
vm_mpagado_rank_lag2	0.000128378822731784	0.000479551088219945	0.000202424759439862
cpayroll_trx_delta2	0.000127135992808725	0.00121983045430102	7.22945569428078e-05
cpagomiscuentas_delta2	0.000126282668200037	0.000971262253338374	9.39829240256501e-05
mforex_sell_rank_tend6	0.000126274564592258	0.00149574075845509	0.000202424759439862
vm_mconsumosdolares_rank_delta2	0.000126268903332624	0.000313315771407807	0.000253030949299827
cpayroll_trx_tend6	0.000126189012230691	0.00120707552778144	0.0001879658480513
ctransferencias_recibidas_lag1	0.000123013406700412	0.000467469645709525	0.000108441835414212
ctarjeta_debito_transacciones_delta1	0.000119487829105924	0.000755983273570743	0.000130130202497054
mtarjeta_master_consumo_rank_delta1	0.000116237380051124	0.00094389128435893	0.0001879658480513
ccaja_seguridad	0.000115764961918146	0.00276747457946992	9.39829240256501e-05
rf_015_017	0.000111892521229252	0.000261751673412115	0.000159048025274177
ctarjeta_debito_lag2	0.00010985895261739	0.00142975617031415	0.000144589113885616
vmr_mpagado_delta1	0.000107980033944655	0.000527750522584599	0.000159048025274177
mcheques_depositados_rank_tend6	0.000105239632463638	0.00221142785134759	0.000122900746802773
rf_007_027	9.84490415894657e-05	0.000641485249482438	0.000122900746802773
ctransferencias_recibidas_lag2	9.71244330453586e-05	0.000988173011095482	0.0001879658480513
rf_018_018	9.65628893226291e-05	0.000383693548724922	0.000173506936662739
Master_msaldodolares_rank_lag2	9.55935041934325e-05	0.000149920404048128	0.000180736392357019
ctarjeta_debito_lag1	9.25768736760315e-05	0.00034110226991405	7.22945569428078e-05
mprestamos_prendarios_rank_tend6	8.88550401458607e-05	0.00205879881038403	0.000137359658191335
mforex_buy_rank_tend6	8.81502641558383e-05	0.00249960971406423	0.000122900746802773
active_quarter_tend6	8.81221503682495e-05	0.000922637718562298	0.000122900746802773
vmr_msaldodolares2_lag2	8.77155102178955e-05	0.000265337462761486	0.000122900746802773
rf_020_018	8.68790891355999e-05	0.000632513272535465	0.000144589113885616
vmr_mpagosdolares_lag2	8.51134776285034e-05	0.000222740288285686	0.000115671291108492
vm_mpagado_rank_delta1	8.50493056699079e-05	0.000956382437298298	0.000151818569579896
ctarjeta_visa_debitos_automaticos_lag2	8.50345901641904e-05	0.000536946305097601	0.000108441835414212
cforex_sell_tend6	8.49006568282342e-05	0.00194809836018004	0.000115671291108492
mforex_sell_rank_lag2	8.28756713805585e-05	0.000327477464832839	0.000144589113885616
mforex_sell_rank_delta2	8.26266906889266e-05	0.000278659904455683	9.39829240256501e-05
vm_cconsumos_delta2	8.24345885959185e-05	0.00017738233471503	0.000108441835414212
ccallcenter_transacciones_delta1	8.18199649418948e-05	0.00172211438424495	0.000115671291108492
mtarjeta_visa_descuentos_rank	8.15238785537305e-05	0.000652392153031905	0.000130130202497054
cproductos_lag1	7.98323984811129e-05	0.000310354539705404	8.67534683313693e-05
rf_001_021	7.88671508864795e-05	0.00116838656661619	0.000361472784714039
vm_cconsumos_delta1	7.79940001667185e-05	0.000499469324193956	0.000108441835414212
tcuentas_lag1	7.78341169286256e-05	0.00102459619931858	8.67534683313693e-05
vmr_mpagosdolares_tend6	7.71177718710471e-05	0.000260732489050365	0.000122900746802773
cliente_edad_tend6	7.51820419254705e-05	0.000528418723465449	7.95240126370886e-05
ctransferencias_recibidas_delta1	7.1067047649933e-05	0.000689388445826237	7.95240126370886e-05
ctransferencias_emitidas_lag2	7.07022136289649e-05	0.000430080716944413	9.39829240256501e-05
cextraccion_autoservicio_lag1	7.06019132181537e-05	0.000687058739374808	0.000108441835414212
ccheques_depositados_tend6	6.92839285235939e-05	0.000827525865830033	7.95240126370886e-05
cprestamos_personales	6.89950354298915e-05	0.000662756042871393	4.33767341656847e-05
cpagomiscuentas_lag2	6.8363472651823e-05	0.000295226952604204	6.5065101248527e-05
ctransferencias_emitidas_delta1	6.8065098281141e-05	0.00089623524653964	7.95240126370886e-05
vmr_mpagosdolares_lag1	6.75059112448255e-05	0.000230094020060577	7.95240126370886e-05
vm_mpagado_rank_lag1	6.6970273853148e-05	0.000337182648109022	0.000130130202497054
vmr_msaldodolares	6.51511386504953e-05	0.000396333241793641	0.000122900746802773
mcheques_emitidos_rank	6.29500247404041e-05	0.00196203946385628	7.95240126370886e-05
vm_mpagosdolares_rank_tend6	6.27103631246626e-05	0.000282632051275522	9.39829240256501e-05
cforex_tend6	6.19396988326682e-05	0.00145037606698166	0.000115671291108492
catm_trx_other_lag2	6.18042095168521e-05	0.000345281990079595	0.000137359658191335
internet_delta1	6.1797005866211e-05	0.00233143058886867	0.000122900746802773
cextraccion_autoservicio_delta1	5.89810170166922e-05	0.000363551430617806	5.78356455542462e-05
vm_mpagado_rank	5.79255649260752e-05	0.00012268442282541	0.000137359658191335
ctarjeta_master_transacciones_lag1	5.38980173658778e-05	0.000271123330500951	5.78356455542462e-05
ctransferencias_recibidas	5.34948666630868e-05	0.000420408687212564	5.06061898599655e-05
cseguro_vivienda_tend6	5.12009487973767e-05	0.000825168518663813	5.78356455542462e-05
cplazo_fijo_delta1	4.85113435683026e-05	0.000428004141249497	2.16883670828423e-05
vmr_msaldodolares_lag2	4.80548935458073e-05	0.000406189951315179	9.39829240256501e-05
ccomisiones_mantenimiento_lag1	4.78233559133451e-05	0.000566935102439168	6.5065101248527e-05
vmr_msaldodolares_delta2	4.74499266797633e-05	0.000189242881208348	7.22945569428078e-05
cprestamos_prendarios_delta2	4.64608400902073e-05	0.00103423032834732	5.06061898599655e-05
ccuenta_debitos_automaticos_delta2	4.47873257904885e-05	0.000213519315204357	3.61472784714039e-05
Master_msaldodolares_rank_delta1	4.47102565702157e-05	0.000127531578201036	0.000122900746802773
cliente_edad_delta2	4.31317924112584e-05	0.00057513022982305	7.22945569428078e-05
vm_msaldodolares_rank_delta1	4.3014345172421e-05	0.000606984430861209	7.22945569428078e-05
vmr_msaldodolares_delta1	4.18335605221646e-05	0.000499981098536525	8.67534683313693e-05
ccomisiones_mantenimiento	4.13486080980497e-05	0.0010390303949706	4.33767341656847e-05
rf_008_021	4.06789436642909e-05	0.000289071648718286	4.33767341656847e-05
ctransferencias_emitidas_lag1	3.65751221814285e-05	0.000276409598063087	5.78356455542462e-05
vm_mpagosdolares_rank_delta1	3.40053913574264e-05	0.000326042521243059	3.61472784714039e-05
cprestamos_prendarios_tend6	3.27600688507682e-05	0.00195977208300551	8.67534683313693e-05
catm_trx_delta1	3.27173429318652e-05	8.12406547973148e-05	3.61472784714039e-05
rf_018_010	3.14792233305535e-05	0.000422512520786887	5.06061898599655e-05
mforex_sell_rank_delta1	3.03852893893262e-05	0.000413404637278264	5.06061898599655e-05
cseguro_accidentes_personales_tend6	2.82007399085456e-05	0.000419980141282678	5.78356455542462e-05
vmr_mpagosdolares_delta2	2.79960162263475e-05	0.000161260370985023	5.06061898599655e-05
ctarjeta_visa_debitos_automaticos_delta2	2.75212896441949e-05	0.000238470228581529	2.89178227771231e-05
cpagomiscuentas_lag1	2.27071733754452e-05	9.73760943328709e-05	5.06061898599655e-05
ctarjeta_visa_debitos_automaticos_lag1	2.00750422702614e-05	0.000270541267581709	3.61472784714039e-05
cpagomiscuentas	1.83260479130528e-05	0.00042576531991845	1.44589113885616e-05
ctarjeta_debito	1.19866560361606e-05	0.000605058692307954	2.89178227771231e-05
cseguro_vida	1.19085167583232e-05	7.52293735832056e-05	7.22945569428078e-06
ctransferencias_emitidas	8.84271503992252e-06	0.000523443930772489	2.16883670828423e-05
cpayroll_trx_lag1	8.53307935892506e-06	5.26633715199693e-05	7.22945569428078e-06
cliente_edad_delta1	8.37687587958084e-06	0.000126061949725381	2.16883670828423e-05
ccuenta_debitos_automaticos_lag2	8.15462876893142e-06	4.89868501843703e-05	2.16883670828423e-05
ccuenta_debitos_automaticos_lag1	7.45733527046103e-06	0.000307667418138608	1.44589113885616e-05
cforex_sell_delta2	4.65314614972942e-06	1.16159146823499e-05	1.44589113885616e-05
ccallcenter_transacciones	1.88743483242654e-06	2.3727677755256e-05	7.22945569428078e-06
cprestamos_prendarios	1.56137094596149e-06	0.000211340292760435	7.22945569428078e-06
