Feature	Gain	Cover	Frequency
rf_003_021	0.106480656535423	0.00631594645417684	0.00120094049556882
rf_018_027	0.0400776046894896	0.00218741221852459	0.00340025321034545
rf_013_016	0.0377921809358693	0.00360041622099835	0.00241635015373485
rf_017_021	0.0173241778644245	0.00230273304193686	0.000622173991680231
vm_Finiciomora_tend6	0.0160470381298467	0.00454656867510987	0.000752396455055164
vm_status06_delta2	0.0121957893475864	0.00139225111936309	0.000173629951166576
rf_013_026	0.0116502234115594	0.00147377893970557	0.00122264423946464
mcuentas_saldo_rank	0.0115582004243148	0.00559564574790951	0.00152649665400615
rf_017_016	0.00978308831093566	0.00146507247269353	0.00307469705190812
ctrx_quarter_lag1	0.0070703629085836	0.00131453424609557	0.000557062759992765
ctrx_quarter_lag2	0.00697446066160157	0.00151444255179049	0.00181587990595044
mprestamos_personales_rank	0.00666309953985708	0.00382796246661013	0.000803038524145415
rf_009_026	0.00634011146484861	0.00147256205549381	0.0011864713329716
ctrx_quarter_normalizado_delta2	0.006305333473765	0.00127568961090432	0.00243081931633207
mv_status07_rank	0.00627835519241938	0.00117023244652648	0.000441309459215048
cdescubierto_preacordado	0.0060215759238975	0.00335242041984702	0.00180141074335323
cproductos_delta2	0.00537598261264093	0.00167026372724878	0.000188099113763791
foto_mes	0.00511763636041118	0.00566523140437195	0.00173629951166576
cdescubierto_preacordado_tend6	0.00497394076733382	0.0012575068377401	0.000144691625972147
rf_014_025	0.00490585424922982	0.00148827471263386	0.00371134020618557
cprestamos_personales_tend6	0.00464750247440274	0.00521521944085195	0.000448544040513655
mprestamos_personales_rank_delta1	0.00459787957740623	0.00337506375839658	0.000752396455055164
rf_010_019	0.00455137300934302	0.00142992107310066	0.00351600651112317
mrentabilidad_annual_rank_lag1	0.00446536056404776	0.00248643860621099	0.003942846807741
mpayroll_rank	0.00427336895472532	0.00197150777482094	0.000361729064930367
rf_003_018	0.00426052099452841	0.00174397970300948	0.00332067281606077
mcuentas_saldo_rank_tend6	0.00416510486562902	0.00360006681257786	0.0036462289744981
mcuentas_saldo_rank_delta2	0.00411841677543253	0.00253044688192487	0.0048254657261711
mrentabilidad_annual_rank_tend6	0.00401439560100194	0.00303289497392645	0.00396455055163682
mrentabilidad_annual_rank_delta2	0.00386856462222646	0.00387855536111728	0.00777717489600289
mpasivos_margen_rank	0.00379361246045691	0.0027219303004513	0.00227165852776271
ccomisiones_mantenimiento_tend6	0.0036807699631151	0.00402151838274272	0.000499186109603907
mcomisiones_rank_lag2	0.00362257793218024	0.00231574966522527	0.00507867607162236
mactivos_margen_rank	0.00342801247319595	0.00296735964162443	0.00277807921866522
mactivos_margen_rank_delta2	0.00327687765148155	0.00317133705360815	0.00557062759992765
mrentabilidad_annual_rank_lag2	0.0032281863932167	0.00259525396951677	0.00478205823837945
mprestamos_personales_rank_lag2	0.00319554387970711	0.00153321928124903	0.000846446011937059
mpayroll_sobre_edad_rank	0.00316210758054561	0.00269023853848776	0.000340025321034545
thomebanking_lag2	0.00315917918412614	0.00192237045724196	0.00609151745342738
mrentabilidad_annual_rank_delta1	0.003135341545789	0.00241396985502326	0.00603364080303853
mactivos_margen_rank_delta1	0.00304212895441976	0.00242287889527407	0.0053174172544764
mcuenta_corriente_rank	0.0030397584829802	0.00343053392299947	0.00222101645867245
thomebanking	0.00302365882152771	0.00192961343906125	0.00504250316512932
rf_014_017	0.00292671996969361	0.00154526676192175	0.00115029842647857
mrentabilidad_rank_delta2	0.00292037296520297	0.00274928734489367	0.00617109784771206
Master_mlimitecompra_rank_tend6	0.0029143498042143	0.00300028494077994	0.0054187013926569
tcallcenter	0.00289996097729131	0.00181108999661838	0.00139627419063122
Visa_mpagospesos_rank_tend6	0.00285225829668929	0.00226066594101257	0.00520166395369868
rf_004_021	0.00283095998786554	0.00131284491911635	0.000643877735576054
mcomisiones_otras_rank_tend6	0.00281899606655375	0.00249184253631114	0.00368240188099114
mpasivos_margen_rank_delta2	0.0027480436416502	0.00254030248061272	0.00622173991680232
rf_005_013	0.00274733519292447	0.00155259924400457	0.00141797793452704
Visa_msaldopesos_rank_tend6	0.00267623496978093	0.00134380212496631	0.0021631398082836
cdescubierto_preacordado_delta2	0.00266728582288672	0.00230925401440849	0.000296617833242901
ctrx_quarter_delta2	0.0026472514497773	0.00194656784582187	0.00281425212515826
thomebanking_lag1	0.00262056869385668	0.00189268762260395	0.00494121902694882
mcomisiones_rank_delta1	0.00259109399936633	0.00226523486483082	0.00477482365708085
rf_016_022	0.00257714422554201	0.000849731546586765	0.000506420690902514
ctrx_quarter_tend6	0.00257440745238757	0.00175402532817019	0.00207632483270031
Master_mfinanciacion_limite_rank_delta2	0.00256617074124555	0.00304500883839702	0.00577319587628866
mcomisiones_rank_delta2	0.00256600162003361	0.00200428456589261	0.00489057695785856
mrentabilidad_rank_delta1	0.00254709258387002	0.00277487848906423	0.00540423223005969
mcomisiones_otras_rank_lag2	0.0025347355106175	0.00245754591366161	0.0043335141978658
rf_006_019	0.00251812101457309	0.00158716512785473	0.00455055163682402
Visa_cconsumos_tend6	0.00250736419138535	0.00170673588306699	0.00438415626695605
Master_mfinanciacion_limite_rank_tend6	0.00247636458574636	0.00224609823329303	0.00526677518538615
Master_mlimitecompra_rank_delta2	0.0024618870521907	0.00240207894278096	0.00533188641707361
Visa_mfinanciacion_limite_rank_delta2	0.00245837119702834	0.0021787926663819	0.00469524326279617
rf_007_020	0.00243985517396523	0.000901599344592901	0.000520889853499729
ctarjeta_visa_transacciones	0.00243977776229657	0.00245530095505487	0.000730692711159342
mcomisiones_mantenimiento_rank_tend6	0.00243472231193073	0.00317406684966626	0.00164948453608247
mcomisiones_otras_rank_delta2	0.00242229339517691	0.00184432523891249	0.00490504612045578
Master_mlimitecompra_rank_delta1	0.00239812177204291	0.00204689011317718	0.00572978838849702
mprestamos_personales_rank_lag1	0.00239111084094125	0.00285841721379839	0.000824742268041237
mcomisiones_rank_tend6	0.00238445476468171	0.00162063503269196	0.00293000542593597
mcuenta_corriente_rank_lag2	0.00237658099598066	0.0027937241116738	0.00211249773919334
Visa_mlimitecompra_rank_delta2	0.00237539315975176	0.00452609311354642	0.00477482365708085
rf_007_026	0.00235898839519325	0.00129593727757414	0.00313980828359559
Visa_msaldopesos_rank	0.00235627467217904	0.00175596308111453	0.00192439862542955
Master_Fvencimiento_lag2	0.00232100420289366	0.00193885394205523	0.00418158799059504
Master_fechaalta_lag1	0.00232044522690592	0.00378614371560995	0.00404413094592151
Master_fechaalta_lag2	0.00231748741688169	0.00278820809713147	0.00426116838487973
Visa_mconsumototal_rank_tend6	0.002307575431016	0.00190927893356309	0.00457948996201845
Visa_mconsumospesos_rank_tend6	0.00229734504709316	0.00204640694862794	0.00462289744981009
Master_fechaalta	0.00229209030099482	0.00240776719020085	0.00413094592150479
mcomisiones_otras_rank	0.00228253127380934	0.00189650670606651	0.00385603183215771
chomebanking_transacciones	0.0022797001993185	0.00260164506395093	0.00372580936878278
chomebanking_transacciones_lag2	0.00226734388691835	0.00204002596764752	0.00429010671007415
Master_Fvencimiento_lag1	0.00225566321239165	0.00187135675181012	0.00418882257189365
chomebanking_transacciones_delta2	0.00222921549072859	0.00267541540903059	0.00421052631578947
mprestamos_personales_rank_delta2	0.00221570109993744	0.00467365851703255	0.00081750768674263
internet_lag2	0.00218980933266485	0.0020941181171479	0.000311086995840116
Visa_mpagospesos_rank_delta2	0.00217500210603965	0.00165212277663762	0.00504973774642793
mpayroll_rank_lag1	0.00216014444287838	0.000682778196039512	0.000296617833242901
mcomisiones_otras_rank_delta1	0.00215606716782021	0.00214317528750703	0.00404413094592151
mpasivos_margen_rank_delta1	0.00213595108309136	0.00314067770037692	0.0043335141978658
ccaja_ahorro_tend6	0.0021296570574002	0.00399755748169006	0.00032555615843733
Visa_mlimitecompra_rank_tend6	0.00212306785794298	0.00217057924924982	0.00397178513293543
vm_status01_delta2	0.00212004065968333	0.00191314417391601	0.000347259902333152
mcomisiones_rank_lag1	0.00210913329414911	0.00188483159819795	0.00371134020618557
Master_mfinanciacion_limite_rank_delta1	0.00210787150364518	0.00170116108882738	0.00483993488876831
mcuenta_corriente_rank_tend6	0.00208911704909799	0.00408282575909536	0.00242358473503346
mrentabilidad_rank_lag2	0.00207351708236573	0.00304405475190043	0.0039356122264424
chomebanking_transacciones_delta1	0.00204850680810968	0.00287063358154442	0.00350877192982456
mrentabilidad_rank	0.00204189899058744	0.00168829464652492	0.00279254838126243
Visa_mfinanciacion_limite_rank_delta1	0.00203282918882377	0.00181141666877821	0.0046301320311087
mcuentas_saldo_rank_delta1	0.00202949741165849	0.00273413001521712	0.00272020256827636
chomebanking_transacciones_lag1	0.00202704098325869	0.00179468399758976	0.0034436606981371
mcomisiones_rank	0.00202475859490622	0.00184839145564307	0.00336408030385241
Master_Fvencimiento	0.00201916135915374	0.00177715449270419	0.00419605715319226
Master_mlimitecompra_rank	0.00201596819252436	0.00188586537566835	0.00424669922228251
Visa_Fvencimiento_lag1	0.0020153883968261	0.00245292178407334	0.0031542774461928
Master_fultimo_cierre_tend6	0.00198866957447229	0.00247704974721519	0.00355217941761621
Visa_mfinanciacion_limite_rank_tend6	0.00197312982828727	0.00233981679556268	0.00361005606800506
ctrx_quarter_normalizado_delta1	0.00196952844649415	0.00204661819054135	0.00120817507686743
cdescubierto_preacordado_delta1	0.00196279266156125	0.00282263239262931	0.000289383251944294
rf_001_022	0.00196119119603951	0.0010754509830813	0.00416711882799783
Master_mfinanciacion_limite_rank_lag2	0.00196064685122742	0.00157500001174643	0.00360282148670646
mactivos_margen_rank_lag1	0.00193892096056668	0.00223926617706772	0.00277084463736661
vm_fechaalta	0.00189942729653876	0.00182999797285249	0.00256827636100561
cliente_edad_lag2	0.00189541105941209	0.00403564877863936	0.00256827636100561
Visa_fultimo_cierre_tend6	0.00187956401990929	0.00178460400189454	0.00201844818231145
vm_fechaalta_lag2	0.00187161853991161	0.00182411407192533	0.00256827636100561
Visa_mpagospesos_rank_delta1	0.00186845016858743	0.0015977983218653	0.00418882257189365
mcomisiones_otras_rank_lag1	0.00186633430309785	0.00163954011936786	0.00361005606800506
Visa_msaldototal_rank	0.00185391843756658	0.0013555023263667	0.00193886778802677
mcuentas_saldo_rank_lag2	0.00184163325128627	0.00261575363607898	0.0029589437511304
Master_delinquency	0.00183675668703578	0.00264688938620996	0.000795803942846808
vm_Fvencimiento	0.00183666019856187	0.00323947382475091	0.00296617833242901
cproductos_delta1	0.00182358724321638	0.000261359855794079	5.78766503888588e-05
Visa_mpagospesos_rank	0.00180164385796948	0.00120419023045529	0.00288659793814433
vm_fechaalta_lag1	0.00179656852529172	0.00177537384047731	0.00243805389763067
rf_004_022	0.00179627952179419	0.00125832975350212	0.00291553626333876
vm_Fvencimiento_lag2	0.00179522295886618	0.00204346940854268	0.00311086995840116
Visa_mlimitecompra_rank_lag1	0.0017947023905432	0.00116547866702374	0.00220654729607524
mpasivos_margen_rank_lag2	0.00178526380333522	0.00239978060338833	0.00329896907216495
mttarjeta_visa_debitos_automaticos_rank_tend6	0.00178186122584081	0.00164386837340356	0.001179236751673
Visa_mfinanciacion_limite_rank	0.00177801745526868	0.00205035073933959	0.00254657261710979
mtarjeta_visa_consumo_rank	0.00177425287037036	0.00304552743805484	0.000911557243624525
Master_mlimitecompra_rank_lag1	0.00177372110221178	0.0020208340542987	0.00332067281606077
Visa_mpagospesos_rank_lag2	0.00177055196067126	0.0013861639608281	0.00342195695424127
Master_mfinanciacion_limite_rank	0.00176117913957577	0.0026502010480425	0.00366069813709532
Visa_fechaalta_lag1	0.00175573618179786	0.00161839699381673	0.00262615301139447
Visa_Fvencimiento	0.00175207629341649	0.00238924839183313	0.00264062217399168
Visa_mlimitecompra_rank_delta1	0.00174409173233374	0.00205525850187855	0.00375474769397721
Visa_fechaalta	0.00173814219925698	0.00207130208947474	0.0028576596129499
rf_014_015	0.00173776391457711	0.00151701015238377	0.000781334780249593
mactivos_margen_rank_lag2	0.00173225251077503	0.00283730541714153	0.0034436606981371
mrentabilidad_annual_rank	0.00173173321564048	0.00216582105936877	0.00259721468620004
Visa_mconsumospesos_rank_lag2	0.00173020719009817	0.00150007909021185	0.00361729064930367
Visa_mpagominimo_rank	0.00172695034205206	0.00180906646941979	0.0023657080846446
Visa_fechaalta_lag2	0.0017235205356639	0.00155707859151828	0.00282148670645686
rf_012_027	0.00168598774705634	0.0011241401910146	0.00432627961656719
cliente_edad_lag1	0.00168463440923423	0.00264738281629495	0.00220654729607524
Visa_mconsumospesos_rank_lag1	0.00168274949405789	0.00128379178004527	0.00357388316151203
Visa_mconsumospesos_rank_delta2	0.00166823993764849	0.00149596086143347	0.00365346355579671
Visa_mpagominimo_rank_lag1	0.0016680419527049	0.00162489226442848	0.00219931271477663
Master_mlimitecompra_rank_lag2	0.0016448293934455	0.00135870745475048	0.00308193163320673
Visa_mpagominimo_rank_tend6	0.00163282090518374	0.00140085432268959	0.00222101645867245
vm_Fvencimiento_lag1	0.00163266253745977	0.00219233123513237	0.00283595586905408
mrentabilidad_rank_lag1	0.00163183175728496	0.00174411338309723	0.00302405498281787
Visa_mlimitecompra_rank_lag2	0.00160425388001251	0.00192188235002736	0.00274190631217218
Visa_Fvencimiento_lag2	0.00160197366842892	0.00185758488925463	0.00241635015373485
Visa_mconsumototal_rank_delta1	0.0015717288426178	0.00139747612497719	0.00338578404774824
mrentabilidad_rank_tend6	0.00156417685179679	0.00297141026994888	0.00259721468620004
Visa_mconsumospesos_rank_delta1	0.00155494782607346	0.00125563972688992	0.00387050099475493
cliente_antiguedad_lag2	0.00154728877129096	0.00245580153299438	0.00252486887321396
mcuenta_debitos_automaticos_rank	0.00154386658109728	0.00286539283544217	0.000781334780249593
Visa_mconsumototal_rank_delta2	0.00153075739782947	0.00141092717053028	0.00358835232410924
mtransferencias_recibidas_rank	0.00151918282650432	0.00273571714308488	0.00144691625972147
internet_tend6	0.00151805396024814	0.00306808697941629	0.000513655272201121
mpasivos_margen_rank_lag1	0.00151503323141279	0.00155962414021995	0.00276361005606801
Master_mfinanciacion_limite_rank_lag1	0.00150563971814658	0.00151042264403229	0.00311086995840116
Visa_mpagominimo_rank_lag2	0.00149876436809288	0.00124699295206724	0.00242358473503346
mcaja_ahorro_rank_lag1	0.00149624629906716	0.00290378312562529	0.00134563212154097
rf_007_015	0.00147447530120006	0.00130303228359664	0.00243081931633207
Visa_mfinanciacion_limite_rank_lag1	0.00145264571644041	0.00152526044940353	0.00242358473503346
Visa_mlimitecompra_rank	0.00142720161107981	0.00169706460777659	0.00266956049918611
Visa_mconsumospesos_rank	0.00142432606931516	0.00172949480394498	0.00285042503165129
rf_010_013	0.00141639468137684	0.00144360533641776	0.00244528847892928
Master_status_delta2	0.00141506429182408	0.000441179572602779	0.000332790739735938
Visa_mfinanciacion_limite_rank_lag2	0.00141076863294372	0.00184507317824305	0.00237294266594321
mcaja_ahorro_rank	0.00140727702488466	0.00374462722760682	0.000911557243624525
Visa_mconsumosdolares_rank_lag2	0.0014040360224147	0.00161968147848241	0.00264062217399168
Visa_msaldototal_rank_tend6	0.00140181605553929	0.00159623818855451	0.00248869596672093
rf_004_019	0.00139933228268808	0.00107976524557197	0.00279978296256104
Visa_msaldopesos_rank_lag2	0.00139192750712796	0.000944827211466857	0.00145415084102008
rf_017_018	0.00138364892943063	0.000874656571548747	0.00269849882438054
Visa_mpagospesos_rank_lag1	0.0013723692344651	0.00119711605966831	0.00293724000723458
mcomisiones_mantenimiento_rank	0.00136820911502609	0.00406510105694856	0.00193886778802677
mactivos_margen_rank_tend6	0.00136722516731655	0.00197043802995491	0.00201844818231145
vm_status01	0.00136676595500094	0.00134562703305842	0.000672816060770483
vm_mfinanciacion_limite_rank_delta1	0.00136150346547124	0.00214757562841599	0.00263338759269307
cproductos_tend6	0.00135532595259789	0.00239961316109411	0.000340025321034545
mcaja_ahorro_rank_delta2	0.00135278173102904	0.00179910570602127	0.00232230059685296
Visa_mpagado_rank_lag2	0.00135257962574485	0.000512259967111245	0.000397901971423404
vmr_msaldopesos2_tend6	0.00134833023815614	0.00220850629762715	0.0018737565563393
vmr_Master_mlimitecompra_lag2	0.00133133077466615	0.00171348208899705	0.00234400434074878
vmr_mpagominimo	0.00132683387383776	0.0011174359597196	0.00180141074335323
vm_mlimitecompra_rank_delta2	0.00131994590355582	0.00187426965460958	0.00266956049918611
cprestamos_personales_delta2	0.00131233408873832	0.00281141467140911	0.000173629951166576
ctrx_quarter_normalizado_tend6	0.00130675989444096	0.00176724057056509	0.00193163320672816
Visa_cconsumos	0.00128959705699152	0.00115642598531346	0.00225718936516549
Visa_cconsumos_lag1	0.00126933918976298	0.00103876127394622	0.00217760897088081
mprestamos_personales_rank_tend6	0.00126676870849286	0.00325161232650727	0.000658346898173268
rf_009_015	0.00126662873296153	0.00105922634185091	0.00175800325556158
vm_mfinanciacion_limite_rank_delta2	0.00126309539495076	0.0016520525907895	0.00251039971061675
mpasivos_margen_rank_tend6	0.00126133510993231	0.00206739419011771	0.00210526315789474
rf_010_017	0.00125333869815227	0.00123206397353035	0.00269849882438054
Visa_mconsumosdolares_rank_tend6	0.00124933929842618	0.00138458215583073	0.00225718936516549
rf_015_025	0.00124586136927363	0.00100009716010214	0.00337131488515102
vmr_Master_mlimitecompra_lag1	0.00122221913609491	0.00187428098471941	0.0021703743895822
mcaja_ahorro_rank_tend6	0.00121861676636268	0.001489277465374	0.00222101645867245
vm_mlimitecompra_rank_tend6	0.00121797139727605	0.00185061740399843	0.00194610236932538
rf_018_025	0.00121404239072781	0.00122891488736766	0.0017724724181588
vm_mfinanciacion_limite_rank_tend6	0.00121162910827353	0.00290493993744266	0.00217760897088081
vm_mpagominimo_rank_tend6	0.00121155275327257	0.0010971173467916	0.00145415084102008
mcuenta_corriente_rank_delta2	0.00120978819871973	0.00219695095434233	0.001381805028034
Visa_msaldopesos_rank_delta1	0.0012089004055601	0.00111987999367887	0.00227889310906131
ctrx_quarter_normalizado_lag2	0.0012078910714084	0.00225696935960995	0.00201844818231145
Visa_msaldototal_rank_delta2	0.00120774950481119	0.00102615192628352	0.00225718936516549
Visa_cconsumos_lag2	0.00120686935537598	0.00104571370308332	0.00208355941399891
mcomisiones_mantenimiento_rank_lag2	0.00120535696839723	0.00135936558965348	0.00130222463374932
rf_020_025	0.00119568721489382	0.000893075604117196	0.00303128956411648
cliente_edad	0.00118713881056159	0.00164242541928231	0.00148308916621451
rf_002_017	0.00118137425507948	0.00114066040363355	0.00202568276361006
rf_010_015	0.00118013068849942	0.00142073258215447	0.00156990414179779
rf_013_021	0.00116627130152005	0.00129877026127677	0.00164224995478387
vmr_mpagominimo_delta2	0.0011602254885328	0.00127306566392593	0.00149032374751311
rf_016_020	0.00115077339223744	0.000977663542645875	0.00323385784047748
cliente_antiguedad	0.00113807759836964	0.00209154078330591	0.00172906493036716
mcaja_ahorro_rank_delta1	0.0011371888025742	0.00192205534331497	0.0018737565563393
vmr_Master_mlimitecompra	0.0011322813379977	0.00135875125436967	0.00218484355217942
vmr_msaldopesos2	0.0011319830771663	0.000685977241142844	0.00109242177608971
vmr_Visa_mlimitecompra	0.00113170610081623	0.00117253245882123	0.00188822571893652
rf_003_023	0.00111968499946842	0.000977802773727031	0.000795803942846808
Visa_msaldototal_rank_delta1	0.00111784325652353	0.000927927858394251	0.00204738650750588
Master_mpagospesos_rank_tend6	0.00111395538170659	0.00197625554708423	0.0022644239464641
Visa_mconsumosdolares_rank_lag1	0.00111261200036363	0.00129132850826899	0.00210526315789474
vm_fultimo_cierre	0.00110896852909375	0.00157818331636162	0.00146138542231868
rf_009_025	0.00110430009163377	0.00133529777494702	0.00279254838126243
Visa_mpagominimo_rank_delta2	0.00110092356683344	0.00122367102358418	0.00218484355217942
vm_mpagominimo_rank	0.0010818094357005	0.00103731778753794	0.00121540965816603
rf_017_015	0.00106907484628597	0.00114612531862015	0.00113582926388135
Master_cconsumos_tend6	0.00106721513532516	0.00114197218702023	0.00196057153192259
Master_fultimo_cierre_lag1	0.00106706034044742	0.00266525884004279	0.00185928739374209
mcomisiones_mantenimiento_rank_lag1	0.00106483741678347	0.00168746435478536	0.00162778079218665
vm_mlimitecompra_rank_delta1	0.00106327248151545	0.00160908250292435	0.00209079399529752
vmr_Visa_mlimitecompra_lag2	0.00106198474177452	0.00117529099837944	0.00169289202387412
vm_mpagominimo_rank_lag2	0.00105490569918383	0.000953420681544648	0.00151926207270754
cliente_antiguedad_lag1	0.00105091129114017	0.00178977646317381	0.0016784228612769
ccaja_seguridad_lag2	0.00105018637520918	0.000554997369499428	7.95803942846808e-05
internet	0.00104485642445578	0.00141862860357201	0.00010851871947911
mtarjeta_visa_consumo_rank_delta2	0.00104181185784567	0.00177835518018176	0.00174353409296437
vm_mpagospesos_rank_tend6	0.00103191109147636	0.00116716244300956	0.00159160788569362
Master_mconsumospesos_rank_tend6	0.0010242404575867	0.00194841336102648	0.00199674443841563
thomebanking_delta2	0.00102356142637373	0.00134074231094413	0.00117200217037439
mcuenta_corriente_rank_lag1	0.00102254869616939	0.00231206114416924	0.00122264423946464
ccaja_seguridad_lag1	0.00101560026968306	0.00104926132015608	6.51112316874661e-05
vm_msaldototal_rank	0.00101534829150521	0.000616499030621239	0.000759631036353771
Visa_mconsumosdolares_rank	0.00101075774084695	0.00139790750560165	0.00213420148308917
mtransferencias_emitidas_rank	0.00100558638680913	0.00332855624295341	0.00166395369867969
vmr_Visa_mlimitecompra_lag1	0.0010021469157457	0.000964543655671936	0.00152649665400615
ccomisiones_otras_tend6	0.000996783855414278	0.00128479316404731	0.00170736118647133
mcuentas_saldo_rank_lag1	0.00098242533320813	0.00257043585820859	0.00113582926388135
vm_Fvencimiento_tend6	0.000979621475018066	0.00188785567294752	0.0012805208898535
Visa_mpagominimo_rank_delta1	0.000977610796298895	0.00135373224383959	0.00182311448724905
Visa_msaldopesos_rank_delta2	0.000977295614345424	0.000834512775777737	0.00194610236932538
Master_msaldototal_rank_tend6	0.000972312283201683	0.00132036347353974	0.00156266956049919
cmobile_app_trx_lag2	0.000969306638190649	0.00177685922547965	0.0010851871947911
Master_fultimo_cierre_lag2	0.000966263776012236	0.00169586711402125	0.00179417616205462
mcomisiones_mantenimiento_rank_delta2	0.00096522492761111	0.00154627825937753	0.00110689093868692
rf_020_016	0.000963725895830635	0.00138779625705316	0.00146138542231868
Visa_msaldototal_rank_lag1	0.000953857880986853	0.00118240516673533	0.00159160788569362
vm_fultimo_cierre_lag1	0.000945392030828424	0.00147303738781948	0.00122264423946464
rf_007_018	0.000938952561725495	0.00108802443938938	0.00138903960933261
Visa_msaldototal_rank_lag2	0.000936357044262804	0.000706440560104399	0.00170012660517273
rf_019_023	0.000936031730944498	0.000745908807582136	0.00173629951166576
rf_001_019	0.000933433986207721	0.000685816186293097	0.00122987882076325
rf_006_014	0.000932074013545432	0.000882412297868435	0.00129499005245071
chomebanking_transacciones_tend6	0.000931451200876976	0.00139560186627248	0.00162054621088805
Visa_cconsumos_delta2	0.000924738450291503	0.000759264041468241	0.00153373123530476
Master_fultimo_cierre	0.000923626224574361	0.00149100237954381	0.00164948453608247
mtarjeta_visa_consumo_rank_tend6	0.000921084204852011	0.00152680712345634	0.00120817507686743
vmr_msaldototal_delta2	0.000915433589363456	0.000763442266599993	0.00117200217037439
Visa_mconsumosdolares_rank_delta2	0.000912112417241618	0.00100472942607801	0.00175076867426298
rf_008_013	0.000909993351151426	0.000811001429149865	0.00116476758907578
vm_mfinanciacion_limite_rank_lag2	0.000903496321849417	0.000910700312341708	0.0014758545849159
numero_de_cliente	0.000901747068316692	0.0031351618379166	0.00153373123530476
vmr_mpagominimo_lag2	0.000891105177959133	0.00102483550439551	0.00148308916621451
vm_mfinanciacion_limite_rank	0.000890539814331271	0.000768844143592995	0.00149755832881172
rf_017_020	0.000882944415278594	0.000708120914244961	0.0023657080846446
mtransferencias_emitidas_rank_tend6	0.000880269590860896	0.00146592116635644	0.0011864713329716
Master_mconsumototal_rank_tend6	0.000879745088730662	0.00148386821240346	0.00175800325556158
mtransferencias_recibidas_rank_lag1	0.000879455606645245	0.00294279436665969	0.00164224995478387
rf_005_022	0.000874580240873809	0.000750941885698239	0.00321215409658166
vmr_mpagominimo_tend6	0.000872757325856342	0.00115607467586784	0.00152649665400615
rf_018_021	0.000872294657425757	0.00147056947698447	0.00138903960933261
ccajas_transacciones_lag2	0.000871184772336801	0.00103796276734698	0.0014758545849159
ccajas_consultas_tend6	0.000869834283732146	0.00311665680297088	0.00046301320311087
mtarjeta_visa_consumo_rank_lag2	0.000865819494842515	0.00115869276768879	0.00176523783686019
rf_011_016	0.000862546677224718	0.000835015254742387	0.000983903056610599
Visa_mpagosdolares_rank_tend6	0.000857803099070183	0.00126346077243337	0.00168565744257551
ctarjeta_visa_transacciones_tend6	0.000854577937671954	0.00158453023097155	0.000766865617652378
mtransferencias_recibidas_rank_tend6	0.000852281501340009	0.00180271826211276	0.00143244709712425
vmr_msaldopesos_delta2	0.000849944240092839	0.000787585209819932	0.00131669379634654
Visa_msaldopesos_rank_lag1	0.000840068461868174	0.000812679578101266	0.00149755832881172
mcaja_ahorro_dolares_rank_delta2	0.000839442491327717	0.00182463267158315	0.000846446011937059
vm_msaldopesos_rank_delta2	0.000837615701560246	0.00101805074567564	0.00152649665400615
Master_mpagominimo_rank	0.000832729934317438	0.00127853514137286	0.00190269488153373
Master_Fvencimiento_tend6	0.000827541684290096	0.000838536789750241	0.0013745704467354
vmr_mpagospesos_tend6	0.000824482366524801	0.0015973953045359	0.00152649665400615
mtransferencias_recibidas_rank_delta2	0.000823330246752292	0.00120115482559589	0.00159160788569362
rf_001_015	0.000819031963559199	0.000947103879172913	0.00116476758907578
mautoservicio_rank_delta2	0.000815401373312222	0.000985741302624051	0.00168565744257551
mcuenta_corriente_rank_delta1	0.00080678639801758	0.00150579859048502	0.00115753300777717
Master_mconsumospesos_rank_lag2	0.000804631411136491	0.000763719664188225	0.00166395369867969
ctransferencias_recibidas_tend6	0.000803253127512708	0.00220825528626784	0.00121540965816603
vmr_mpagominimo_lag1	0.000801640436505909	0.000950750653716902	0.00143244709712425
mtransferencias_emitidas_rank_lag1	0.000800125687138025	0.00187540350204328	0.00140350877192982
Master_mconsumospesos_rank	0.000799919394849246	0.000831576984635606	0.00129499005245071
mtransferencias_emitidas_rank_lag2	0.000798751798986363	0.00196377858681219	0.00136733586543679
vmr_msaldopesos2_delta2	0.00079741107185504	0.000889617943554001	0.0014758545849159
Visa_Fvencimiento_tend6	0.000793228118078492	0.000755920442413365	0.00092602640622174
ctarjeta_visa_debitos_automaticos_tend6	0.000792056917342284	0.00143774348738221	0.000470247784409477
mcaja_ahorro_dolares_rank_lag2	0.000787386736038843	0.00132241794942759	0.00133116295894375
vmr_msaldototal_tend6	0.00078471666707527	0.00138788621356272	0.0013745704467354
Visa_fechaalta_tend6	0.000783259393508799	0.000776538808985229	0.000687285223367698
vmr_msaldopesos_lag2	0.000782071278966045	0.000858591996635029	0.001179236751673
mtransferencias_recibidas_rank_lag2	0.000776730135128449	0.00139962930209024	0.00149032374751311
vm_mlimitecompra_rank_lag2	0.000776657547320708	0.000786937036288655	0.00125158256465907
mautoservicio_rank_lag2	0.000773703841310604	0.000928876774102463	0.00183034906854766
rf_019_021	0.000771498577229915	0.000845287101894595	0.000875384337131488
tcallcenter_delta2	0.000771147392042113	0.000931291076028558	0.000875384337131488
Master_msaldopesos_rank_lag2	0.000770761971840345	0.000800098973938661	0.00146862000361729
vm_fultimo_cierre_lag2	0.000770307026824976	0.00153720124454547	0.00123711340206186
mplazo_fijo_dolares_rank	0.000763039857136503	0.00332536693109879	0.000274914089347079
ctrx_quarter_delta1	0.000761836918693269	0.00177388587008078	0.000868149755832881
vm_fultimo_cierre_delta1	0.000760458010998974	0.00127073021652259	0.000889853499728703
rf_011_024	0.000759563486469776	0.000574834566821314	0.00183758364984627
mcaja_ahorro_rank_lag2	0.000759145498158183	0.00230441940331686	0.0011864713329716
vm_mpagominimo_rank_lag1	0.000757165543134318	0.00151981233947915	0.00112859468258275
mpagomiscuentas_rank	0.000753578847039669	0.00220850279974089	0.000766865617652378
rf_003_015	0.000752515339465088	0.000696656363920759	0.00102731054440224
ccomisiones_otras_lag2	0.00075219880665511	0.00171537512983012	0.00116476758907578
Master_msaldopesos_rank_tend6	0.000749118016500808	0.000926480493894683	0.00139627419063122
vmr_msaldopesos2_lag2	0.000747499183668685	0.00119920300506553	0.00142521251582565
Master_mpagominimo_rank_lag2	0.000746429905130276	0.000922748021137444	0.00145415084102008
Master_cconsumos_lag2	0.000745757093340209	0.00111555500940641	0.00166395369867969
mcaja_ahorro_dolares_rank_tend6	0.000741210698678877	0.00199767401711645	0.00104901428829806
mttarjeta_visa_debitos_automaticos_rank_lag2	0.000739324584363727	0.000982434811579882	0.00131669379634654
Visa_fultimo_cierre_lag1	0.000731513392025384	0.000804761352152726	0.00116476758907578
ctrx_quarter	0.000729909763137694	0.0023505754572324	0.00060047024778441
rf_002_026	0.000727987472325475	0.0016116951197929	0.00174353409296437
Master_mpagospesos_rank_delta2	0.00072454870131223	0.00113609079544625	0.00152649665400615
Master_msaldototal_rank	0.00071779334965418	0.00128971902434559	0.001179236751673
vm_mlimitecompra_rank	0.000714641418916341	0.000875281552573332	0.00127328630855489
Master_mpagospesos_rank_lag2	0.000709523547261567	0.00150253780008518	0.00129499005245071
vm_mconsumospesos_rank_tend6	0.000707322679893278	0.000878921483426822	0.00111412551998553
mcomisiones_mantenimiento_rank_delta1	0.000702641633939542	0.00138927920874332	0.00120094049556882
vm_mpagominimo_rank_delta2	0.000700428315395786	0.00100754324744724	0.001381805028034
Master_mpagospesos_rank	0.000700384018978179	0.000868500900067765	0.00130945921504793
vmr_mconsumospesos	0.000699467521316254	0.000958526226739037	0.00119370591427021
mttarjeta_visa_debitos_automaticos_rank_delta2	0.000695081289737206	0.00100226600166233	0.000969433894013384
Master_mpagominimo_rank_tend6	0.000694309118570441	0.00172841045920589	0.00104177970699946
Master_mconsumospesos_rank_lag1	0.000692987806188047	0.000657982364745953	0.00144691625972147
vm_mpagospesos_rank_delta2	0.000689973953867413	0.000833876008397293	0.0012805208898535
Master_msaldopesos_rank_lag1	0.000689081996289749	0.00105985155099851	0.00106348345089528
vm_mlimitecompra_rank_lag1	0.000686976452409685	0.000668843453650139	0.00113582926388135
Visa_mconsumosdolares_rank_delta1	0.000683289832930405	0.000463482703693526	0.001179236751673
ctransferencias_emitidas_tend6	0.00068282976524222	0.00177832537210759	0.000868149755832881
ccomisiones_otras_delta2	0.000682633561132071	0.000578554188648616	0.000976668475311991
vm_msaldototal_rank_tend6	0.000681618691452351	0.000856728839917134	0.00120817507686743
vm_msaldopesos_rank_tend6	0.00067650251367866	0.000895816426121106	0.00122987882076325
ctarjeta_visa_transacciones_delta2	0.000675946609382802	0.00107866021767938	0.000636643154277446
Master_mpagominimo_rank_lag1	0.000670871575552092	0.000700998305337452	0.00130222463374932
vmr_mpagospesos_delta2	0.000666469649916359	0.00123029419516726	0.00126605172725629
vm_mfinanciacion_limite_rank_lag1	0.000662345161605204	0.000668894933410894	0.00119370591427021
rf_001_013	0.000661756592716022	0.00103202951580722	0.00126605172725629
ccajas_transacciones_delta1	0.000658017239413673	0.000969900212225633	0.000383432808826189
Visa_fultimo_cierre_lag2	0.000657223446446801	0.00104609018210178	0.000983903056610599
vm_mconsumototal_rank_delta2	0.000651520291010156	0.000528439211861327	0.000933260987520347
vm_status02	0.000649854455944064	0.00122983870954404	0.000622173991680231
vm_cconsumos_tend6	0.000648848354112761	0.000838072787534397	0.000947730150117562
vmr_mconsumospesos_lag2	0.000643936952366928	0.000708054758570136	0.00135286670283957
mautoservicio_rank	0.000641398084406514	0.00342181498526252	0.00120817507686743
vmr_mpagospesos	0.000638589857905126	0.000725759766096504	0.00103454512570085
mextraccion_autoservicio_rank_lag2	0.000637105112888579	0.00122867353321606	0.00134563212154097
vmr_msaldopesos2_lag1	0.000634451383604363	0.000713837524959919	0.0011864713329716
vmr_msaldopesos_delta1	0.0006332170556157	0.000804121315009043	0.00119370591427021
Master_status	0.000632503156745598	0.00221643532139848	0.000643877735576054
ccajas_transacciones_tend6	0.000631503070917663	0.00174665596619969	0.000506420690902514
rf_015_019	0.000631028268626857	0.000775450814277873	0.000969433894013384
Master_fultimo_cierre_delta1	0.000630687115003288	0.0016642794521943	0.00112859468258275
Visa_fultimo_cierre	0.000628137064672423	0.000882017492967639	0.00107795261349249
rf_019_016	0.00062625754256383	0.000640536581007491	0.000991137637909206
Visa_mpagosdolares_rank_lag2	0.0006258940088539	0.00059791848695701	0.00120817507686743
matm_rank_lag2	0.000625452131738425	0.00108851018933281	0.00124434798336046
Master_mconsumototal_rank_lag2	0.000624438124822242	0.00077823931399226	0.00115753300777717
mcaja_ahorro_dolares_rank_lag1	0.000623959629330588	0.00169985052209679	0.000918791824923133
Master_mpagado_rank_tend6	0.000621912545147151	0.00108717802695665	0.000730692711159342
ccomisiones_otras_delta1	0.000620942102251508	0.000826970572601623	0.000737927292457949
ctarjeta_visa_transacciones_lag2	0.000614918663456441	0.00069279446937208	0.00107071803219389
Master_msaldopesos_rank	0.000608364013052661	0.000762899561943409	0.00126605172725629
Master_msaldopesos_rank_delta2	0.000607172672478597	0.000670149153756374	0.00115029842647857
vmr_msaldopesos_lag1	0.000606218399757035	0.000756913994191833	0.000933260987520347
Master_mpagospesos_rank_lag1	0.000606085154389184	0.00080002437771222	0.00125881714595768
mttarjeta_visa_debitos_automaticos_rank_lag1	0.000604983388334513	0.000644151038124123	0.00128775547115211
mpagomiscuentas_rank_lag2	0.000604119010830659	0.000952313752626911	0.000976668475311991
rf_019_020	0.000602728495191154	0.000745863411101825	0.000998372219207813
mv_status07_rank_tend6	0.000602603352290251	0.00187903187466393	0.000368963646228975
vmr_msaldototal_lag2	0.000595476316018975	0.000540314611738496	0.00104177970699946
mplazo_fijo_dolares_rank_delta2	0.000595157724391777	0.00165677975594029	0.000195333695062398
rf_006_017	0.000592511798804517	0.000797226144749123	0.000658346898173268
mtarjeta_visa_consumo_rank_delta1	0.000589629315744075	0.00179022761445972	0.000940495568818955
Visa_cconsumos_delta1	0.000589427132570255	0.000769157204412829	0.000976668475311991
vmr_mconsumospesos_lag1	0.00058708623315854	0.000854426774515225	0.00114306384517996
vmr_Master_mlimitecompra_tend6	0.000581687675070154	0.00178460833623186	0.000998372219207813
Master_fultimo_cierre_delta2	0.000581249898094748	0.000477421628338204	0.000868149755832881
ccallcenter_transacciones_delta2	0.000579874959670476	0.00122832853517389	0.000289383251944294
vmr_msaldototal	0.000579493846373947	0.000860040121544652	0.00125158256465907
vm_mconsumospesos_rank_delta2	0.000579244010045002	0.000800377055895944	0.00117200217037439
Visa_mpagado_rank_tend6	0.000578236439785149	0.00116171509349524	0.000875384337131488
Master_mpagominimo_rank_delta2	0.000577643370930452	0.000768871974601025	0.000954964731416169
cmobile_app_trx_tend6	0.000572748885915608	0.00228890627777537	0.000766865617652378
mtransferencias_recibidas_rank_delta1	0.000572396553507423	0.000856475091081626	0.0010851871947911
mttarjeta_visa_debitos_automaticos_rank_delta1	0.000571643683112441	0.000929419326677036	0.000810273105444023
vmr_mpagominimo_delta1	0.000570720872124246	0.000890657880345852	0.000969433894013384
active_quarter_lag2	0.000566941458480788	0.00103505952175523	0.000991137637909206
vmr_msaldopesos	0.000566033641047701	0.000702628700537369	0.00112859468258275
ccaja_ahorro	0.000561494457305121	0.0024334416753135	0.00010851871947911
rf_003_017	0.000557919012606408	0.00092553842187697	0.000759631036353771
Master_msaldototal_rank_delta2	0.000556993781126035	0.000682238152818123	0.000998372219207813
Master_mconsumototal_rank_lag1	0.000556401327834868	0.000594207077558307	0.00132392837764514
vm_mconsumototal_rank_tend6	0.000556302309623105	0.000778804526786486	0.00104901428829806
ctrx_quarter_normalizado	0.000554987707979101	0.00231140011970802	0.000672816060770483
thomebanking_tend6	0.000554066537299167	0.00486073421867249	0.000665581479471876
ctarjeta_debito_transacciones_tend6	0.000552141846974474	0.000978240693877972	0.000860915174534274
mpagomiscuentas_rank_tend6	0.00055124295510718	0.0020864211705255	0.000716223548562127
vmr_msaldopesos_tend6	0.000541312024729558	0.000804564710112384	0.00110689093868692
rf_019_015	0.000540469105734684	0.000978589493970412	0.000701754385964912
mextraccion_autoservicio_rank_tend6	0.000538706983883713	0.00137832238421315	0.000846446011937059
Master_mpagospesos_rank_delta1	0.000535063569299624	0.00062539248246591	0.00122987882076325
mcuenta_debitos_automaticos_rank_lag2	0.000532103952049948	0.00135744996464176	0.000860915174534274
mcajeros_propios_descuentos_rank_delta2	0.000529631531191496	0.000498685050760117	0.000260444926749864
rf_015_029	0.000529585743735539	0.000850777946864087	0.00222101645867245
mcaja_ahorro_dolares_rank_delta1	0.000519905074471277	0.00124926673021508	0.000643877735576054
vmr_msaldototal_delta1	0.00051791344905324	0.00101881419737132	0.000983903056610599
Master_mconsumosdolares_rank	0.000517217061369989	0.000349516778918073	0.00139627419063122
rf_016_017	0.000517065087234944	0.000696601158150732	0.00107795261349249
vmr_mpagospesos_lag2	0.000515802724958266	0.000354632589648211	0.000940495568818955
vmr_msaldopesos2_delta1	0.000514185004579197	0.000709089752696626	0.00115753300777717
Master_msaldopesos_rank_delta1	0.00051373334532963	0.00147236982383179	0.00092602640622174
ccallcenter_transacciones_tend6	0.000511079849592069	0.00197058881926891	0.00070898896726352
vm_msaldototal_rank_delta1	0.00051061088441658	0.000757169111765441	0.00102007596310364
Master_msaldototal_rank_delta1	0.000505662966097118	0.000962144637987957	0.00100560680050642
mcuenta_debitos_automaticos_rank_delta2	0.000505207881726667	0.00185629637441564	0.000651112316874661
vmr_msaldototal_lag1	0.000504571041652524	0.000855899080464613	0.000998372219207813
vm_msaldototal_rank_delta2	0.000504183383320043	0.000714193548947887	0.000998372219207813
vm_mpagospesos_rank_delta1	0.00050093483980673	0.000788025943488078	0.00123711340206186
ccajas_transacciones_delta2	0.000499335518792031	0.000764664549723144	0.000694519804666305
thomebanking_delta1	0.000498448108950983	0.000851435777603068	0.000607704829083017
mcuenta_debitos_automaticos_rank_lag1	0.000497965225107938	0.000814166407882713	0.000716223548562127
Visa_Finiciomora_tend6	0.000496928121164165	0.00258028096323767	0.000520889853499729
vmr_mpagospesos_delta1	0.000492186944399208	0.000844134396291519	0.00102007596310364
vm_fultimo_cierre_delta2	0.00048909636968757	0.000169575700664521	0.000412371134020619
rf_007_025	0.00048398804441768	0.000427057921421773	0.000897088081027311
mcuenta_debitos_automaticos_rank_tend6	0.000482640987128695	0.0025150370200689	0.000622173991680231
vm_msaldopesos_rank_delta1	0.000480488668556632	0.000695573920206808	0.000991137637909206
mautoservicio_rank_lag1	0.000477101071894248	0.00112014841842844	0.000940495568818955
mtransferencias_emitidas_rank_delta1	0.000475550655329545	0.00127174186606038	0.000737927292457949
Master_Fvencimiento_delta2	0.000474797744291409	0.000485092949141735	0.000629408572978839
mextraccion_autoservicio_rank_delta2	0.000473528403213885	0.000844847356759521	0.000904322662325918
rf_001_017	0.000473200461087696	0.00109557827683935	0.00109965635738832
mextraccion_autoservicio_rank	0.000469112903888385	0.000823753885985005	0.000991137637909206
rf_009_018	0.000465732794613835	0.00118352068828669	0.000643877735576054
Visa_mpagosdolares_rank	0.000457690843429851	0.000439060461860215	0.000831976849339844
vmr_Visa_mlimitecompra_tend6	0.000457595078726253	0.00129879999330994	0.000607704829083017
mcaja_ahorro_dolares_rank	0.000457483429426428	0.00298612937531046	0.000745161873756556
rf_013_019	0.000456003847105838	0.000748953945690243	0.000701754385964912
mautoservicio_rank_tend6	0.000453102771792598	0.000812679121855233	0.000853680593235667
rf_018_015	0.00045231938134127	0.00120917943291119	0.000513655272201121
tcallcenter_tend6	0.00045172731548755	0.00239263472593312	0.000542593597395551
active_quarter	0.000450727077639584	0.00104183211391421	0.000636643154277446
mpayroll_rank_tend6	0.000449915444846841	0.00200297787725331	0.00057153192258998
mprestamos_prendarios_rank	0.000449608701718713	0.00547345484776914	0.000209802857659613
vmr_mconsumospesos_tend6	0.000449560587166681	0.00105456388759584	0.000976668475311991
Master_cconsumos	0.000448144088078405	0.00038068674750155	0.00120094049556882
vm_mpagado_rank_tend6	0.000443900261599025	0.00104667988009979	0.000535359016096943
mpagomiscuentas_rank_delta2	0.000440171787778412	0.00119116052811393	0.00060047024778441
vm_msaldopesos_rank	0.000437209948510298	0.000549697235371846	0.000774100198950986
Master_mconsumospesos_rank_delta1	0.000436044425445784	0.000662566800929332	0.00114306384517996
vm_msaldototal_rank_lag2	0.000434946918893198	0.000413252981028868	0.000803038524145415
tcallcenter_lag1	0.000429727371450179	0.000982133004828869	0.0007885693615482
ccomisiones_otras_lag1	0.00042750360551157	0.000890007121420387	0.000549828178694158
vm_mpagospesos_rank	0.000427213802359222	0.000423376624261267	0.00068005064206909
mttarjeta_visa_debitos_automaticos_rank	0.000427195893676206	0.000782263480046775	0.000897088081027311
vm_mconsumospesos_rank_delta1	0.000424532363628998	0.000842291998768138	0.000897088081027311
vmr_mpagospesos_lag1	0.000424476320442688	0.000427054803740546	0.00070898896726352
ctarjeta_debito_transacciones_lag2	0.000416745898549859	0.000555035542084212	0.000846446011937059
vm_mpagominimo_rank_delta1	0.000414891806049167	0.000655130979119978	0.000781334780249593
rf_005_020	0.000409870507819454	0.000676610205915631	0.000875384337131488
rf_002_016	0.000409734691055728	0.000569522570296867	0.000759631036353771
mpayroll_rank_delta1	0.000405943705219901	0.00171169155143945	0.000426840296617833
Master_cconsumos_delta2	0.00040563426375409	0.000610746072305629	0.000969433894013384
vm_mconsumototal_rank_delta1	0.000404219579820842	0.000459603395754577	0.000781334780249593
ctarjeta_master_transacciones_tend6	0.000401159526230336	0.00075146466761137	0.000231506601555435
cextraccion_autoservicio_tend6	0.00039862255945335	0.00118274735126029	0.000578766503888587
rf_010_018	0.00039782456324381	0.000747054973658735	0.000687285223367698
rf_004_017	0.000397706607394281	0.00106945971225431	0.000528124434798336
ccomisiones_mantenimiento_delta1	0.000396881954864427	0.00136469104543591	0.000101284138180503
vm_mpagospesos_rank_lag1	0.000387498101392968	0.00031595098637285	0.000658346898173268
Visa_fechaalta_delta2	0.000387486439630419	0.000739992513186613	0.000412371134020619
mpayroll_sobre_edad_rank_delta1	0.000386237220166325	0.00104916672514518	0.000332790739735938
cmobile_app_trx_delta2	0.000385636422084136	0.00171339798764491	0.00070898896726352
vm_fechaalta_delta2	0.000385328762515932	0.00172117721063532	0.000311086995840116
tcallcenter_delta1	0.000379032216833909	0.000855471958136459	0.000520889853499729
mpayroll_rank_lag2	0.000375282579598036	0.00050616938673101	0.000397901971423404
mautoservicio_rank_delta1	0.000374772650782512	0.00101691461701177	0.000745161873756556
Master_cconsumos_lag1	0.00037443099263323	0.00045366702653359	0.00104177970699946
ccajas_consultas_delta2	0.000372165458919359	0.000758842013887459	0.000166395369867969
Master_cconsumos_delta1	0.000368485729233708	0.000407499946672253	0.000962199312714777
Master_mpagominimo_rank_delta1	0.000367999435971692	0.000767976515719712	0.00070898896726352
rf_016_014	0.000366060100822533	0.0011966633875623	0.000405136552722011
vm_mpagospesos_rank_lag2	0.000361653652118559	0.000404913487909601	0.000593235666485802
mextraccion_autoservicio_rank_lag1	0.000360228951008832	0.000734089754090077	0.000723458129860734
ccomisiones_otras	0.000360214660252555	0.00164415200635425	0.000520889853499729
mtarjeta_visa_consumo_rank_lag1	0.000360010867858394	0.000990117006247207	0.000578766503888587
vm_msaldopesos_rank_lag2	0.000359776737238011	0.000669797844310751	0.000752396455055164
vmr_mconsumosdolares_lag2	0.000359377556402246	0.000593988763831384	0.000665581479471876
vmr_mconsumospesos_delta2	0.000355495676888141	0.000372867298819215	0.00081750768674263
mtarjeta_master_consumo_rank_lag2	0.000355052164640141	0.000676353491480907	0.000781334780249593
vmr_mconsumosdolares	0.000351918736549736	0.00112276255611711	0.000506420690902514
Visa_fultimo_cierre_delta2	0.000350886412514985	0.000264652887580266	0.000470247784409477
ctrx_quarter_normalizado_lag1	0.00035054863180399	0.00109302451570908	0.000557062759992765
vm_mconsumospesos_rank_lag2	0.000350260727060852	0.000484626817777737	0.000759631036353771
mpagomiscuentas_rank_lag1	0.000350242367065095	0.000781659258216704	0.000723458129860734
vm_Fvencimiento_delta1	0.000348570826366778	0.000348045689624775	0.000347259902333152
matm_rank_lag1	0.00034836876251349	0.000791929204343774	0.000506420690902514
mpayroll_sobre_edad_rank_tend6	0.000347705050945377	0.000905123997281982	0.000361729064930367
vm_mconsumospesos_rank_lag1	0.000346241845364711	0.000465167544253415	0.000643877735576054
Visa_msaldodolares_rank_tend6	0.00034567926128632	0.00195835655895271	0.000564297341291373
cmobile_app_trx_lag1	0.000345216430940824	0.0011793747805823	0.000368963646228975
matm_rank_delta2	0.000344712109625737	0.000839378031394599	0.000745161873756556
cpagomiscuentas_tend6	0.000340773157739885	0.00114055151291361	0.000274914089347079
ctarjeta_debito_transacciones_delta2	0.000338379138033536	0.000926241192850229	0.000593235666485802
rf_007_027	0.000336007481373953	0.000218731116002822	0.000151926207270754
ccaja_ahorro_lag1	0.000335691782879025	0.000575557564702048	0.000144691625972147
mpayroll_sobre_edad_rank_lag2	0.000335655350179666	0.000708124944418255	0.000528124434798336
internet_delta2	0.000334761881933149	0.00101063218517454	0.000188099113763791
vmr_mconsumospesos_delta1	0.000333298877604144	0.000495640216816032	0.000737927292457949
vmr_mconsumosdolares_lag1	0.000330619650034435	0.000757597450749683	0.000484716947006692
ccallcenter_transacciones_delta1	0.000329428905935299	0.00231486880621702	0.000166395369867969
matm_rank	0.00032875961090501	0.000404377626943517	0.000564297341291373
cproductos_lag2	0.000325975655837438	0.000536108327475698	0.000231506601555435
matm_other_rank_lag2	0.000322528462579257	0.00067999319421138	0.000586001085187195
vm_cconsumos_delta2	0.000317021586395697	0.000567420872944574	0.00021703743895822
catm_trx_tend6	0.000316739430218892	0.00182908335163778	0.000542593597395551
mpagomiscuentas_rank_delta1	0.000316387227899895	0.000781490295102381	0.000499186109603907
mv_status07_rank_delta2	0.000315122252229346	0.00211242286008501	0.00046301320311087
matm_rank_tend6	0.00030945204039352	0.00100208342720801	0.000506420690902514
Visa_mpagado_rank_delta2	0.000308119084609142	0.000749656792704507	0.000434074877916441
rf_012_022	0.000307457296604926	0.000733888777712419	0.000426840296617833
rf_004_023	0.000307087431610854	0.0005362262670753	0.000528124434798336
vm_status02_tend6	0.000307081795388266	0.00117239109859192	0.000470247784409477
ctarjeta_debito_tend6	0.000303975433234665	0.00440663695212952	0.000274914089347079
vm_msaldototal_rank_lag1	0.000295547537940674	0.000455752146946674	0.000607704829083017
Visa_mpagosdolares_rank_delta1	0.000293479264739879	0.000205682631533091	0.000491951528305299
matm_other_rank_tend6	0.000292867388797361	0.000666794528755695	0.000347259902333152
vm_cconsumos_lag2	0.000283625756993061	0.000512347718431645	0.000390667390124797
vmr_mconsumosdolares_tend6	0.000283222833990773	0.000845283223803313	0.000383432808826189
rf_017_017	0.000282226001202269	0.000462218065730286	0.000513655272201121
Master_mconsumosdolares_rank_delta1	0.00028212841175822	0.000369910900564581	0.000745161873756556
ctarjeta_debito_transacciones_lag1	0.000279404008327435	0.00055896625374291	0.000448544040513655
minversion2_rank	0.000274149731234405	0.00312583647316043	0.00013745704467354
mtarjeta_visa_descuentos_rank_delta2	0.000270791106703379	0.000277173039143462	0.000397901971423404
Master_mpagosdolares_rank_delta1	0.000269986496275728	0.00020561503107916	0.000889853499728703
mtarjeta_master_consumo_rank_delta2	0.000268854632167769	0.000896900618778185	0.000593235666485802
vm_mconsumospesos_rank	0.000268493865993173	0.000768285850530274	0.000528124434798336
mcuenta_debitos_automaticos_rank_delta1	0.000266215982161891	0.00107112782379298	0.000455778621812263
vm_mconsumosdolares_rank_tend6	0.000264218602321021	0.00060609760959558	0.000332790739735938
rf_011_026	0.000260758225616813	0.00042941549675773	0.000824742268041237
cprestamos_personales	0.000258002352604613	0.000990510822614931	6.51112316874661e-05
vm_status04_delta2	0.000257447032509859	0.00138053989201689	0.000166395369867969
vm_msaldopesos_rank_lag1	0.000256355434946598	0.000546718557102587	0.000506420690902514
mv_status07_rank_lag1	0.000255873271194705	0.00108825529988222	0.000361729064930367
Visa_mpagado_rank_delta1	0.000247645582310061	0.000773615032321974	0.000426840296617833
mtarjeta_master_consumo_rank	0.000242790728623568	0.000897524535228692	0.00032555615843733
cmobile_app_trx	0.000242438626604715	0.00131408309480966	0.000238741182854042
rf_005_017	0.000241790515466703	0.000481844705507815	0.000477482365708085
Master_msaldodolares_rank_tend6	0.000238068929323512	0.000317570127503947	0.000426840296617833
ctarjeta_debito_transacciones_delta1	0.000234264696049079	0.00118222981617654	0.000267679508048472
mplazo_fijo_dolares_rank_delta1	0.000231238045914231	0.000879316516450635	9.40495568818955e-05
ccajas_extracciones_tend6	0.00022739888394991	0.00290544667470362	0.000289383251944294
ccuenta_debitos_automaticos_tend6	0.000226277163132527	0.00110677158889676	0.000260444926749864
Visa_mpagado_rank_lag1	0.0002214588165832	0.000461151134381466	0.00035449448363176
vmr_Visa_mlimitecompra_delta2	0.000220298556411001	0.0011941763904349	0.000231506601555435
vm_cconsumos_lag1	0.000219783832763824	0.000277829881349371	0.000267679508048472
vm_mconsumosdolares_rank_delta2	0.000209157362626698	0.000861693709251262	0.000347259902333152
tcuentas_lag2	0.000206899093515939	0.000773451239996028	0.000144691625972147
vm_mconsumosdolares_rank_lag1	0.00020067668923602	0.00126271899242426	0.000455778621812263
cextraccion_autoservicio_lag2	0.000199179836195742	0.000947483019626567	0.000340025321034545
mv_status07_rank_lag2	0.000194923858535109	0.000703610237836961	0.000368963646228975
mtarjeta_master_descuentos_rank_delta2	0.000194314546964217	0.000450968483328763	0.000361729064930367
matm_other_rank_delta2	0.000191069555361131	0.00116666148486502	0.000383432808826189
mtarjeta_visa_descuentos_rank_lag2	0.000189424628872644	0.000292263376694122	0.000267679508048472
ccaja_seguridad	0.000188657335202487	0.00253704001731076	8.68149755832881e-05
vmr_mpagado_lag2	0.000188379008670776	0.000423934385036949	0.000318321577138723
mtarjeta_master_consumo_rank_tend6	0.00018769508366837	0.000853160615731874	0.000311086995840116
vmr_mconsumosdolares_delta2	0.00018740432519659	0.000386771244601342	0.00032555615843733
Visa_msaldodolares_rank_lag2	0.000186861036077722	0.000786575081102255	0.000332790739735938
cprestamos_personales_lag2	0.000186451351277248	0.00216898626622464	0.000173629951166576
ctarjeta_visa_transacciones_lag1	0.00018636728939394	0.00035262457481475	0.000282148670645686
vmr_mpagado_tend6	0.000183329509634095	0.000395431630764013	0.000361729064930367
ctarjeta_debito_transacciones	0.000181660759663453	0.0006499858165617	0.000347259902333152
ccajeros_propios_descuentos_delta1	0.000180136097952299	0.000214725351871649	0.000224272020256828
Visa_msaldodolares_rank_lag1	0.000176739563348764	0.000301243135080088	0.000231506601555435
Master_mpagado_rank_lag1	0.000174532667456099	0.00027532349376556	0.000318321577138723
vmr_mpagado_delta2	0.000173986341528261	0.00107108493666585	0.000238741182854042
mtarjeta_master_consumo_rank_lag1	0.000170395654400361	0.000482425050462144	0.000340025321034545
mv_status07_rank_delta1	0.000169837855455215	0.00191109722608771	0.000303852414541508
mtarjeta_master_consumo_rank_delta1	0.00016715436499193	0.00162114861364342	0.000231506601555435
catm_trx_other_tend6	0.00016685562178639	0.000606501311294025	0.000224272020256828
mpayroll_sobre_edad_rank_lag1	0.000165859116807973	0.000816280956164944	0.000238741182854042
vm_mpagado_rank_delta2	0.000160905307902487	0.000172750944933118	0.000159160788569362
Master_mpagado_rank_delta2	0.00016072024880728	0.000460285179410305	0.000231506601555435
rf_008_014	0.000160686501829337	0.000577384906106331	0.000267679508048472
cforex_buy_tend6	0.000157412457496315	0.00242647320152423	0.000144691625972147
cpayroll_trx_tend6	0.000156690667759641	0.000666732175131147	0.000188099113763791
matm_rank_delta1	0.000151470460701392	0.000425541967935203	0.00024597576415265
mplazo_fijo_dolares_rank_lag1	0.000146047088529333	0.00126805745121864	0.00013745704467354
Master_mpagado_rank_delta1	0.00014293256028105	0.000668387891985911	0.000202568276361006
active_quarter_tend6	0.000142392477162725	0.00185878641318326	0.000231506601555435
rf_015_017	0.000140565028021107	0.000464512146826612	0.000202568276361006
vmr_msaldodolares2_tend6	0.000137767833854246	0.000726499721121475	0.00021703743895822
cforex_sell_tend6	0.000136097589294069	0.000819502433364912	0.000115753300777717
Visa_Fvencimiento_delta2	0.000132049437565794	0.000292151292251946	0.00021703743895822
cseguro_vida_lag2	0.000131712084634055	0.00263930330737364	0.000151926207270754
ctransferencias_recibidas_lag2	0.000130308221073198	0.00111801683696097	0.000180864532465184
vm_Fvencimiento_delta2	0.000129826935528167	0.00047099639149256	0.000231506601555435
vm_cconsumos	0.000129743236059952	0.000208688836646357	0.000231506601555435
mforex_sell_rank_tend6	0.000126557423444829	0.00157670462296777	0.000238741182854042
vmr_msaldodolares2_lag2	0.000125366582281235	0.00057982696299945	0.000188099113763791
ccomisiones_mantenimiento_delta2	0.000122406363604047	0.00111345414850518	0.00010851871947911
Visa_msaldodolares_rank_delta1	0.000121818068227281	0.000527726935762375	0.000202568276361006
vm_mpagado_rank_lag2	0.000119733851269863	0.000326061170347267	0.00021703743895822
ccajas_consultas	0.000119699785597216	0.000186723707825264	1.44691625972147e-05
vmr_mpagado_delta1	0.000119306023298751	0.000461022320918071	0.000180864532465184
rf_001_021	0.000118832894511584	0.000761145295945456	0.000737927292457949
rf_020_018	0.000118387852485779	0.000790232121181992	0.000166395369867969
mforex_buy_rank_tend6	0.000113092634429284	0.00216882574366193	0.000122987882076325
vm_mpagosdolares_rank_tend6	0.000112888057023552	0.000571518874815474	0.000166395369867969
vm_status04_tend6	0.000112276085729931	0.000510452776573432	0.000101284138180503
vmr_mpagado_lag1	0.000112195774488957	0.000247702815156961	0.000224272020256828
ccallcenter_transacciones_lag2	0.000111678471556232	0.00137522143200697	0.00021703743895822
mforex_sell_rank_lag2	0.000111145141366346	0.00040519301464599	0.000166395369867969
ctarjeta_visa_transacciones_delta1	0.000110408116100003	0.00117045144462245	0.000115753300777717
vmr_msaldodolares_lag2	0.000109928759051637	0.00106091034595973	0.000159160788569362
cproductos	0.000109267643446755	0.000226004970470363	1.44691625972147e-05
vmr_Master_mlimitecompra_delta1	0.000106723002829731	0.00123201378646669	0.000267679508048472
vm_mpagado_rank_lag1	0.000105974702303591	0.000467981669786672	0.000144691625972147
cforex_tend6	0.000104870108817479	0.00190906852810074	0.000159160788569362
mprestamos_prendarios_rank_tend6	0.000104166154682581	0.00227126666551377	0.000159160788569362
ccomisiones_mantenimiento_lag2	0.000104116010500084	0.00122843978316501	0.00010851871947911
cproductos_lag1	9.9963756827114e-05	0.000467111228396184	0.000122987882076325
mcheques_depositados_rank_tend6	9.81966240854706e-05	0.00130003208572281	0.00010851871947911
mtarjeta_visa_descuentos_rank	9.75311191166501e-05	0.000585310964278442	0.000188099113763791
vmr_msaldodolares	9.71135952912349e-05	0.000662423995920917	0.000115753300777717
cliente_edad_delta2	9.58001404541137e-05	0.000719119257164159	0.000159160788569362
vmr_mpagado	9.50793425694582e-05	0.000278847386044585	0.000188099113763791
vmr_mpagosdolares_lag2	9.33836254229128e-05	0.000302158516704854	0.000101284138180503
mcheques_emitidos_rank	9.16425670473224e-05	0.00184637249090481	0.00010851871947911
cprestamos_personales_lag1	9.00973873440316e-05	0.00229302488675877	0.000130222463374932
ctransferencias_emitidas_lag2	8.98127705466145e-05	0.000580799375378376	0.000101284138180503
vm_mpagado_rank_delta1	8.96538797107289e-05	0.00055723670107176	0.00013745704467354
ctarjeta_debito_lag2	8.66382272276085e-05	0.00102532178662598	0.00010851871947911
cliente_edad_tend6	8.44092819571453e-05	0.000993657855670469	0.000115753300777717
ctransferencias_recibidas_lag1	8.42561895427437e-05	0.000371856333650477	0.000101284138180503
vmr_mpagosdolares_lag1	8.4002236687725e-05	0.000232519555497524	0.000130222463374932
matm_other_rank_delta1	8.38307899050486e-05	0.00039278920582128	0.000130222463374932
internet_delta1	8.36558200800326e-05	0.00124843263642525	0.000144691625972147
ctarjeta_master_delta2	7.89840949899453e-05	0.00045491850940287	6.51112316874661e-05
mforex_sell_rank_delta2	7.83189200174326e-05	0.000346411112169552	0.000101284138180503
Master_msaldodolares_rank_lag2	7.73143349223498e-05	0.000243266126647358	0.000180864532465184
cpagomiscuentas_delta2	7.36420819267633e-05	0.00117506234307576	6.51112316874661e-05
ctarjeta_debito_lag1	7.29829046437358e-05	0.000530083066319227	0.00010851871947911
ccheques_depositados_tend6	7.21694401048152e-05	0.00104544786372793	8.68149755832881e-05
cprestamos_prendarios_tend6	7.07783861657491e-05	0.00251667304230323	0.000115753300777717
vmr_msaldodolares_delta2	6.96890058170127e-05	0.000461680379780068	0.000122987882076325
cextraccion_autoservicio_lag1	6.77988711809536e-05	0.000238660322941419	8.68149755832881e-05
catm_trx_other_lag2	6.50910364088904e-05	0.00041740063767639	0.000101284138180503
rf_018_018	6.3756061888577e-05	0.00057107281827694	0.00013745704467354
minversion2_rank_lag1	6.35139651022367e-05	0.000703358542108603	5.06420690902514e-05
ccomisiones_mantenimiento_lag1	6.34536967208986e-05	0.000242697568048888	4.34074877916441e-05
cpagomiscuentas_lag2	6.30425504630085e-05	0.000336480537050235	6.51112316874661e-05
ctransferencias_emitidas_delta1	6.19034278857333e-05	0.000626192661967274	6.51112316874661e-05
vm_mpagado_rank	6.02470977989331e-05	0.000119653107621265	0.00013745704467354
rf_008_021	5.60453806750978e-05	0.000244923288281228	5.06420690902514e-05
ccajas_consultas_delta1	5.52313338662606e-05	0.000690603880084302	3.61729064930367e-05
tcuentas_lag1	5.26425025055211e-05	0.00128978776541461	0.000115753300777717
vmr_mpagosdolares_delta2	5.01339782201564e-05	0.000371404117790493	7.95803942846808e-05
Master_msaldodolares_rank_delta1	4.858376063768e-05	0.000226921492710212	0.00010851871947911
cextraccion_autoservicio_delta1	4.71025975113401e-05	0.00121495786496366	7.95803942846808e-05
ccomisiones_mantenimiento	4.61953167885393e-05	0.00147994001009794	5.06420690902514e-05
ctransferencias_recibidas_delta1	4.33524617488066e-05	0.000372424740166935	7.23458129860734e-05
vmr_mpagosdolares_tend6	4.0750431563973e-05	0.000329019317545028	7.23458129860734e-05
mforex_sell_rank_delta1	4.05530173410778e-05	0.000564977143149333	7.23458129860734e-05
ctarjeta_visa_debitos_automaticos_lag2	4.01158845374571e-05	0.000358593413545105	4.34074877916441e-05
cpayroll_trx_lag2	3.90059396449085e-05	0.000315044501545733	5.06420690902514e-05
cseguro_vivienda_tend6	3.85980864250074e-05	0.00109999496656449	7.23458129860734e-05
vm_cconsumos_delta1	3.30388113330373e-05	0.000158468086820354	6.51112316874661e-05
cpayroll_trx_delta2	3.27320248124309e-05	0.00137996882406524	6.51112316874661e-05
ctarjeta_visa_debitos_automaticos_lag1	3.14324418073199e-05	0.000119415251355916	5.78766503888588e-05
vm_status03_tend6	2.91218690719943e-05	0.000316899217712012	5.06420690902514e-05
vmr_msaldodolares_delta1	2.86613332553878e-05	9.66273588548114e-05	5.78766503888588e-05
cprestamos_prendarios_delta2	2.84440985930047e-05	0.000601306722082142	2.89383251944294e-05
ctransferencias_emitidas_lag1	2.79147205197517e-05	0.000556315312207556	6.51112316874661e-05
ccuenta_debitos_automaticos_lag2	2.46617615183232e-05	3.01086642690674e-05	2.89383251944294e-05
ctransferencias_recibidas	2.34261610623148e-05	0.000512490827604083	4.34074877916441e-05
vm_msaldodolares_rank_delta1	2.30477912856367e-05	0.000820169389024558	5.06420690902514e-05
cliente_edad_delta1	2.1755769774618e-05	8.6108454475583e-05	3.61729064930367e-05
cseguro_accidentes_personales_tend6	2.1677032708308e-05	0.000125744828616583	2.89383251944294e-05
ctarjeta_master_transacciones_lag1	1.94874438784586e-05	0.000225365617695729	2.89383251944294e-05
ctarjeta_visa_debitos_automaticos_delta2	1.94804188151155e-05	0.000239563309882281	2.89383251944294e-05
ctarjeta_master_transacciones	1.92455286559989e-05	0.000361560533581521	3.61729064930367e-05
cpagomiscuentas_lag1	1.85462701532499e-05	0.000177058287692287	2.1703743895822e-05
ctransferencias_emitidas	1.6248787734311e-05	0.000450692606560641	2.1703743895822e-05
rf_018_010	1.58439474553996e-05	0.000369769692417281	2.89383251944294e-05
ctarjeta_debito	1.14397739507364e-05	0.000396109992574492	1.44691625972147e-05
cforex_sell_delta2	1.10923892718514e-05	0.0001317076601075	2.1703743895822e-05
cplazo_fijo_delta1	9.34058249028931e-06	0.000115239763700364	7.23458129860734e-06
ccuenta_debitos_automaticos_lag1	8.69291041648367e-06	6.93387513174335e-06	1.44691625972147e-05
ccuenta_debitos_automaticos_delta2	6.73493909634862e-06	0.000128028035849116	1.44691625972147e-05
vm_mpagosdolares_rank_delta1	6.64634667932129e-06	6.33354660115656e-05	2.1703743895822e-05
cpagomiscuentas	6.62885573254443e-06	0.000225705520990521	1.44691625972147e-05
cpayroll_trx	6.01019999240782e-06	0.000422840002885127	1.44691625972147e-05
cpayroll_trx_lag1	4.39086608497984e-06	2.90332923686318e-05	7.23458129860734e-06
cseguro_auto_delta2	1.03985220035887e-07	7.62082957584847e-07	7.23458129860734e-06
