Feature	Gain	Cover	Frequency
rf_009_015	0.108813120063892	0.00318454318660346	0.00265378580260751
rf_014_015	0.0411268456938727	0.00437724147177551	0.00135220148525233
vm_status06_delta2	0.0331191957388639	0.00309129547399622	0.000513402702956766
rf_018_027	0.0240738706591962	0.00187678803847457	0.00342027434505
rf_004_022	0.0177965865247457	0.00187351672695406	0.00313826440962305
mcaja_ahorro_rank_lag1	0.0126856296325779	0.00250405477499024	0.000968957214031079
mpayroll_rank	0.0101982127683376	0.00199639727319102	0.000426630415133087
cdescubierto_preacordado	0.00946882510468678	0.00359418302520056	0.0018728352121944
mcaja_ahorro_rank	0.00902171387428924	0.00315361182234431	0.000824336734324948
rf_017_021	0.00824552799078105	0.00229255410976103	0.000629099086721671
mpasivos_margen_rank	0.00808397040005389	0.00248185730897741	0.00194514545204746
Master_status	0.0077146486520885	0.0021297637155537	0.000665254206648203
rf_020_025	0.0077017153960679	0.00101663504798368	0.00347089151294715
rf_017_016	0.00675645456440887	0.0016277499890265	0.00305872314578467
mprestamos_personales_rank	0.006589971121859	0.00536992751360645	0.000744795470486576
mcomisiones_mantenimiento_rank_tend6	0.0053206849993965	0.00252995832874455	0.00159082527676744
foto_mes	0.00497838280863116	0.00690634131011567	0.00180775599632664
rf_016_022	0.00492215334928326	0.000987321487644862	0.000665254206648203
ccomisiones_mantenimiento_tend6	0.00476308891980418	0.00327546970228153	0.000448323487089007
rf_014_025	0.00468593102815792	0.00158132101530867	0.00420122493546311
ctrx_quarter_normalizado_delta1	0.00443556027866086	0.0016551823926612	0.000911109022148626
cdescubierto_preacordado_delta2	0.00442732476323756	0.00283923809861421	0.000361551199265328
mpasivos_margen_rank_lag1	0.0040897908015202	0.0017419012907019	0.00263932375463689
mcuentas_saldo_rank	0.0040012496356464	0.00666686932929792	0.00158359425278214
thomebanking	0.00375293624148804	0.00175251649823217	0.00475078275834641
mrentabilidad_annual_rank_lag1	0.00365603424653964	0.00184054910859524	0.00308041621774059
ctrx_quarter_normalizado_lag1	0.00356686769258162	0.00243912153000557	0.000629099086721671
mpayroll_sobre_edad_rank	0.00354580463070414	0.00133479473499542	0.000376013247235941
mcomisiones_rank_delta2	0.00350370449327486	0.00293231011554907	0.00641391827496692
mrentabilidad_annual_rank_delta2	0.00340896904926993	0.0032554747260914	0.00712255862552696
mprestamos_personales_rank_tend6	0.00339222433250162	0.00272174842658373	0.000592943966795138
Master_fultimo_cierre_tend6	0.00332562909563454	0.00210842802041157	0.00318888157752019
mrentabilidad_annual_rank_delta1	0.00332554322368979	0.00324036009200197	0.00582097430817178
mcuentas_saldo_rank_delta2	0.00329601234225968	0.00266618617691879	0.00448323487089007
mrentabilidad_annual_rank_lag2	0.00329270323793784	0.00271939869722664	0.00501109962181745
cdescubierto_preacordado_tend6	0.00327420271366891	0.00129079605278407	0.000159082527676744
mcuentas_saldo_rank_delta1	0.00325102174603407	0.00209087912774013	0.00296471983397569
rf_014_017	0.00323163225127688	0.00122414353829319	0.00107019154982537
mcuentas_saldo_rank_tend6	0.00313476542742851	0.00264762285725836	0.00304426109781406
mcomisiones_otras_rank_lag2	0.00312452726288528	0.00223223587055552	0.00432415234321332
mprestamos_personales_rank_delta2	0.00309251779552411	0.00398511085509447	0.000744795470486576
thomebanking_lag2	0.00304903188645084	0.00233549915196749	0.00615360141149588
cdescubierto_preacordado_delta1	0.00303275542063547	0.00301018624963589	0.000260316863471036
mprestamos_personales_rank_delta1	0.00299514846267106	0.00497847671635077	0.000802643662369028
mcomisiones_otras_rank_delta2	0.00299237650551658	0.00244349660400459	0.0056185056365832
rf_009_018	0.0029588736967806	0.00111811055154651	0.000752026494471882
mrentabilidad_rank_delta2	0.00295262797675934	0.00299200796517239	0.00614637038751058
mcomisiones_rank_lag2	0.00286421797504258	0.0022805005321886	0.00524249238934726
rf_006_019	0.00283636364396989	0.00152325439663059	0.00451215896683129
mactivos_margen_rank	0.00275586113392051	0.00385101408938324	0.00250916532290138
Master_Fvencimiento_lag1	0.00275331640218312	0.00183842908816978	0.00364443608859451
Master_fechaalta	0.00269603101166624	0.0024483565004083	0.00457723818269905
Master_mlimitecompra_rank_tend6	0.00266914416772218	0.00315076140228039	0.00515572010152358
mcomisiones_rank_delta1	0.00265357197000816	0.00245783552224653	0.00494602040594969
Master_mlimitecompra_rank_delta2	0.00264431045153967	0.00272300850709642	0.0057342020203481
chomebanking_transacciones_lag2	0.00264014058070642	0.00211740307107665	0.00449769691886068
thomebanking_lag1	0.00261302481573223	0.00210441295851761	0.00548834720484768
ctrx_quarter_delta2	0.00260784436146066	0.00231254054148078	0.00245131713101892
Visa_mpagospesos_rank_tend6	0.0025919235107445	0.00264371673736187	0.00472908968639049
mactivos_margen_rank_delta2	0.00257930392986546	0.00266877049776201	0.00520633726942072
ctrx_quarter_normalizado	0.00256758378483892	0.00284629995081121	0.0004410924631037
Visa_mpagominimo_rank	0.00253677974717525	0.00196983877052338	0.00238623791515116
mpasivos_margen_rank_delta2	0.00250728703898679	0.00234518400399421	0.00541603696499461
Master_mfinanciacion_limite_rank_delta2	0.00250043963303039	0.00201060558309986	0.00577758816425994
Master_mfinanciacion_limite_rank_tend6	0.00248242317850885	0.00277156261266394	0.00501833064580275
mactivos_margen_rank_delta1	0.00244547287117549	0.00223835142265689	0.00502556166978806
rf_003_018	0.00241818570922935	0.00113946158096139	0.00302256802585814
Master_Fvencimiento_lag2	0.00241315455840477	0.0027024099251052	0.00457000715871375
Master_fechaalta_lag1	0.00238285910327143	0.00190800335379435	0.00428076619930148
mrentabilidad_rank_delta1	0.00237258975277631	0.00261987713094608	0.00521356829340603
Visa_mfinanciacion_limite_rank	0.00235772712263847	0.00159747448915964	0.00284902345021078
mcomisiones_otras_rank_delta1	0.00234109044545548	0.0021517191136688	0.0040782975277129
mcomisiones_otras_rank_lag1	0.00233616869944413	0.00176203664033415	0.00372397735243288
Master_fechaalta_lag2	0.00233259377943405	0.0026395822817522	0.00447600384690476
tcallcenter	0.00229028328754186	0.00188792033904323	0.00141004967713478
mpasivos_margen_rank_delta1	0.00228902344656149	0.00321807573177687	0.00483755504617009
chomebanking_transacciones_delta2	0.00228576919032478	0.00288155191807065	0.00365166711257981
ctrx_quarter	0.00226544907647681	0.00213369150178582	0.000643561134692284
rf_013_026	0.00226026808433722	0.000923235136997626	0.00145343582104662
mcuenta_corriente_rank_tend6	0.00224907172475833	0.00461768897172602	0.00268270989854873
Visa_mfinanciacion_limite_rank_tend6	0.0022482888161156	0.00285233181287672	0.00420122493546311
mcuenta_corriente_rank	0.0022343528365137	0.00326763968693855	0.00189452828415032
Visa_mfinanciacion_limite_rank_delta1	0.0022314243283348	0.00229784969786468	0.00490986528602315
ctrx_quarter_normalizado_delta2	0.00223034999034425	0.00221761780751756	0.00274778911441649
mcomisiones_rank_tend6	0.00222292924356606	0.0024313996937609	0.00399152523988922
Master_mfinanciacion_limite_rank_lag1	0.00220912324686813	0.00210840986341199	0.00390475295206554
mrentabilidad_rank_lag2	0.00220784990945784	0.00236785507779434	0.00441815565502231
mrentabilidad_annual_rank_tend6	0.00220699978506545	0.00217730667459854	0.00357935687272675
Visa_cconsumos_tend6	0.00220405983709986	0.00227076937218397	0.00412891469561005
rf_009_026	0.00217164250739772	0.00125391850003304	0.000997881309972305
Master_Fvencimiento	0.00216425012151892	0.00199286772031097	0.00381074964025656
Visa_mlimitecompra_rank_delta2	0.00215261237572082	0.00252364007434117	0.00441815565502231
Master_mlimitecompra_rank_delta1	0.00214799801741045	0.00200898594822158	0.00477247583030233
chomebanking_transacciones_delta1	0.00214513029282856	0.00326036986843546	0.00383967373619778
Visa_mconsumospesos_rank_tend6	0.00211606512201563	0.00188383242028122	0.00407106650372759
Master_delinquency	0.00211374209168557	0.00193084142621664	0.000585712942809831
mcomisiones_rank_lag1	0.00207787540767077	0.00179363241345599	0.00381074964025656
mcomisiones_rank	0.00207374846219531	0.00169828558385978	0.00355766380077083
Visa_mlimitecompra_rank_tend6	0.00204816605960109	0.00250326830226484	0.00384690476018309
mrentabilidad_annual_rank	0.00204249387604805	0.00250400922991147	0.0030876472417259
rf_001_022	0.00201376438185401	0.0010584890681273	0.00357212584874144
Visa_Fvencimiento_lag1	0.002008977019288	0.00276064300837605	0.00345642946497654
Master_mfinanciacion_limite_rank_delta1	0.0020087966783896	0.00194977841387678	0.00491709631000846
Visa_mlimitecompra_rank_delta1	0.00198470584916326	0.00169165675321573	0.00414337674358066
Visa_msaldopesos_rank_tend6	0.00193188109407542	0.00148198658818762	0.00277671321035772
Visa_mfinanciacion_limite_rank_delta2	0.00192750152292296	0.00234418712368547	0.00391921500003616
Visa_mconsumospesos_rank_lag2	0.00192126915972591	0.00189501903926879	0.00431692131922802
internet	0.00191806926844931	0.00132110023765866	0.000108465359779598
Master_mfinanciacion_limite_rank	0.001897400406884	0.00279213846026073	0.00339135024910878
Visa_mconsumototal_rank_tend6	0.00189538928922879	0.00217304771384891	0.0037456704243888
vm_msaldototal_rank	0.00188688328369042	0.000696329707135322	0.000954495166060466
rf_006_014	0.0018718161762837	0.000778766910031966	0.000968957214031079
chomebanking_transacciones_lag1	0.00186296437722138	0.00161135513388703	0.00285625447419609
mcaja_ahorro_rank_delta2	0.001856421094028	0.00274405605523265	0.00227777255537157
Master_mlimitecompra_rank_lag2	0.00185105570072542	0.00155738375780272	0.00353597072881491
mactivos_margen_rank_tend6	0.00184291812732798	0.00251481287352979	0.00266101682659281
rf_010_019	0.00183853839568404	0.00112915511871385	0.00321057464947611
chomebanking_transacciones	0.00183535685579241	0.00227180699130688	0.00302979904984345
Visa_Fvencimiento	0.00183499073045398	0.0030602750794072	0.00326119181737326
mcomisiones_otras_rank_tend6	0.0018340108552337	0.00179230519781881	0.00300087495390222
Master_mlimitecompra_rank_lag1	0.00183066616869911	0.00159525567329531	0.00376013247235941
mactivos_margen_rank_lag2	0.00182668600082315	0.00221383359890394	0.00329734693729979
Visa_Fvencimiento_lag2	0.00181944187813182	0.00200885350893055	0.0029791818819463
rf_012_027	0.00181759059732735	0.00145153974117349	0.00426630415133087
Visa_mconsumospesos_rank	0.00181732703797507	0.00153009813596292	0.00332627103324102
mpasivos_margen_rank_lag2	0.0018161114927285	0.00288326638131227	0.00337688820113816
mcuentas_saldo_rank_lag2	0.00181080015111412	0.00255513964588122	0.00282009935426956
ccaja_ahorro_tend6	0.00180857959507102	0.00390018263391966	0.000282009935426956
Visa_fechaalta_lag1	0.00180768719709329	0.00205476210914367	0.00281286833028425
cprestamos_personales_tend6	0.00180305177217262	0.00359168605630909	0.000376013247235941
vm_Fvencimiento_lag1	0.00180164792200679	0.00316032953073839	0.00295025778600508
mcomisiones_otras_rank	0.00177077964929644	0.00175228038094775	0.00323949874541734
Master_mlimitecompra_rank	0.00176617216335188	0.00171359490981022	0.00392644602402146
rf_010_015	0.00176520263753449	0.00154239896914724	0.00153297708488499
rf_003_021	0.00176388681937124	0.000952549307655762	0.000802643662369028
rf_004_021	0.00174200443768916	0.000986438813337672	0.000766488542442495
Visa_mlimitecompra_rank_lag2	0.00173378597287854	0.00143986051820999	0.0027550201384018
mcuenta_corriente_rank_lag2	0.00171430936674982	0.00335425452553629	0.00190175930813563
rf_016_020	0.00170752471160019	0.00130166027059426	0.00394090807199207
mcuenta_debitos_automaticos_rank	0.00170574621669616	0.00236397070052339	0.000997881309972305
Visa_mpagospesos_rank_delta2	0.0016820609373759	0.00167780166560959	0.0037456704243888
Visa_mpagospesos_rank_delta1	0.00167860587274869	0.00163915113525277	0.00415060776756597
ctarjeta_visa_transacciones_tend6	0.00165555621569821	0.00285760596351448	0.00133050841329641
rf_011_026	0.00165332761939333	0.000975755784073683	0.000759257518457189
cliente_edad_lag2	0.00165049627751453	0.00326861116270585	0.00219100026754789
ctrx_quarter_tend6	0.00164849972629738	0.00192470985323328	0.00193791442806216
Master_mfinanciacion_limite_rank_lag2	0.001642301409733	0.00147214549441664	0.00334796410519694
Visa_mconsumospesos_rank_delta2	0.0016401738740164	0.00136554918294357	0.00365889813656512
Visa_mpagominimo_rank_tend6	0.00163799439355824	0.00170028163317467	0.00261039965869567
Visa_mpagospesos_rank	0.0016264238482608	0.00173163449920973	0.00323226772143203
Visa_msaldototal_rank_delta2	0.00161749325786525	0.00121096201433945	0.00221992436348911
Visa_fechaalta	0.00161739127605351	0.00224026652837283	0.00252362737087199
cliente_edad_lag1	0.00161098763483877	0.00268172788194786	0.00227777255537157
mactivos_margen_rank_lag1	0.00160796335436492	0.00226619716504668	0.00259593761072505
rf_007_020	0.00160708247649245	0.00207074797405316	0.000520633726942072
rf_004_019	0.00160291474365738	0.00100832364328215	0.00307318519375529
vm_mlimitecompra_rank_delta2	0.00159676422427172	0.00183093467215932	0.00302256802585814
vm_Fvencimiento	0.00159241941900981	0.00230454779975082	0.0025380894188426
mcuenta_corriente_rank_delta2	0.00159228981742045	0.00221618187875265	0.00151851503691438
ctrx_quarter_delta1	0.00159093312332196	0.00159088181993491	0.00106296052584006
Visa_mconsumospesos_rank_lag1	0.00158794974814307	0.00128188447532759	0.00320334362549081
vm_fechaalta_lag1	0.00157936082614211	0.00178343420659668	0.00256701351478383
mrentabilidad_rank_tend6	0.00157626833907047	0.00293656465148367	0.00268994092253404
rf_019_016	0.00157506168120861	0.000726156469726907	0.00106296052584006
Visa_mfinanciacion_limite_rank_lag1	0.00157487979290568	0.00138188895676499	0.00266101682659281
vm_mpagominimo_rank	0.00157385426256804	0.0011956015741465	0.00146789786901723
vm_fechaalta_lag2	0.00155642639556159	0.00172805840948203	0.00254532044282791
mcaja_ahorro_rank_tend6	0.00154304482482518	0.00156261335513059	0.00212592105168013
Visa_mconsumospesos_rank_delta1	0.00153645834004917	0.00126223768630582	0.00357935687272675
vm_msaldopesos_rank	0.00152443294097073	0.00100847210345516	0.000788181614398415
Visa_mpagominimo_rank_lag1	0.00152440924193701	0.00153393849395338	0.00224161743544503
Visa_mconsumototal_rank_delta1	0.00151753302559532	0.00147821717981736	0.00360104994468267
numero_de_cliente	0.0015156616857316	0.00283305388559006	0.00245854815500423
vm_mpagominimo_rank_lag1	0.00151356594141538	0.00209497124244742	0.00136666353322294
Visa_mpagospesos_rank_lag1	0.00151308130863223	0.00169892855525658	0.00310934031368182
rf_007_015	0.00151034297823113	0.00135832368888063	0.00222715538747442
cliente_antiguedad_lag2	0.00149579377742492	0.00273844111754819	0.00245854815500423
Visa_mconsumototal_rank_delta2	0.00148984862479464	0.00119022054133895	0.00323226772143203
Visa_mpagospesos_rank_lag2	0.00148497377640743	0.00158532020890048	0.00323949874541734
Visa_mlimitecompra_rank_lag1	0.00148147989332967	0.00166067679228123	0.0025380894188426
mrentabilidad_rank	0.00147773199375425	0.00207730959328281	0.00265378580260751
vmr_Master_mlimitecompra_lag1	0.00145246265029327	0.00177165595932457	0.00240793098710708
vm_Fvencimiento_lag2	0.00143898711302577	0.00150781377573783	0.00246577917898954
Visa_Fvencimiento_tend6	0.0014293990637775	0.000953150472179587	0.00101957438192822
mrentabilidad_rank_lag1	0.00142694411668185	0.00161293830218632	0.00266824785057812
vm_status01	0.00141851886873559	0.00170065080006944	0.000708640350560043
Visa_fechaalta_lag2	0.00141497071907289	0.00169795570627082	0.00241516201109239
Visa_fechaalta_tend6	0.00141232266950788	0.000679127170674316	0.000759257518457189
Visa_mpagominimo_rank_delta2	0.00140400174137598	0.000931191641018345	0.00218376924356258
Visa_Finiciomora_tend6	0.00140295043126127	0.00332422536580235	0.000658023182662897
Visa_mpagominimo_rank_lag2	0.00140054490671322	0.00119412048175239	0.0020897659317536
Master_msaldopesos_rank_lag2	0.00138880728390019	0.000667393400422174	0.0012075810055462
rf_015_025	0.00138208948848039	0.00113986729072506	0.00412168367162474
Visa_mlimitecompra_rank	0.00137490162580716	0.00134467282937478	0.00261763068268097
mprestamos_personales_rank_lag2	0.00137206031715918	0.00284835253095252	0.000889415950192707
rf_007_026	0.00134841760830976	0.00112638053082464	0.00322503669744673
Visa_fultimo_cierre_tend6	0.0013448794227156	0.00159781497104668	0.00219100026754789
Visa_mfinanciacion_limite_rank_lag2	0.00134347503124071	0.00118438756707974	0.00227777255537157
Master_fultimo_cierre_lag1	0.00134171668985148	0.00252734707756162	0.0018728352121944
vm_mpagospesos_rank_tend6	0.00132989941067444	0.00107499637460029	0.0015402081088703
Visa_cconsumos	0.00132933618533959	0.000972709985539523	0.00251639634688668
vmr_Master_mlimitecompra	0.00132219989025073	0.00195136394716341	0.00260316863471036
rf_017_017	0.00131828354764383	0.000551403435524859	0.000658023182662897
rf_010_017	0.00131716071012793	0.00126468834721938	0.00266824785057812
cproductos_delta2	0.00130565925565	0.00152400478422657	0.000195237647603277
Visa_msaldototal_rank_delta1	0.00130186616131678	0.000906181289579378	0.00211145900370952
ccomisiones_otras_tend6	0.00130150445552047	0.00130076554248063	0.00206084183581237
vm_mfinanciacion_limite_rank_tend6	0.0013014052852983	0.00296470174505576	0.00211869002769482
vmr_msaldopesos2_tend6	0.00129915097837163	0.00210847219227188	0.0019885315959593
vmr_Master_mlimitecompra_lag2	0.00129383242140733	0.0013606964577918	0.00226331050740095
mcomisiones_mantenimiento_rank	0.00129182259339572	0.00319967658801178	0.00206084183581237
mttarjeta_visa_debitos_automaticos_rank_tend6	0.00128843507680192	0.00199609012999649	0.00125819817344334
vm_Finiciomora_tend6	0.00128817660614634	0.00316675672713924	0.000737564446501269
Visa_msaldototal_rank	0.00128292436672592	0.000912088036185614	0.00156913220481152
cliente_edad	0.00125815272443522	0.00205205175736221	0.00143897377307601
rf_017_018	0.00125440005432859	0.000933118037641581	0.00246577917898954
vm_fechaalta	0.00124612550984538	0.00147040883081	0.00199576261994461
Master_msaldototal_rank	0.00124489549388711	0.001399800073949	0.0012075810055462
rf_013_021	0.00123746117052682	0.0011483501951537	0.00160528732473806
vmr_msaldototal	0.00123595490461017	0.000738501245901803	0.00108465359779598
mpasivos_margen_rank_tend6	0.00123007065632781	0.00239470897500973	0.00224884845943034
ccallcenter_transacciones_tend6	0.00122623212965624	0.00248498313563155	0.000744795470486576
ccaja_seguridad_lag1	0.00122487396743899	0.000765622997005919	5.78481918824525e-05
rf_013_016	0.00122329208954778	0.00159768138740693	0.00174267678045888
ctrx_quarter_normalizado_tend6	0.00121435286457894	0.00188572006162805	0.00162698039669398
rf_018_021	0.00121090187221522	0.00111352262868689	0.00133773943728171
Visa_mpagominimo_rank_delta1	0.00120127874556947	0.00117159214638172	0.00234285177123933
rf_017_020	0.00118883736402043	0.000889466779699451	0.00221269333950381
internet_lag2	0.00118745221502412	0.00316843136704564	0.0004410924631037
vm_mfinanciacion_limite_rank_delta1	0.00117891464213471	0.00212509660376315	0.0023139276752981
thomebanking_delta2	0.00116522744766138	0.0013483172748656	0.00122204305351681
mtransferencias_emitidas_rank	0.00116132585704583	0.00329970784720906	0.00159082527676744
mttarjeta_visa_debitos_automaticos_rank_delta2	0.00116089125036926	0.0013979249441481	0.00134497046126702
rf_020_016	0.00116080614706841	0.00134688111723096	0.00156913220481152
ctrx_quarter_normalizado_lag2	0.00116077288827604	0.00210520347460846	0.00203191773987114
mautoservicio_rank_delta2	0.00115979716752963	0.00128958639990466	0.00144620479706131
Master_fultimo_cierre_lag2	0.00115838248889054	0.00183797432399129	0.00207530388378298
Visa_msaldopesos_rank_delta1	0.00115219656368306	0.00134614469068927	0.00215484514762135
mtransferencias_recibidas_rank	0.00115027787364063	0.00272963977901773	0.00136666353322294
Visa_msaldopesos_rank_delta2	0.00112870146707633	0.00112708033820751	0.00229946562732749
rf_019_023	0.00112314532305577	0.000699280982465799	0.00185114214023848
cproductos_tend6	0.00111897226719365	0.00313899345414669	0.000390475295206554
cliente_antiguedad_lag1	0.00111850548985472	0.00194020792043143	0.00169929063654704
mtarjeta_visa_consumo_rank_delta2	0.00111556261786187	0.00172785524944054	0.00215484514762135
Visa_cconsumos_lag2	0.00111243244769585	0.00085466362600519	0.00208253490776829
vmr_Visa_mlimitecompra	0.0011103983319755	0.00130205034092552	0.00195960750001808
vm_mfinanciacion_limite_rank_delta2	0.00110636583917975	0.0016210306022543	0.00224884845943034
vm_mpagominimo_rank_lag2	0.00108933687017902	0.00094647769854496	0.00135220148525233
Visa_mconsumosdolares_rank_tend6	0.00108729953363517	0.00113996364488668	0.0022054623155185
mcuenta_corriente_rank_lag1	0.0010801205962984	0.00276782997603232	0.00127989124539926
rf_010_013	0.00107694673917389	0.00100013552308195	0.00212592105168013
Visa_mconsumosdolares_rank_lag2	0.00107287047786911	0.00120409264159595	0.00203914876385645
rf_009_025	0.00106892180425589	0.000964113180269	0.00221269333950381
Master_mconsumototal_rank_tend6	0.00105594243384088	0.00211694357692348	0.00222715538747442
rf_005_013	0.0010525475167951	0.0014373956673724	0.00146789786901723
vm_mlimitecompra_rank_delta1	0.00104893848863128	0.0020779750702043	0.00227054153138626
mcaja_ahorro_rank_delta1	0.00104835017711142	0.00177617148305562	0.00175713882842949
vm_mlimitecompra_rank_tend6	0.00104181338543939	0.00168964102110297	0.00203191773987114
mcomisiones_mantenimiento_rank_delta2	0.0010347491260158	0.00189188520217365	0.00138112558119355
Master_mpagospesos_rank_tend6	0.00102516152118254	0.00209451022249597	0.00210422797972421
vmr_mpagominimo_lag2	0.00102472669206929	0.00109024970375371	0.00179329394835603
mcuenta_corriente_rank_delta1	0.00102239782416321	0.00173778667046992	0.000932802094104546
vmr_Visa_mlimitecompra_lag1	0.00101899664884048	0.000937122724107207	0.0016486734686499
Visa_cconsumos_lag1	0.00101226950477389	0.000883310412493983	0.00201745569190053
mtransferencias_recibidas_rank_tend6	0.00101128015424542	0.00178151368429684	0.00185837316422379
Visa_msaldopesos_rank_lag2	0.00100995275648001	0.000883943542491854	0.00168482858857643
Visa_msaldototal_rank_tend6	0.00100485827702725	0.000887156797387663	0.0018728352121944
mcomisiones_mantenimiento_rank_lag1	0.000998967878568386	0.00154014750119964	0.00157636322879683
vm_Fvencimiento_tend6	0.000993837925593131	0.00150239719183027	0.000947264142075159
Visa_mconsumosdolares_rank_lag1	0.000993086997514026	0.00110001244778282	0.00236454484319525
mcuentas_saldo_rank_lag1	0.000992574390937118	0.00200989677350711	0.00130881534134049
Visa_mconsumosdolares_rank	0.000990596217098905	0.00143671066023288	0.00197406954798869
rf_005_022	0.0009781087064725	0.00088708447454901	0.00324672976940265
mcomisiones_mantenimiento_rank_lag2	0.00097681399034547	0.00149813540835382	0.00139558762916417
Master_Fvencimiento_tend6	0.000976553044498256	0.000879766898559641	0.0015402081088703
chomebanking_transacciones_tend6	0.00097017136243754	0.00209942329296986	0.00169205961256174
rf_002_017	0.000967753934089927	0.00119138564090848	0.00174990780444419
Master_fultimo_cierre	0.000961293018981667	0.0010246254247263	0.00157636322879683
rf_003_015	0.000955704813333282	0.000736406553727862	0.00104849847786945
tcallcenter_delta2	0.000947852386506652	0.000821021833674658	0.000817105710339641
mcaja_ahorro_dolares_rank_tend6	0.000944446185238751	0.0020994713556158	0.00115696383764905
Master_msaldopesos_rank	0.000940878825821771	0.000859308003401308	0.00142451172510539
vmr_Visa_mlimitecompra_lag2	0.000933731437450508	0.00131302563685078	0.00159082527676744
cliente_antiguedad	0.000926100011445428	0.00205549998519373	0.00157636322879683
Master_mpagominimo_rank_lag1	0.000920137444956655	0.00102802879408828	0.00152574606089968
cprestamos_personales	0.000912609913208685	0.00117982848180769	6.5079215867759e-05
Visa_cconsumos_delta2	0.000910689984891184	0.000904425858653844	0.00148959094097315
rf_008_013	0.000906115400178012	0.00127804365959765	0.0013232773893111
mcaja_ahorro_rank_lag2	0.000906077349638005	0.00161156210842423	0.00129435329336987
Master_msaldototal_rank_tend6	0.000901874893150879	0.000906400775662506	0.00146789786901723
Master_mpagominimo_rank	0.000898438841746435	0.00103310199709206	0.00146789786901723
mtransferencias_recibidas_rank_delta2	0.000887320432970551	0.00121085597135872	0.0014317427490907
Master_cconsumos_tend6	0.000885840510071417	0.00151855829467265	0.0019885315959593
vmr_msaldopesos2_lag2	0.000883688929897333	0.0011045845786302	0.00155467015684091
Visa_mpagosdolares_rank_tend6	0.000879013542732954	0.00108021086652515	0.00169929063654704
mtarjeta_visa_consumo_rank_lag2	0.000868239809894475	0.00142818198185573	0.00182221804429725
vmr_msaldopesos2_delta2	0.000865781692626861	0.00109385295269087	0.00171375268451765
ccajas_transacciones_lag2	0.000864978032344109	0.00124588334111079	0.0014317427490907
Visa_msaldototal_rank_lag2	0.000861326382463317	0.000790583760000661	0.0015402081088703
rf_018_025	0.000858670937875419	0.00103757479847116	0.00148235991698784
rf_001_013	0.000856355970950361	0.00129042917458673	0.00144620479706131
mcaja_ahorro_dolares_rank	0.000852147197573402	0.00385196298333595	0.0008821849262074
vm_mlimitecompra_rank	0.000851307512610261	0.000987025482777801	0.00148235991698784
Visa_msaldopesos_rank	0.000850358467403035	0.00112804464272289	0.00161251834872336
mpayroll_rank_lag1	0.000848491286210991	0.000395202887815427	0.000332627103324102
Master_mconsumospesos_rank_tend6	0.000847749241864663	0.00121782566533938	0.00172821473248827
ctrx_quarter_lag2	0.000847227482626564	0.00136352803424691	0.00151128401292907
Visa_msaldopesos_rank_lag1	0.00084337926552448	0.000863313452766076	0.00143897377307601
mplazo_fijo_dolares_rank	0.000834857248600349	0.00357285488275993	0.000224161743544503
vm_mpagospesos_rank_delta2	0.000833105257426043	0.0010894443111296	0.00171375268451765
ccajas_transacciones_delta1	0.000831766863769995	0.000835406068125622	0.000513402702956766
vmr_msaldopesos_tend6	0.000825074142882152	0.00117880322165088	0.0015402081088703
mtransferencias_emitidas_rank_tend6	0.000823285206562994	0.0015462393271377	0.00117142588561966
rf_011_016	0.00082076741089688	0.000963096083133006	0.00114250178967844
Master_fultimo_cierre_delta1	0.000818057865163664	0.000947714281764081	0.00127989124539926
mtransferencias_recibidas_rank_lag2	0.000813640945897137	0.00166084119704631	0.00164144244466459
vm_status02	0.000809377414334183	0.00127976865084742	0.000658023182662897
ctarjeta_visa_transacciones_delta2	0.000807236740800607	0.00152530125502834	0.000578481918824525
Visa_msaldototal_rank_lag1	0.000803738747681019	0.000827656157192533	0.00113527076569313
rf_001_015	0.00080059631717226	0.000898465709107675	0.00129435329336987
vm_mfinanciacion_limite_rank_lag2	0.000796205634542954	0.00106669999901185	0.00146789786901723
rf_001_019	0.000794774504764424	0.000875377558346664	0.00137389455720825
rf_004_023	0.000792953187314945	0.000819915553628975	0.000730333422515963
vmr_mpagominimo_lag1	0.000792166243625345	0.00100438921982749	0.00129435329336987
vmr_mpagominimo_delta1	0.000791948031386246	0.00100220343749601	0.000896646974178013
Master_msaldototal_rank_delta2	0.000790830488370102	0.000838678066255358	0.00135220148525233
rf_007_018	0.000789387403998667	0.00126591638596811	0.00131604636532579
vm_status01_delta2	0.000787095128647841	0.00121278892891458	0.000426630415133087
mtransferencias_recibidas_rank_lag1	0.000786636833989943	0.00244549547604631	0.00140281865314947
Master_fultimo_cierre_delta2	0.000786485962900088	0.00119575148382788	0.00112080871772252
vm_msaldopesos_rank_tend6	0.000783237434694867	0.00104101234571469	0.00126542919742865
vm_mpagominimo_rank_tend6	0.000783156203178713	0.000932140077231567	0.00145343582104662
cprestamos_personales_delta2	0.00078132593667883	0.00264720692464619	0.000159082527676744
mtransferencias_emitidas_rank_lag2	0.000781052750719354	0.00180562312813913	0.00139558762916417
Master_mpagospesos_rank	0.000778924638068611	0.00112039329835893	0.00140281865314947
cmobile_app_trx_lag2	0.000777696743683242	0.00152270549069799	0.00104849847786945
Master_msaldopesos_rank_tend6	0.000770766520729255	0.0010420048012084	0.00124373612547273
mpagomiscuentas_rank	0.000768987767313516	0.00197384460133771	0.000773719566427802
ccomisiones_otras_lag2	0.000768547008039665	0.00161571052508819	0.00107019154982537
vmr_mpagominimo	0.00076416321305976	0.000699288230007648	0.00141004967713478
vm_msaldopesos_rank_delta1	0.00076299640711225	0.00066403115132395	0.00107742257381068
internet_tend6	0.000761312328989819	0.00285909056524464	0.000527864750927379
mcomisiones_mantenimiento_rank_delta1	0.000759449121480258	0.00170811271657646	0.00107742257381068
Visa_mconsumosdolares_rank_delta2	0.000754780797433953	0.00102877864765486	0.00153297708488499
rf_015_029	0.000752426342075011	0.000857007175879222	0.00245854815500423
mautoservicio_rank_lag2	0.000751904973532021	0.00106955072423542	0.00177160087640011
vm_mconsumototal_rank_delta2	0.000748190374785362	0.000680642288370148	0.00114250178967844
active_quarter_lag2	0.000748132828057999	0.000893670582841116	0.00107742257381068
vmr_mpagominimo_tend6	0.000747292435233119	0.00111759567091564	0.00124373612547273
rf_015_019	0.000741261890766882	0.000676372113003137	0.00122927407750212
vmr_mpagospesos_tend6	0.000740559532557076	0.00163596641278486	0.00137389455720825
vm_mconsumospesos_rank_delta2	0.000737884632361528	0.000789776612708521	0.00125819817344334
rf_016_017	0.000737701252382317	0.000969868109945995	0.00125819817344334
Master_mpagominimo_rank_lag2	0.000735111031132387	0.000755279000120594	0.00148959094097315
vm_fultimo_cierre	0.000733257613662865	0.00133074953858536	0.00120034998156089
vm_msaldopesos_rank_delta2	0.000730477237497982	0.00106134345526676	0.00135943250923763
vm_mlimitecompra_rank_lag1	0.00072521438359812	0.000851552218144826	0.00127989124539926
vmr_mconsumospesos_lag1	0.000724061308062712	0.000913431730444259	0.00109188462178129
rf_017_015	0.000722507575201362	0.00102375854243135	0.00107742257381068
Master_mpagominimo_rank_tend6	0.000720685235474847	0.00150937115804612	0.00109188462178129
vm_fultimo_cierre_lag1	0.000717919218005819	0.00179206305363117	0.0012148120295315
mprestamos_personales_rank_lag1	0.000714834976627558	0.00117288289543991	0.000520633726942072
tcallcenter_delta1	0.000713383835842216	0.00042958720988078	0.000397706319191861
vm_fultimo_cierre_lag2	0.000711108688742931	0.00140644561208426	0.00125819817344334
Master_mpagospesos_rank_lag1	0.000708732026489046	0.0010278676697895	0.00151128401292907
vm_mfinanciacion_limite_rank	0.000708381272940728	0.000894503134674682	0.00118588793359028
rf_007_027	0.000708058328362413	0.000294334041650246	0.000144620479706131
Master_mpagospesos_rank_lag2	0.000706178458126083	0.00115453318753922	0.00158359425278214
Visa_fultimo_cierre_lag2	0.000702165187654711	0.000914256576996492	0.00109188462178129
rf_002_026	0.0006974501018345	0.00106263664560221	0.00128712226938457
ccaja_seguridad	0.000696637255549921	0.00349927341310258	0.000122927407750212
Visa_cconsumos_delta1	0.000695264553976095	0.000626514289092002	0.00130158431735518
vmr_msaldopesos_delta2	0.000688569838921612	0.000905584397290748	0.00113527076569313
Master_mpagospesos_rank_delta2	0.000685165560112214	0.000905854997616383	0.00142451172510539
Master_mconsumospesos_rank	0.000684896491460993	0.000832106681916691	0.0013232773893111
mtransferencias_emitidas_rank_lag1	0.00068316208258111	0.00118517152223797	0.00138112558119355
ccajas_transacciones_tend6	0.000681544457887268	0.00153774291939425	0.000542326798897992
ccaja_ahorro	0.000680734613349035	0.00247518560340158	0.000108465359779598
vm_mfinanciacion_limite_rank_lag1	0.000674815000044373	0.000730824954735908	0.00119311895757558
mttarjeta_visa_debitos_automaticos_rank_lag1	0.000673207828068676	0.00108516566758211	0.00124373612547273
Master_cconsumos_lag2	0.000671348691046926	0.000902797679305181	0.0014317427490907
mtarjeta_visa_consumo_rank_tend6	0.0006709117305715	0.00137103091843785	0.00107019154982537
mextraccion_autoservicio_rank_lag2	0.000670518881016958	0.000841740419700898	0.00151851503691438
mtransferencias_recibidas_rank_delta1	0.00066809322313962	0.00088850033906648	0.00116419486163436
Master_mconsumospesos_rank_lag2	0.000667992722920152	0.000803749644521995	0.00128712226938457
vmr_msaldototal_tend6	0.000667338238766268	0.00134527010311299	0.00116419486163436
vm_msaldototal_rank_tend6	0.000665715594603443	0.000788479379007618	0.00124373612547273
vmr_Master_mlimitecompra_tend6	0.000664355700590623	0.00131781755894094	0.00107742257381068
matm_rank_lag2	0.00066333366457235	0.000901137915932042	0.00123650510148742
mttarjeta_visa_debitos_automaticos_rank_lag2	0.000661796622383025	0.000840829212965801	0.00135220148525233
Visa_mpagado_rank_tend6	0.000658120282614342	0.000985230533676716	0.00102680540591353
mcaja_ahorro_dolares_rank_lag2	0.000657764634827168	0.0013472372385504	0.00119311895757558
mtarjeta_visa_consumo_rank_delta1	0.000656176141033202	0.000853554752102425	0.00108465359779598
vmr_mpagominimo_delta2	0.00065443529289383	0.000691932966800668	0.00107019154982537
vm_mpagominimo_rank_delta2	0.000653983500152904	0.00107393419012501	0.00127266022141395
vmr_msaldototal_lag2	0.000642442409383664	0.00102754175927608	0.00124373612547273
vm_mpagospesos_rank_delta1	0.000640010994499216	0.0010669593847201	0.00141004967713478
Master_msaldopesos_rank_lag1	0.000639053111571199	0.00101316187335023	0.00125819817344334
rf_011_024	0.000637827589812038	0.000533025195196256	0.00180052497234133
ccomisiones_otras_delta2	0.000636692267147366	0.00129170924305694	0.00114250178967844
ctransferencias_recibidas_tend6	0.000636240865837404	0.00155611192864324	0.00105572950185476
Master_mconsumototal_rank_lag2	0.000636088021042879	0.00116893817284684	0.00146066684503193
rf_019_020	0.000635058726735976	0.00128240828187843	0.00125096714945803
Visa_mconsumosdolares_rank_delta1	0.000634915354247632	0.000602223351543856	0.00119311895757558
vmr_msaldototal_delta2	0.000633889161922448	0.00099042732634149	0.00126542919742865
vmr_msaldopesos	0.000633446801883932	0.000604981613391431	0.00107019154982537
mtarjeta_visa_consumo_rank	0.000630793938481131	0.00190408868942746	0.000838798782295561
vm_mconsumototal_rank_tend6	0.000630430523827477	0.000726204990112332	0.00120034998156089
ctarjeta_visa_transacciones_lag2	0.000628604505837569	0.000798542781588548	0.00126542919742865
vmr_mpagospesos_lag2	0.000627720341087173	0.000549775866495509	0.00104849847786945
mautoservicio_rank	0.000625906465393195	0.00263539770366891	0.0012148120295315
Master_mconsumototal_rank_lag1	0.000622185329795609	0.000630736554392901	0.00130881534134049
vmr_msaldopesos2_lag1	0.00062131398430646	0.000879538639136382	0.00117865690960497
ctarjeta_visa_debitos_automaticos_tend6	0.000619048668731215	0.00152230481606866	0.000376013247235941
Master_msaldototal_rank_delta1	0.000618215480734901	0.00110607101131829	0.00101957438192822
thomebanking_tend6	0.000616766367071579	0.00417310453793376	0.000636330110706977
vmr_msaldopesos_lag2	0.000616234202424721	0.000553634076325889	0.00101957438192822
vmr_mpagospesos	0.000613608074433704	0.00083155655534546	0.0012075810055462
mautoservicio_rank_tend6	0.000613602947396477	0.00114608011246703	0.00101957438192822
vmr_msaldopesos2_delta1	0.000609217287856963	0.00114786979756404	0.00117865690960497
rf_007_025	0.000609064144900381	0.000841886743756316	0.00104849847786945
mttarjeta_visa_debitos_automaticos_rank	0.000607755462600739	0.000687340161386544	0.00126542919742865
Visa_fultimo_cierre	0.000592635415441225	0.00076095802133297	0.000990650285986999
vmr_mconsumospesos_lag2	0.000584157887212646	0.000703011711849566	0.0011063466697519
vm_msaldototal_rank_delta2	0.000579766879658247	0.000870654297179273	0.00117142588561966
vmr_mconsumospesos_tend6	0.000578678627937606	0.000917564049936327	0.00122927407750212
mextraccion_autoservicio_rank_delta2	0.000577359167948379	0.0010502665411758	0.00109188462178129
vmr_msaldopesos_delta1	0.000575684769528503	0.000600286045462891	0.00114973281366374
vm_msaldopesos_rank_lag1	0.000572679811859313	0.00080283355523239	0.000817105710339641
cmobile_app_trx_tend6	0.000571300335171906	0.00322272026175282	0.000780950590413108
vmr_msaldopesos_lag1	0.000569692050186628	0.000930288215854495	0.00106296052584006
vm_mconsumospesos_rank_tend6	0.000568382138437297	0.000653921745924763	0.00100511233395761
Master_msaldopesos_rank_delta2	0.000565511381576214	0.000916535509313204	0.00103403642989884
vmr_msaldototal_lag1	0.000565004301703594	0.000478614999525517	0.00101234335794292
ccomisiones_otras_delta1	0.000558087706989171	0.000908631645333278	0.000795412638383722
mttarjeta_visa_debitos_automaticos_rank_delta1	0.000557291145127708	0.00111535618048456	0.00101234335794292
Master_msaldopesos_rank_delta1	0.000555239168716868	0.00107440932371059	0.00104126745388414
Master_cconsumos	0.000552074649439569	0.000481710157634159	0.00128712226938457
mcuenta_debitos_automaticos_rank_lag2	0.000549088654497001	0.00133822785742393	0.000947264142075159
Master_Fvencimiento_delta2	0.000544726944184219	0.000542324477996649	0.000708640350560043
mcuenta_debitos_automaticos_rank_delta2	0.000544718393080535	0.00193977718757591	0.000629099086721671
Master_cconsumos_lag1	0.000544342133832755	0.000411621011378722	0.0012075810055462
mcaja_ahorro_dolares_rank_lag1	0.000543655595673487	0.00159041050084504	0.000940033118089853
Visa_mpagosdolares_rank_lag2	0.000541201408645136	0.000807929187470947	0.00113527076569313
mpayroll_rank_tend6	0.000540207383326267	0.00171140699136114	0.000556788846868605
vm_msaldopesos_rank_lag2	0.000539653901438401	0.000388811089934765	0.000831567758310254
ccomisiones_otras	0.000534512893541832	0.00192609665129344	0.000665254206648203
mcaja_ahorro_dolares_rank_delta1	0.000534218460574679	0.00167022165231541	0.000860491854251481
mcaja_ahorro_dolares_rank_delta2	0.000533542346428351	0.00186238518928454	0.000780950590413108
Visa_fultimo_cierre_lag1	0.000532913540487668	0.000498112412895302	0.000940033118089853
ctarjeta_debito_transacciones_tend6	0.000527839825091985	0.00123459891845324	0.000932802094104546
vm_mlimitecompra_rank_lag2	0.000525928050323241	0.000624402431687368	0.00109188462178129
tcallcenter_lag1	0.000525144098257088	0.00104116965551776	0.000730333422515963
Master_mconsumospesos_rank_lag1	0.000521624277518068	0.000795401391791906	0.00112080871772252
mcuenta_debitos_automaticos_rank_lag1	0.00052015343988772	0.000957714211136404	0.000643561134692284
vmr_mpagospesos_delta2	0.000519133885425714	0.000931072781332035	0.00117142588561966
rf_019_021	0.000517866324696842	0.000535425275896703	0.000737564446501269
rf_003_023	0.000515585331196627	0.00106096437068314	0.000773719566427802
vm_mconsumospesos_rank_lag2	0.000513772644221305	0.000675572289542759	0.00092557107011924
vm_msaldototal_rank_delta1	0.000512385051616348	0.000651922492433474	0.00116419486163436
ctransferencias_emitidas_tend6	0.000508852142448237	0.00180487335086246	0.000665254206648203
vmr_msaldototal_delta1	0.000502964471756554	0.00045819279981591	0.000860491854251481
mcuenta_debitos_automaticos_rank_tend6	0.00050186205892045	0.00312099460356136	0.000737564446501269
cpagomiscuentas_tend6	0.000498691090878696	0.0016876993664969	0.000455554511074313
vm_cconsumos_tend6	0.000496206411057855	0.00125799955270277	0.000867722878236787
ctarjeta_visa_transacciones	0.000494271697288503	0.0017959113457727	0.000470016559044926
matm_rank_delta2	0.000493924861560812	0.000679446825414776	0.000831567758310254
mextraccion_autoservicio_rank_tend6	0.000493488874676983	0.00153719271653311	0.000802643662369028
ctarjeta_visa_transacciones_lag1	0.000490664678329727	0.000969235895427095	0.000549557822883299
mtransferencias_emitidas_rank_delta1	0.000488582125393872	0.00191545062263784	0.000752026494471882
mautoservicio_rank_lag1	0.00048798513111405	0.000688043249235728	0.000961726190045772
Master_mpagospesos_rank_delta1	0.000484575330039144	0.000934247509821178	0.00115696383764905
cprestamos_personales_lag1	0.000484332507765631	0.00189326383721299	0.000180775599632664
vm_mpagospesos_rank_lag2	0.0004783180135089	0.000593210384791422	0.000817105710339641
vmr_msaldopesos2	0.000470345988984993	0.000588739795819831	0.000846029806280868
mpayroll_sobre_edad_rank_lag2	0.000468874867578835	0.000699235055937457	0.000506171678971459
ccomisiones_otras_lag1	0.000461428052195257	0.00085845866778662	0.000658023182662897
vm_status04_delta2	0.000460595899495332	0.00129337320237535	0.00023139276752981
vmr_mconsumospesos	0.000460447664437158	0.000883931107235841	0.000918340046133933
mpagomiscuentas_rank_tend6	0.00045440833353417	0.00167683743738413	0.000614637038751058
vmr_mpagospesos_delta1	0.000453632290213324	0.00113920456024048	0.000983419262001692
Master_mconsumospesos_rank_delta1	0.000453475148015445	0.000547481447326216	0.00104849847786945
vm_Fvencimiento_delta1	0.000452959081073404	0.000513796856353822	0.000289240959412262
Master_mpagominimo_rank_delta1	0.000451685253946543	0.000537727324057416	0.000817105710339641
mprestamos_prendarios_rank	0.000448699452341692	0.00519378295136956	0.000202468671588584
Visa_msaldodolares_rank_tend6	0.000447663952701219	0.0018420848245679	0.000665254206648203
vm_msaldototal_rank_lag1	0.00044745874850476	0.000802089804858943	0.000752026494471882
mpayroll_rank_lag2	0.000445474019290326	0.000489113636066907	0.000376013247235941
Visa_mpagosdolares_rank	0.00044545394492316	0.000458446311200766	0.000976188238016385
mplazo_fijo_dolares_rank_delta1	0.00044457546963677	0.00201990974845476	0.000224161743544503
active_quarter	0.000443272740105465	0.000645703262338713	0.000896646974178013
mpayroll_sobre_edad_rank_tend6	0.000434506152601008	0.00103761240939886	0.000455554511074313
rf_013_019	0.000434390272670443	0.000742189634383194	0.000679716254618817
Visa_fechaalta_delta2	0.000431370454619907	0.00065263725263953	0.000448323487089007
ccajas_consultas_tend6	0.000429649980046201	0.00261586862998474	0.000412168367162474
Master_cconsumos_delta2	0.000427055735219523	0.000672005812344246	0.000911109022148626
mtarjeta_visa_consumo_rank_lag1	0.000421368975033787	0.00126762085523097	0.00069417830258943
Master_mpagado_rank_tend6	0.000420122597499073	0.00115196595563678	0.000686947278604123
cextraccion_autoservicio_tend6	0.000419631862019579	0.00129841291410681	0.000549557822883299
rf_019_015	0.000415908030468966	0.000794678544854947	0.000686947278604123
vm_mconsumospesos_rank_delta1	0.000412652921280843	0.00046684598333302	0.000889415950192707
ctrx_quarter_lag1	0.000412116268789496	0.00141626824369601	0.000629099086721671
vmr_mpagospesos_lag1	0.000411950376801551	0.000558625572831575	0.000780950590413108
ctarjeta_debito_tend6	0.000411486485728096	0.00474584443149989	0.000318165055353489
thomebanking_delta1	0.000410372814800728	0.00115712406931506	0.00065079215867759
ccomisiones_mantenimiento_delta2	0.000397158148045562	0.00150259760543485	0.000166313551662051
rf_010_018	0.000397144743397487	0.000765754825977641	0.000773719566427802
mpagomiscuentas_rank_lag2	0.000393198470307672	0.000794998886204635	0.000766488542442495
rf_016_014	0.000387544841021857	0.000798936056096202	0.00041939939114778
Master_mpagominimo_rank_delta2	0.000386408756525182	0.000586416691642802	0.000867722878236787
vm_mpagominimo_rank_delta1	0.000386243504498827	0.000546102125677643	0.0008821849262074
rf_003_017	0.000383970555005364	0.00059776229881154	0.000542326798897992
mautoservicio_rank_delta1	0.000383231931068999	0.000761994877556739	0.00069417830258943
mpagomiscuentas_rank_delta2	0.000383162024031586	0.000781681337333889	0.000527864750927379
vmr_Visa_mlimitecompra_tend6	0.000378065747045064	0.000985976801617332	0.000578481918824525
vm_fultimo_cierre_delta1	0.000377336016509721	0.000788256765038008	0.000535095774912685
vm_fechaalta_delta2	0.000376922508743681	0.00135955287197808	0.000274778911441649
vmr_mconsumosdolares_lag1	0.000375812498432676	0.000701046712529749	0.000520633726942072
ccajas_transacciones_delta2	0.000375736625961596	0.000862517443801407	0.000571250894839218
Visa_mpagado_rank_lag1	0.000374550063698926	0.000714235712895083	0.000549557822883299
catm_trx_tend6	0.000374116185951829	0.00224401442298729	0.000527864750927379
vm_msaldototal_rank_lag2	0.000367970944537541	0.000569225751248753	0.000592943966795138
rf_012_022	0.000367143717460892	0.000556060171887075	0.000527864750927379
vmr_mconsumospesos_delta2	0.000366053865333284	0.000386086014199864	0.000831567758310254
mplazo_fijo_dolares_rank_delta2	0.00036358660796477	0.00127631645594037	0.000180775599632664
Master_mconsumosdolares_rank	0.000363195678634018	0.00055229396769321	0.0010991156457666
vm_mconsumospesos_rank_lag1	0.000362643299185286	0.000529829105531139	0.000752026494471882
matm_rank_tend6	0.000362610359272703	0.000935523763795678	0.000571250894839218
ctarjeta_debito_transacciones_lag2	0.00036260502322499	0.000392469420189965	0.000759257518457189
rf_002_016	0.000362577977620282	0.000634749175009603	0.00067248523063351
vm_mconsumototal_rank_delta1	0.000356008169917331	0.000571731646060183	0.000802643662369028
rf_006_017	0.000355064857217429	0.000909789344781126	0.000535095774912685
cmobile_app_trx_delta2	0.000354442131520476	0.00159856146785703	0.000600174990780444
mextraccion_autoservicio_rank	0.000347511168904644	0.000791587964141157	0.000752026494471882
vm_mconsumospesos_rank	0.000345923532093384	0.0006552374417849	0.000759257518457189
Master_cconsumos_delta1	0.000345422119247099	0.000601108527027784	0.000976188238016385
ctarjeta_debito_transacciones_delta2	0.000344356048030875	0.000800519758424892	0.000600174990780444
cprestamos_personales_lag2	0.000341240264769412	0.002330745756284	0.000318165055353489
mtarjeta_master_consumo_rank_delta2	0.000337908682380566	0.000575749835840621	0.000600174990780444
rf_001_017	0.000335054995032689	0.000753159742594284	0.000701409326574736
Visa_mpagado_rank_delta2	0.000334864898629407	0.00106559722830222	0.000506171678971459
vm_mpagospesos_rank	0.000332668333252782	0.00055692911400971	0.000585712942809831
vm_mpagado_rank_tend6	0.000330434538885764	0.00101336983965631	0.000556788846868605
vm_cconsumos_lag2	0.000325035589954863	0.000538883726576722	0.000448323487089007
vmr_mconsumospesos_delta1	0.000324586894258681	0.000869290843832852	0.00065079215867759
rf_004_017	0.000324187278458797	0.000388297963971917	0.000397706319191861
matm_rank	0.000323548547070588	0.000907654066372835	0.000520633726942072
ctarjeta_master_delta2	0.000322562204236635	0.000714520503144758	0.000101234335794292
rf_005_017	0.000319097899984578	0.000399349778681105	0.000455554511074313
tcallcenter_tend6	0.000318650369523798	0.00151795117953552	0.000354320175280021
Master_mconsumosdolares_rank_delta1	0.000316995607368473	0.000494956375435136	0.000947264142075159
ccajas_consultas_delta2	0.000315306733802171	0.000582162003128372	0.000144620479706131
mtarjeta_master_consumo_rank_lag2	0.00031340729923768	0.000422572733720491	0.000723102398530656
Master_status_delta2	0.000312808046676031	0.000739037258838909	0.000325396079338795
mv_status07_rank_lag2	0.000310874417646961	0.00110145699730802	0.000520633726942072
Visa_mpagado_rank_delta1	0.000310736247014867	0.000510297132830226	0.000404937343177167
vm_cconsumos_delta2	0.000308231982308333	0.000397867770808031	0.000188006623617971
mpagomiscuentas_rank_lag1	0.000306810558156409	0.000754713920726182	0.00069417830258943
vm_mconsumosdolares_rank_lag1	0.000305766418928462	0.0015466538102415	0.000556788846868605
matm_other_rank_lag2	0.000304352295471404	0.000708315615553864	0.00046278553505962
vmr_mpagado_tend6	0.000304123361536506	0.000554533000384801	0.000470016559044926
mpayroll_rank_delta1	0.000302891084026405	0.0015688855304258	0.000332627103324102
ctarjeta_master_transacciones_tend6	0.000302796887759849	0.00113189789370884	0.000347089151294715
matm_other_rank_delta2	0.000298554701730436	0.00140798750753998	0.000520633726942072
cmobile_app_trx_lag1	0.000297322324388391	0.00128365257037888	0.000347089151294715
Visa_mpagosdolares_rank_delta1	0.000296982727827939	0.000319795876801394	0.000686947278604123
Visa_fultimo_cierre_delta2	0.000292242236429897	0.00018946890091	0.000535095774912685
vm_status02_tend6	0.000291447852990146	0.000941194087957836	0.000426630415133087
rf_018_015	0.000290871860939251	0.00135378199770901	0.0004410924631037
ccajas_consultas_delta1	0.00029069123013644	0.00125948781634881	9.40033118089853e-05
Visa_mpagado_rank_lag2	0.000284770635153115	0.000564868147640079	0.000535095774912685
mextraccion_autoservicio_rank_lag1	0.00028458006414647	0.000827211005543228	0.000614637038751058
ccajeros_propios_descuentos_delta1	0.000281588427916478	0.000192573595257915	0.00025308583948573
mcuenta_debitos_automaticos_rank_delta1	0.00027684534571821	0.00114560597065033	0.000455554511074313
vm_mconsumosdolares_rank_tend6	0.000276211625577171	0.000888234163555868	0.000361551199265328
ccaja_ahorro_lag1	0.000272020483225872	0.000683723485424493	0.000122927407750212
mpayroll_sobre_edad_rank_delta1	0.000262481044951068	0.000874017232886725	0.000361551199265328
Master_mpagosdolares_rank_delta1	0.000261144493205385	0.000209817175692756	0.000759257518457189
rf_005_020	0.000258676556199911	0.000567023185136145	0.00069417830258943
catm_trx_other_tend6	0.000258325344044418	0.000476837444524868	0.000282009935426956
vmr_mconsumosdolares_lag2	0.000256434712105654	0.000461809552067875	0.00046278553505962
mpagomiscuentas_rank_delta1	0.000256370085974962	0.000638116077792593	0.00041939939114778
vm_cconsumos_lag1	0.000253573127233987	0.000416866324428922	0.000332627103324102
matm_other_rank_tend6	0.00025073748048595	0.000841236295947924	0.000376013247235941
vmr_mconsumosdolares_tend6	0.000249445154741271	0.000807209086970899	0.000390475295206554
Master_mpagado_rank_lag1	0.000246368980334851	0.000896799842541401	0.000361551199265328
mcajeros_propios_descuentos_rank_delta2	0.000238943166370265	0.00050887478367005	0.000296471983397569
mtarjeta_visa_descuentos_rank_delta2	0.000236085313051807	0.000326372906593712	0.000368782223250635
ccaja_seguridad_lag2	0.000235293369770423	0.000204614584994503	3.61551199265328e-05
matm_rank_lag1	0.000232112194771328	0.000363511218271444	0.00046278553505962
cmobile_app_trx	0.000230973893256698	0.00139690845733142	0.000245854815500423
cpayroll_trx_tend6	0.000230863595170332	0.000977809584853618	0.00025308583948573
vm_fultimo_cierre_delta2	0.000229500796519676	0.00066076418832855	0.000361551199265328
vm_mpagospesos_rank_lag1	0.000228241661354726	0.000573083655919476	0.000426630415133087
Master_mpagado_rank_delta2	0.000221270695837918	0.000391127175439689	0.000274778911441649
vm_status04_tend6	0.000219438189209461	0.000820244897188537	0.000144620479706131
Master_msaldodolares_rank_tend6	0.000215977690421577	0.000564863112505742	0.000361551199265328
mtarjeta_master_descuentos_rank_delta2	0.000213684785017232	0.000617371324325786	0.000376013247235941
ccomisiones_mantenimiento_delta1	0.000211815284055267	0.00192253078441425	0.000115696383764905
vmr_mconsumosdolares	0.000208453576366402	0.00124703989620993	0.000296471983397569
rf_001_021	0.000208188738773986	0.000571219359286391	0.000592943966795138
ctarjeta_debito_lag2	0.000207966380028917	0.00129432491905489	0.000224161743544503
mv_status07_rank	0.000207828032313211	0.00124717210663122	0.000368782223250635
vmr_Visa_mlimitecompra_delta2	0.000205210914887169	0.00108756468022376	0.000289240959412262
ccallcenter_transacciones_delta2	0.000204991307191037	0.0010840871570652	0.000289240959412262
ccajas_extracciones_tend6	0.000202904741047324	0.00236573932960408	0.000260316863471036
mv_status07_rank_delta2	0.000202181186608413	0.00133975357941784	0.000383244271221248
Visa_msaldodolares_rank_delta1	0.000201512811702602	0.000584759216967089	0.000260316863471036
Visa_Fvencimiento_delta2	0.000200240954555258	0.000209242178609499	0.000245854815500423
ctarjeta_debito_transacciones_lag1	0.000196183648105134	0.000466299976417155	0.000310934031368182
Visa_msaldodolares_rank_lag2	0.000196019265645699	0.000645162290557185	0.000325396079338795
minversion2_rank	0.000195542654444037	0.00224439861899515	9.40033118089853e-05
vmr_msaldodolares2_tend6	0.000194326362510587	0.000834429709803806	0.000282009935426956
mtarjeta_master_consumo_rank_tend6	0.000193247374311654	0.000501165306391482	0.000274778911441649
mv_status07_rank_tend6	0.000193112776135786	0.0010299567165098	0.000289240959412262
mtarjeta_master_consumo_rank	0.000193096690903145	0.00108183263752102	0.000303703007382876
vm_Fvencimiento_delta2	0.000190751224577986	0.000443453969843786	0.000202468671588584
mpayroll_sobre_edad_rank_lag1	0.000188740671610518	0.000716344823862807	0.000260316863471036
cproductos_lag2	0.000183857575292502	0.000863058644452678	0.000267547887456343
ctarjeta_visa_transacciones_delta1	0.000177875527134334	0.0011279457709941	0.000180775599632664
ccuenta_debitos_automaticos_tend6	0.000176613389808538	0.00110402316115166	0.000166313551662051
Master_msaldodolares_rank_lag2	0.000176608957875915	0.000209438014819227	0.000310934031368182
cextraccion_autoservicio_lag2	0.000173256008214748	0.00061544347819418	0.000296471983397569
cproductos_lag1	0.000167200804788493	0.000933397182437605	0.000144620479706131
tcuentas_lag2	0.000166686647731896	0.00110560472736276	0.000144620479706131
vmr_Master_mlimitecompra_delta1	0.000164091247855174	0.000717799214786943	0.000289240959412262
vmr_mpagado_lag2	0.000162683822811972	0.000394538402662824	0.000274778911441649
Master_mpagado_rank_delta1	0.000160826182627897	0.000650618011190723	0.000245854815500423
mv_status07_rank_lag1	0.000159003803105019	0.000690384357832506	0.000303703007382876
cpagomiscuentas_delta2	0.000156958600510978	0.000976286685586538	9.40033118089853e-05
vmr_mconsumosdolares_delta2	0.000155548527504013	0.000656110122113331	0.000274778911441649
matm_rank_delta1	0.000153411407631569	0.000325855203236012	0.000274778911441649
active_quarter_tend6	0.000149691252400851	0.00145776476930173	0.00020969969557389
ctarjeta_debito_transacciones	0.000148431719388131	0.000539795085891648	0.000274778911441649
mv_status07_rank_delta1	0.000145285141490622	0.00100397832234966	0.000267547887456343
ccomisiones_mantenimiento_lag2	0.000144338662895383	0.00113398373625274	0.000115696383764905
vm_mconsumosdolares_rank_delta2	0.000143747232822697	0.000237878894829619	0.000245854815500423
mforex_sell_rank_tend6	0.000141980886416121	0.00201946757211211	0.000195237647603277
mtarjeta_master_consumo_rank_lag1	0.000141292791542671	0.000745785025459186	0.000289240959412262
vmr_mpagado_lag1	0.000140087291443837	0.000282651995959926	0.000224161743544503
vm_mpagado_rank_delta2	0.000137786823054112	0.000451919022432501	0.000173544575647357
minversion2_rank_lag1	0.000136224337357056	0.000934044654939344	7.23102398530656e-05
Visa_msaldodolares_rank_lag1	0.000135223389723596	0.000232005792075541	0.00020969969557389
cforex_buy_tend6	0.000134687306156797	0.00276587359747281	0.000159082527676744
mtarjeta_master_consumo_rank_delta1	0.000132746861401203	0.00119820992631269	0.000188006623617971
internet_delta2	0.000131016678597372	0.00131569479207857	0.000188006623617971
mtarjeta_visa_descuentos_rank	0.000130969936747416	0.00105007047609633	0.000238623791515116
rf_008_014	0.00012698388725131	0.000501793401255016	0.000202468671588584
ctransferencias_recibidas_lag1	0.000119745026606721	0.000539753279018671	0.000122927407750212
cseguro_vida_lag2	0.000118948211638081	0.00217141739838265	0.000130158431735518
matm_other_rank_delta1	0.000115941574442933	0.000865356801827767	0.000224161743544503
mcheques_depositados_rank_tend6	0.000115212429191861	0.00155296199437621	0.000122927407750212
mtarjeta_visa_descuentos_rank_lag2	0.000113343704250804	0.000413557020531146	0.000180775599632664
ctarjeta_visa_debitos_automaticos_lag2	0.000111977445219652	0.000569780836664406	0.000115696383764905
ctransferencias_emitidas_lag2	0.000111372555007578	0.000592560242142686	0.000159082527676744
mforex_buy_rank_tend6	0.00011090141467486	0.00238367829260677	0.000122927407750212
vmr_mpagado	0.000109811115308404	0.000174543618387593	0.000180775599632664
catm_trx_other_lag2	0.000107898674492537	0.000319558538878346	0.000137389455720825
vmr_mpagado_delta2	0.000106869018374371	0.000836358166254725	0.000173544575647357
ccheques_depositados_tend6	0.00010663795420855	0.0010571945045734	0.000101234335794292
cforex_tend6	0.000106049964225164	0.00198882153213203	0.000144620479706131
ctarjeta_debito_lag1	0.000103330285196228	0.000497296873712601	0.000101234335794292
tcuentas_lag1	0.000102864823316933	0.000800771438851808	0.000101234335794292
cproductos_delta1	0.00010088750764126	0.000987684017317097	0.000101234335794292
rf_015_017	0.000100650870499914	0.000579031827949117	0.000188006623617971
rf_020_018	0.000100253244273357	0.000927743794636398	0.000202468671588584
vm_mpagado_rank_lag2	9.98666513417354e-05	0.000297454833170056	0.000151851503691438
vm_mpagosdolares_rank_tend6	9.88621570443931e-05	0.000518861286017475	0.000151851503691438
ctarjeta_debito_transacciones_delta1	9.84915254069568e-05	0.00132964249564054	0.000173544575647357
vmr_msaldodolares_lag2	9.43575435400242e-05	0.000612308954489816	0.000151851503691438
ccallcenter_transacciones_delta1	9.16677467798502e-05	0.00125365980093402	0.000101234335794292
cforex_sell_tend6	9.00493634236072e-05	0.00200571395009185	0.000122927407750212
ccallcenter_transacciones_lag2	8.88590939891017e-05	0.00106693970192224	0.000166313551662051
vm_cconsumos	8.86942005650822e-05	0.000131710264615505	0.000151851503691438
cliente_edad_delta2	8.81285467391698e-05	0.000659852676433797	0.000130158431735518
vmr_msaldodolares2_lag2	8.79216724852578e-05	0.000542143289450446	0.000180775599632664
internet_delta1	8.6389993443393e-05	0.00175506458136615	0.000144620479706131
mcheques_emitidos_rank	8.45447358192005e-05	0.00171374596384032	7.95412638383722e-05
mforex_sell_rank_lag2	8.26038599179007e-05	0.000209382933501181	0.000144620479706131
vm_cconsumos_delta1	8.12078358388825e-05	0.000324786762987767	0.000115696383764905
mprestamos_prendarios_rank_tend6	7.72049039376579e-05	0.00140846859173887	0.000108465359779598
mplazo_fijo_dolares_rank_lag1	7.65792676479294e-05	0.000849360561489948	0.000122927407750212
ctransferencias_recibidas_delta1	7.49829164714404e-05	0.00039888494423394	7.23102398530656e-05
mforex_sell_rank_delta2	7.44149505627684e-05	0.000494419675888803	0.000115696383764905
vmr_mpagosdolares_tend6	7.3714934547977e-05	0.000537409423984982	0.000115696383764905
cextraccion_autoservicio_lag1	7.30725234142094e-05	0.000439182268678491	9.40033118089853e-05
mforex_sell_rank_delta1	7.16254104800693e-05	0.000421247654200909	8.67722878236787e-05
vm_msaldodolares_rank_delta1	7.12616071820033e-05	0.000606638630327659	9.40033118089853e-05
vm_mpagado_rank_lag1	7.09035551866283e-05	0.000155166056473003	0.000144620479706131
rf_018_018	7.03109268152234e-05	0.00058766960090356	0.000137389455720825
cpayroll_trx_delta2	7.02491335704159e-05	0.00115384543396279	6.5079215867759e-05
cseguro_vivienda_tend6	6.66213413979059e-05	0.00175148086264703	9.40033118089853e-05
vm_status03_tend6	6.63585962110066e-05	0.000875672495154926	9.40033118089853e-05
vm_mpagado_rank	6.55956439410612e-05	0.000173924296864191	0.000115696383764905
ctransferencias_recibidas_lag2	6.52507339035751e-05	0.00126068892475783	0.000115696383764905
vmr_mpagosdolares_lag1	6.38953009833064e-05	0.000184322764748248	8.67722878236787e-05
cliente_edad_tend6	6.2461177491043e-05	0.000990193192594838	0.000101234335794292
vmr_msaldodolares_delta2	6.18073017673891e-05	0.000332919725580009	8.67722878236787e-05
vm_mpagado_rank_delta1	5.97835489063273e-05	0.000589810829925158	0.000130158431735518
vmr_mpagado_delta1	5.81260276391924e-05	0.000410011904508606	0.000130158431735518
rf_008_021	5.75343756788293e-05	0.000525847077170028	6.5079215867759e-05
vmr_msaldodolares	5.61209193035907e-05	0.000339592956954121	0.000130158431735518
vmr_mpagosdolares_lag2	5.54402849919536e-05	8.48307226644713e-05	9.40033118089853e-05
cpagomiscuentas_lag2	5.47645129344628e-05	0.000247586023511277	6.5079215867759e-05
ccomisiones_mantenimiento	5.21198583457928e-05	0.00112275790424928	4.33861439118394e-05
Master_msaldodolares_rank_delta1	5.18551035943162e-05	5.72542073818634e-05	0.000115696383764905
ctransferencias_emitidas_delta1	4.95392444791571e-05	0.000446612601161035	6.5079215867759e-05
cprestamos_prendarios_delta2	4.16012596687704e-05	0.000531141520924967	2.89240959412262e-05
ccomisiones_mantenimiento_lag1	4.03103050978389e-05	0.000735754351251443	7.23102398530656e-05
vmr_msaldodolares_delta1	3.84827999581884e-05	0.000300173653131993	5.78481918824525e-05
ccuenta_debitos_automaticos	3.42608475368203e-05	0.000212112052601535	7.23102398530656e-06
vm_mpagosdolares_rank_delta1	3.17804204697058e-05	4.18131287496122e-05	2.16930719559197e-05
catm_trx_delta1	3.04676490131076e-05	0.000161295417048847	4.33861439118394e-05
cextraccion_autoservicio_delta1	2.99247618255981e-05	0.000337159766430915	3.61551199265328e-05
ctarjeta_master_transacciones_lag1	2.92775019392378e-05	0.000383087210252846	5.78481918824525e-05
vmr_mpagosdolares_delta2	2.7949534992154e-05	0.000565872122910832	7.23102398530656e-05
ccajas_consultas	2.78831944633798e-05	0.000155980832756562	7.23102398530656e-06
cprestamos_prendarios_tend6	2.67520542075357e-05	0.00168578639689856	7.23102398530656e-05
cplazo_fijo_delta1	2.66263952183194e-05	0.00013166502469639	1.44620479706131e-05
cpayroll_trx_lag2	2.49052203037712e-05	0.000342756165666221	3.61551199265328e-05
cseguro_accidentes_personales_tend6	1.97906902709682e-05	0.000180001780298386	2.89240959412262e-05
ccuenta_debitos_automaticos_delta2	1.94938654957456e-05	0.000305276456622484	2.89240959412262e-05
ccuenta_debitos_automaticos_lag2	1.87264898374746e-05	4.45913785547045e-05	3.61551199265328e-05
ctarjeta_visa_debitos_automaticos_delta2	1.82754649451379e-05	0.000188144660579473	3.61551199265328e-05
ctarjeta_visa_debitos_automaticos_lag1	1.73417559009632e-05	0.000143617136682946	2.16930719559197e-05
ctransferencias_recibidas	1.47769498593885e-05	0.000331886912721692	2.16930719559197e-05
ctransferencias_emitidas	1.23980341374008e-05	0.000682216073009994	2.89240959412262e-05
ctarjeta_master_transacciones	1.17063854084797e-05	5.83678875492231e-06	1.44620479706131e-05
ccuenta_debitos_automaticos_lag1	1.15941081393861e-05	0.000376337231225057	2.16930719559197e-05
cpagomiscuentas_lag1	1.01045731459734e-05	5.87424710279007e-05	1.44620479706131e-05
rf_018_010	8.74785820956105e-06	0.000303617379858573	1.44620479706131e-05
cliente_edad_delta1	8.23227917010197e-06	8.17660042315919e-05	2.16930719559197e-05
cseguro_vida	7.76374543427836e-06	1.29867558028137e-05	7.23102398530656e-06
ctarjeta_visa_debitos_automaticos	4.47629389051391e-06	3.08211253331496e-06	7.23102398530656e-06
cpayroll_trx_lag1	4.2840742000397e-06	0.000111619239423401	7.23102398530656e-06
ctransferencias_emitidas_lag1	3.952081901382e-06	9.11434079041169e-05	1.44620479706131e-05
cproductos	3.37357935364678e-06	0.000423410778427879	1.44620479706131e-05
cpayroll_trx	1.71948838321732e-06	0.000148701706883945	7.23102398530656e-06
