Feature	Gain	Cover	Frequency
rf_003_021	0.106504463651584	0.00396995381400402	0.0013078601673483
rf_018_027	0.0447229245625537	0.0025159744745335	0.00447996300417648
Master_status	0.0393762686595384	0.00319849070997569	0.0007514776652167
rf_001_013	0.0159578499224188	0.00155238370052338	0.00158243854502363
rf_017_021	0.0139836753814699	0.0021009683764206	0.000657542957064613
rf_007_026	0.0139479147423099	0.00157863715358522	0.00354784166943654
rf_019_015	0.012734001223195	0.00152281735868868	0.000989927308987384
mpayroll_rank	0.0105720081847087	0.00198481855651196	0.00037573883260835
mcaja_ahorro_rank_lag1	0.00957745944881491	0.00198811421191406	0.00120669971241528
rf_013_026	0.00844918550643358	0.00169270150887757	0.0015029553304334
mcomisiones_mantenimiento_rank_tend6	0.00766438202500904	0.00387103494613216	0.00182088818879431
mcuentas_saldo_rank	0.00740474027227365	0.00680774901587793	0.00164024451927107
foto_mes	0.00589605637683809	0.00623228595047411	0.00158966429180456
cproductos_tend6	0.00581016932398497	0.00294562478061579	0.000296255618018122
mprestamos_personales_rank_lag1	0.00556591851545349	0.00194745645754414	0.00074425191843577
mpasivos_margen_rank	0.00538846751067688	0.00207972824696446	0.00249288263942078
mprestamos_personales_rank	0.00529098421848733	0.00424148484442138	0.000838186626587858
cdescubierto_preacordado	0.00525541688545269	0.00334283628964925	0.00174140497420408
mcuentas_saldo_rank_delta2	0.00522381534774972	0.00273847588488686	0.0049929910256225
rf_020_025	0.00512384555144899	0.00104393614979537	0.00268797780250589
rf_010_019	0.00496054267504075	0.00152863588886744	0.00344668121450352
mtarjeta_visa_consumo_rank	0.00495450433610571	0.00121080740791547	0.000794832145902279
rf_003_018	0.004668825006957	0.0011954702370378	0.00246397965229706
thomebanking	0.00428792080974596	0.00238891623327647	0.00558550226165874
cdescubierto_preacordado_delta2	0.0042691800200657	0.00294035431697803	0.000310707111579982
rf_009_026	0.00414047756451316	0.00153663806852483	0.000924895587959016
mpayroll_sobre_edad_rank	0.00401557742552926	0.00201346200599172	0.000346835845484631
mcuenta_corriente_rank	0.00388001532710551	0.00249272945402785	0.00160411578536642
rf_007_020	0.00384151383506369	0.0010737173796698	0.000556382502131595
mrentabilidad_annual_rank_delta1	0.00380411157642712	0.00290211792678421	0.00636588291399916
mactivos_margen_rank	0.00378240184495202	0.00273252810442744	0.0023989479312687
mrentabilidad_annual_rank_delta2	0.00351835129241361	0.00310957090080502	0.00682833070797867
mcomisiones_otras_rank_lag2	0.00349919465019004	0.00266750961996536	0.00481957310288018
mcaja_ahorro_rank	0.00328476258842383	0.00303464662948172	0.000939347081520875
mprestamos_personales_rank_delta1	0.00321338892382728	0.00535822117700948	0.000823735133025998
cdescubierto_preacordado_tend6	0.00314379286904815	0.000838250503296511	0.000122837695275807
mcuentas_saldo_rank_tend6	0.00314212506957624	0.00309460318920916	0.0029336531930575
rf_020_016	0.00305185808143152	0.00159155228002215	0.00143792360940503
Master_mfinanciacion_limite_rank	0.00305118672196867	0.00231587334717893	0.00389467751492117
mcomisiones_rank_lag2	0.00296389488253798	0.00244126441098529	0.0045088659913002
Master_mfinanciacion_limite_rank_delta2	0.00292881092170005	0.00271953686393634	0.00658988106420799
Visa_mpagominimo_rank	0.00292422570177547	0.00244536738933932	0.00270242929606775
mcomisiones_otras_rank_delta2	0.00292225218737372	0.00241716354198374	0.00597569258782895
rf_016_022	0.0028914139490008	0.000865828658357736	0.000455222047198578
mactivos_margen_rank_delta1	0.00287348590365561	0.00282310284628534	0.00564330823590618
mprestamos_personales_rank_delta2	0.00282920830906008	0.0046339948178069	0.000845412373368788
mrentabilidad_annual_rank_lag1	0.00282600091092014	0.00239666837788798	0.00338164949347515
Master_delinquency	0.00278322082735173	0.00159860428115423	0.000650317210283683
Master_mlimitecompra_rank_tend6	0.00277788108950253	0.00312765301507022	0.00551324479384944
rf_004_022	0.00273630717808584	0.00163871585860714	0.00278913825743891
mpasivos_margen_rank_delta2	0.00272513307247056	0.00292723934390831	0.00575169443762013
mrentabilidad_rank_delta2	0.00268572110065251	0.00230494534932605	0.00584562914577222
mpasivos_margen_rank_delta1	0.0026701304957024	0.0027634941285413	0.00478344436897553
Master_mlimitecompra_rank_delta2	0.00266115759605357	0.00267143399106021	0.00573724294405827
thomebanking_lag1	0.00265301186741606	0.00190447582620028	0.00539040709857364
mcomisiones_rank_delta2	0.00264995403256841	0.00191082156147123	0.00558550226165874
mcomisiones_rank_delta1	0.00264928075170169	0.0022482443849722	0.00439325404280532
Master_fechaalta	0.00264340682486265	0.00231394517486326	0.00456667196554764
mactivos_margen_rank_delta2	0.0026187028714792	0.003294882772653	0.00548434180672573
thomebanking_lag2	0.00259417461950057	0.00198324654052523	0.00573724294405827
mcuentas_saldo_rank_lag1	0.00255698242549051	0.00324559661723662	0.00148127809009061
rf_006_019	0.00251562221913458	0.00171317981752737	0.00520253768226946
Master_fechaalta_lag1	0.00249135250216414	0.00340850699672646	0.00442938277670997
Master_Fvencimiento_lag2	0.00248545277502225	0.00224319810632418	0.00480512160931832
mcomisiones_rank	0.00248088958484734	0.00173065989759052	0.00398861222307325
ccomisiones_mantenimiento_tend6	0.0024754581198552	0.00322661761184255	0.000491350781103227
Visa_cconsumos_tend6	0.00245298931024737	0.00180278540903516	0.00355506741621747
mcuentas_saldo_rank_delta1	0.00244110498395736	0.00261281951787282	0.0028613957252482
mcomisiones_otras_rank_delta1	0.00241801642462112	0.00230686036985877	0.00451609173808113
Visa_mfinanciacion_limite_rank_tend6	0.00241703191862226	0.00264782948848739	0.00414035290547278
chomebanking_transacciones_lag2	0.0024072224186541	0.00208962836495373	0.00458834920589043
Master_fechaalta_lag2	0.00239483128925773	0.00242933861608265	0.00429931933465324
Master_mfinanciacion_limite_rank_tend6	0.00239395028330741	0.0025594507164565	0.00480512160931832
ctrx_quarter_normalizado_delta2	0.00238466279525741	0.00181806407715421	0.00216772403427894
mrentabilidad_annual_rank_lag2	0.00238005343746169	0.00311719938842286	0.00440770553636718
mrentabilidad_rank_delta1	0.00231717872256101	0.00249741300045545	0.0047256383947281
Master_Fvencimiento_lag1	0.00229590557145141	0.00215940363766912	0.00426319060074859
Visa_mlimitecompra_rank_delta2	0.00229346358890925	0.00369472728374904	0.00490628206425134
mrentabilidad_rank_lag2	0.00226170623052721	0.00225405732186396	0.0040969984247872
mprestamos_personales_rank_lag2	0.00225938467353791	0.00230166806106908	0.000881541107273437
rf_001_015	0.00225071760491346	0.00135474195657953	0.00161856727892828
Visa_mpagospesos_rank_tend6	0.00224296652729228	0.00243636333104438	0.00427764209431045
rf_013_021	0.00223118380246006	0.00108343752987061	0.00127173143344365
mcomisiones_otras_rank	0.00221244748656389	0.00189561507698846	0.00346113270806538
vm_Fvencimiento_delta1	0.00220764948051511	0.000349378020952827	0.000281804124456263
Visa_mconsumospesos_rank_tend6	0.00219745160712249	0.00217644993564996	0.00464615518013787
Visa_fechaalta	0.00219551669273011	0.00215298224185376	0.00333106926600864
mcomisiones_otras_rank_lag1	0.00219160773044439	0.00192298983292379	0.00406809543766348
rf_012_027	0.00216118967139044	0.00146763572760482	0.00513750596124109
mrentabilidad_annual_rank	0.00215453266142663	0.00257749141016391	0.00314319984970447
mactivos_margen_rank_lag2	0.00214289055430637	0.00291838290303917	0.00395970923594954
mcomisiones_rank_tend6	0.00213658833415973	0.00205286988747212	0.00339610098703701
Master_Fvencimiento	0.00212379226415161	0.00187876484639245	0.00380074280676908
Visa_mpagospesos_rank_delta2	0.00210310883303067	0.001749477831436	0.00453776897842392
Visa_mpagospesos_rank	0.00208601177291886	0.00115440749845512	0.00299145916730494
mcomisiones_otras_rank_tend6	0.0020666141022608	0.00244301510981616	0.00312874835614261
chomebanking_transacciones_delta1	0.00201797010342733	0.00259219638844071	0.00362009913724583
active_quarter_lag2	0.00200788916179939	0.00137675335496193	0.000997153055768313
chomebanking_transacciones_lag1	0.00200573735763835	0.00196715435148758	0.00346113270806538
rf_019_021	0.00200286993329512	0.000891888160413614	0.00108386201713947
Visa_mfinanciacion_limite_rank_delta2	0.00199712527556979	0.00232097782624573	0.00421261037328208
vm_fechaalta	0.00199326182732383	0.00200480117899766	0.00282526699134356
Master_fultimo_cierre_tend6	0.00198016460281862	0.00213320543721264	0.00317210283682819
chomebanking_transacciones_delta2	0.00197962511457515	0.00188273948148533	0.00365622787115048
tcallcenter	0.00197148369808682	0.00158745927888276	0.00152463257077619
mcomisiones_rank_lag1	0.00196844756160122	0.00181358680208096	0.00342500397416073
Master_mlimitecompra_rank_delta1	0.00196543453707383	0.00176811972791091	0.00406809543766348
Visa_mlimitecompra_rank_delta1	0.00196389481986077	0.00166590407086255	0.00407532118444441
Visa_mconsumototal_rank_tend6	0.00196079151929593	0.00171063124386451	0.00427764209431045
Visa_mconsumospesos_rank_delta2	0.00195764115950765	0.00163316414333526	0.00430654508143417
Visa_mlimitecompra_rank_tend6	0.00192524753156741	0.00200874981286449	0.00369235660505513
vm_Finiciomora_tend6	0.00192028032996534	0.00355684331108927	0.000917669841178086
mcuenta_corriente_rank_lag2	0.00191222524630108	0.00278390947491988	0.00183533968235617
vm_Fvencimiento	0.00191218385700541	0.00300203602782005	0.00309984536901889
mcuentas_saldo_rank_lag2	0.00188981909878529	0.00235675626914307	0.00313597410292354
Master_Fvencimiento_tend6	0.00188656645381286	0.00129679013673167	0.00196540312441291
mrentabilidad_annual_rank_tend6	0.00187856587252797	0.00265513658885764	0.0032732632917612
cliente_edad_lag2	0.00186651533232918	0.00289012282047376	0.00262294608147752
vm_mpagominimo_rank	0.00186514456460727	0.00195869367346615	0.00129340867378644
ctrx_quarter_normalizado_tend6	0.00186132522956934	0.00294844122737496	0.00221830426174545
Master_mfinanciacion_limite_rank_lag2	0.0018499747004284	0.00172139310597651	0.00359842189690305
Master_mlimitecompra_rank	0.00184983128635281	0.00190103194869268	0.00378629131320722
mttarjeta_visa_debitos_automaticos_rank_tend6	0.00183756711460522	0.00207875826517979	0.00138011763515759
Visa_msaldopesos_rank	0.00183388299528555	0.00104368717293893	0.00174863072098501
Visa_mfinanciacion_limite_rank_delta1	0.00183387505243411	0.00194742660148516	0.00410422417156813
Master_msaldototal_rank	0.00182300188426012	0.00214216217932297	0.00136566614159573
cdescubierto_preacordado_delta1	0.0018181442084414	0.0029674995213915	0.000310707111579982
chomebanking_transacciones	0.00180637777351825	0.00257071159047082	0.00342500397416073
Visa_fechaalta_lag1	0.00180394750728223	0.00203276338123787	0.0028108154977817
mcuenta_corriente_rank_tend6	0.00180194396435215	0.0047398334131318	0.00221830426174545
vm_status01	0.00179832310463903	0.0027007460650913	0.000794832145902279
Master_mfinanciacion_limite_rank_delta1	0.0017924827165434	0.00173093653854212	0.00460280069945229
rf_013_016	0.00178658927674547	0.00110653772959395	0.00187869416304175
Visa_Finiciomora_tend6	0.00178357411812677	0.00318612319657	0.000606962729598104
vm_Fvencimiento_lag1	0.00178120625970165	0.00238468937117389	0.00308539387545703
mrentabilidad_rank_tend6	0.00176989494945484	0.00252471829381304	0.0026663005621631
Visa_mconsumototal_rank_delta1	0.00176864806127231	0.00157319140842649	0.00377906556642629
mpasivos_margen_rank_tend6	0.00176330714187196	0.00234817767858489	0.00311429686258075
mpasivos_margen_rank_lag2	0.00175355846358135	0.00280895628968899	0.00310707111579982
Master_mlimitecompra_rank_lag2	0.00174872585243965	0.00149171067096527	0.00387300027457838
Master_mpagominimo_rank_lag2	0.0017483913262049	0.000455080941275512	0.00135121464803387
Visa_Fvencimiento_lag1	0.00173981206210997	0.00245008729213242	0.00289029871237192
Visa_Fvencimiento	0.00172370915221196	0.0024798302004324	0.00305649088833331
Visa_mconsumospesos_rank_lag2	0.00172038160820767	0.00127283567579659	0.00360564764368398
mactivos_margen_rank_lag1	0.00171996110067151	0.00239660670056106	0.00256514010723008
Visa_msaldototal_rank_delta2	0.0017106251306307	0.00102469176560865	0.00243507666517335
Visa_fechaalta_lag2	0.0017100978822836	0.00161563515980335	0.00274578377675333
Visa_mpagominimo_rank_tend6	0.00170324857696096	0.00165835540096189	0.00257959160079194
Visa_mpagospesos_rank_delta1	0.00169423264973564	0.00175284884504268	0.00423428761362487
rf_009_015	0.00169405608971064	0.00100935724020457	0.00192927439050826
Visa_mfinanciacion_limite_rank	0.00167895406713348	0.0013565834329467	0.00263017182825845
vm_fechaalta_lag2	0.00167646982330008	0.00166748115104155	0.00260849458791566
Master_mfinanciacion_limite_rank_lag1	0.0016743759670029	0.00250566219176033	0.00348280994840817
cliente_edad_lag1	0.00166592932302675	0.00246541403228568	0.0021821755278408
rf_010_017	0.00166274436366282	0.00124232520223335	0.00265184906860124
Visa_Fvencimiento_lag2	0.0016623439447306	0.00190903495978462	0.00314319984970447
Visa_mconsumototal_rank_delta2	0.00165004903152548	0.00137335497959993	0.00388745176814024
mprestamos_personales_rank_tend6	0.00164653544201811	0.00219937999362957	0.000513028021446016
rf_009_018	0.00163619143035692	0.00112358712655812	0.000628639969940893
rf_017_016	0.00162725532463622	0.00121927178959991	0.00291920169949564
rf_016_014	0.00162270830090693	0.00111657261556592	0.000527479515007876
Visa_mconsumospesos_rank_lag1	0.00161188949819403	0.00150201713369657	0.00340332673381794
Visa_fultimo_cierre_tend6	0.00158113102033667	0.00118869691765122	0.00186424266947989
mactivos_margen_rank_tend6	0.00157494037254492	0.00237272147544884	0.00257236585401101
ccaja_ahorro_tend6	0.0015585858769946	0.0045893113329115	0.000238449643770684
vmr_Master_mlimitecompra	0.00152710446914552	0.00185454122741674	0.00262294608147752
vm_fechaalta_lag1	0.00152618828850778	0.00161031201344885	0.00240617367804963
ctrx_quarter_delta2	0.00152597278882249	0.0014840335822185	0.00214604679393615
mcomisiones_mantenimiento_rank_lag2	0.00152500687777709	0.0012449371916772	0.00156076130468084
mpayroll_rank_delta1	0.00149962672251258	0.00185592473451459	0.00036851308582742
rf_001_022	0.00149635171990858	0.00100391414051941	0.00400306371663511
rf_010_013	0.00147492862835012	0.00126060595377199	0.00250733413298264
mrentabilidad_rank_lag1	0.00147215438325051	0.00139007505289576	0.00256514010723008
mrentabilidad_rank	0.0014668001715197	0.00128163981187378	0.00254346286688729
Visa_mpagospesos_rank_lag1	0.00146634917434214	0.0015709976305633	0.00279636400421984
numero_de_cliente	0.00145835037458595	0.00318847048748584	0.00218940127462173
internet	0.00145802634727717	0.00171648099063152	0.000137289188837666
rf_010_015	0.00145679351421983	0.00146259874590681	0.00144514935618596
cliente_antiguedad_lag1	0.00145555323243725	0.00173124167502344	0.00216049828749801
mcuenta_corriente_rank_lag1	0.00145195878102112	0.00281456643213454	0.00151740682399526
Visa_mlimitecompra_rank	0.00144314796972102	0.00136274542118122	0.00255791436044915
Visa_mfinanciacion_limite_rank_lag1	0.00142676653762897	0.00119647219126032	0.00242062517161149
Master_mlimitecompra_rank_lag1	0.001426725376324	0.00136588098763921	0.00301313640764773
ctarjeta_visa_transacciones_tend6	0.00142217247840853	0.00219686407266918	0.00136566614159573
Visa_mfinanciacion_limite_rank_lag2	0.00141913020254687	0.00168948181635972	0.00236281919736405
mcomisiones_mantenimiento_rank	0.00140533880715817	0.00284000250944484	0.0021099180600315
Visa_msaldototal_rank_tend6	0.00140002950657494	0.0015198868542257	0.00256514010723008
Visa_mconsumospesos_rank	0.00139899531538703	0.00185332453632441	0.00325881179819934
rf_004_019	0.00139753897755563	0.00112688436924438	0.00337442374669422
mpasivos_margen_rank_lag1	0.00139139503147705	0.00116246712268169	0.00221830426174545
mtarjeta_visa_consumo_rank_delta2	0.00139027699956694	0.00122517663780237	0.00207378932612686
rf_006_014	0.00138965980192018	0.00119100414853855	0.0011633452317297
rf_017_018	0.00138130117546237	0.00108014905503965	0.00263017182825845
mcaja_ahorro_rank_tend6	0.00137912836418933	0.00207124277707633	0.00208824081968872
rf_016_020	0.00137695919499395	0.00104991476891825	0.00359842189690305
vm_mlimitecompra_rank_delta2	0.00136921413964006	0.00155472524698231	0.00276746101709612
vm_mlimitecompra_rank_tend6	0.00136650189197686	0.00172642139540418	0.00216049828749801
Visa_msaldototal_rank	0.00136197673143519	0.00113479259679716	0.00158966429180456
vm_mfinanciacion_limite_rank_delta2	0.00136104850293411	0.00159315165776419	0.00252901137332543
Visa_mconsumospesos_rank_delta1	0.00134353057982614	0.00129496294592184	0.00324436030463748
Visa_Fvencimiento_tend6	0.00132721801283589	0.00121914715000177	0.0011633452317297
ctrx_quarter_lag2	0.00132152812461235	0.00169087454482261	0.00214604679393615
Master_mpagospesos_rank_tend6	0.00132108092983457	0.00231158737763806	0.00263017182825845
vmr_Master_mlimitecompra_lag1	0.00132024682421677	0.00132154458887762	0.00226165874243103
rf_018_025	0.00131788837362557	0.0010856396976643	0.00163301877249014
Visa_mpagospesos_rank_lag2	0.00131675219646386	0.00136216273672879	0.00269520354928682
mtransferencias_recibidas_rank	0.00131493744212808	0.00228590005592253	0.00169082474673758
mcuenta_corriente_rank_delta2	0.00131465976066909	0.00223709242888445	0.00166192175961386
vm_mpagominimo_rank_lag2	0.00131420135229366	0.00134431342413871	0.00156798705146177
Visa_mpagominimo_rank_lag1	0.00130850007206598	0.00123867694299539	0.00217494978105987
mcaja_ahorro_rank_delta2	0.00130816400848088	0.00190233662067782	0.00241339942483056
Master_mpagominimo_rank_lag1	0.00129945106886557	0.000990528648879806	0.0017703079613278
cliente_edad	0.0012988807611776	0.00246402440280612	0.00158966429180456
Visa_mlimitecompra_rank_lag1	0.00128639306488231	0.00131809300170416	0.00222553000852638
Master_fultimo_cierre	0.00127727386112652	0.00141565035770138	0.00195095163085105
rf_002_017	0.00127497233280262	0.00143239235063545	0.00223998150208824
mtransferencias_recibidas_rank_tend6	0.00127043952767405	0.0017761120059386	0.00200875760509849
vm_Fvencimiento_lag2	0.00126609515853144	0.00153551684123629	0.00245675390551614
rf_014_025	0.00125952260143286	0.000798960383182947	0.00312874835614261
ctrx_quarter_delta1	0.00125395936172089	0.00101922440315152	0.000910444094397156
rf_007_015	0.00124756125593709	0.00129684674986631	0.00208101507290779
cliente_antiguedad_lag2	0.00124336724329417	0.00240415733567067	0.00208824081968872
Visa_mlimitecompra_rank_lag2	0.00124196950101554	0.00138209479287662	0.00235559345058312
vmr_msaldopesos2_tend6	0.0012356625627615	0.00231352764354724	0.00192204864372733
rf_007_018	0.0012311418089637	0.00133701085886604	0.00142347211584317
Visa_msaldopesos_rank_tend6	0.00123038208263807	0.00180310573809333	0.00229056172955475
rf_008_013	0.00122747021079568	0.00135735439953313	0.00131508591412923
Master_status_delta2	0.0012190800317427	0.00141186914451974	0.000484125034322297
mcaja_ahorro_rank_delta1	0.00120636379072434	0.00161446820361434	0.00158966429180456
rf_015_019	0.00120587176314733	0.00102013822531131	0.00154630981111898
cprestamos_personales_tend6	0.00119262705141873	0.00509015019928105	0.000491350781103227
rf_015_025	0.00118714704397793	0.00101768451077256	0.00359119615012212
vmr_Master_mlimitecompra_lag2	0.00117793402122832	0.00166222829869934	0.00208824081968872
vmr_mpagominimo_delta2	0.00117581917788738	0.00153674071289977	0.00153185831755712
Visa_mpagominimo_rank_lag2	0.00117329593225053	0.00096395267479598	0.00205211208578407
Visa_mpagominimo_rank_delta2	0.00116007341212168	0.00115049658148306	0.00221107851496452
Visa_mconsumosdolares_rank_tend6	0.00115938400084638	0.00114716683726424	0.00230501322311661
ccomisiones_otras_tend6	0.00115712786631927	0.00124772022988429	0.00221107851496452
Visa_cconsumos	0.0011532857438228	0.0009979037001286	0.00242785091839242
vm_mlimitecompra_rank_delta1	0.00115096461819197	0.00182768241441464	0.00239172218448777
Visa_msaldopesos_rank_delta2	0.0011432838809947	0.000995606295285999	0.0021821755278408
vm_mfinanciacion_limite_rank_tend6	0.0011396551281081	0.00246743902893441	0.00189314565660361
vm_mpagospesos_rank_tend6	0.00113718942579628	0.000968137814000942	0.0014306978626241
Visa_msaldopesos_rank_lag2	0.00112862676033641	0.000915098336252958	0.00158966429180456
vmr_Visa_mlimitecompra	0.00112772821460457	0.00125141179930402	0.00171250198708036
internet_lag2	0.00110654275304841	0.00252871061578644	0.00036128733904649
mtransferencias_emitidas_rank	0.00110427813121575	0.00300794699840422	0.0018425654291371
ctrx_quarter_tend6	0.00110243711330436	0.00201807888648509	0.00149572958365247
tcallcenter_delta2	0.00110050203057736	0.00110615443826456	0.000845412373368788
Visa_msaldototal_rank_delta1	0.00109636364316415	0.00142594381981964	0.00217494978105987
Visa_msaldopesos_rank_lag1	0.00108998079487691	0.00126206693545327	0.00172695348064222
ctrx_quarter_normalizado_lag2	0.00108075616981794	0.00238359580798051	0.00174140497420408
Visa_mconsumosdolares_rank_lag2	0.00107898486236101	0.00151357928935927	0.00217494978105987
Visa_cconsumos_lag2	0.00107844076343659	0.00104222369695398	0.0021099180600315
rf_016_017	0.00107250915421255	0.000968148320310306	0.00111276500426319
vm_mfinanciacion_limite_rank_delta1	0.00106724831669288	0.00298110224420458	0.00222553000852638
Master_cconsumos_tend6	0.00106405618054976	0.00137728267643299	0.00195095163085105
Visa_mconsumosdolares_rank_lag1	0.00104715250401227	0.00122912738804806	0.00221830426174545
vm_status02	0.0010411077456899	0.00135774683664262	0.000737026171654841
Master_fultimo_cierre_lag1	0.00103426792436473	0.00251126590948432	0.00172695348064222
mcuenta_debitos_automaticos_rank	0.00103285726717106	0.00324489707843688	0.000802057892683209
mautoservicio_rank_lag2	0.00102122086953933	0.00119115932446031	0.00239172218448777
rf_007_027	0.00101898707733908	0.000343912926044473	0.000108386201713947
mcomisiones_mantenimiento_rank_lag1	0.00101794171302821	0.00167710402339955	0.00148127809009061
rf_009_025	0.00101250820540662	0.00151392153805568	0.00234114195702126
Master_cconsumos	0.00100787948309287	0.000721889045501395	0.00141624636906224
Master_fultimo_cierre_lag2	0.00100317824635425	0.000913598125977717	0.00158243854502363
thomebanking_delta2	0.00100293409886531	0.00131923698006549	0.00130063442056737
rf_002_026	0.000990747550316111	0.00113651064292555	0.00121392545919621
Visa_cconsumos_lag1	0.000989351947329798	0.000767219839989555	0.0018425654291371
vm_mpagospesos_rank	0.000987334595379384	0.000536659939184015	0.000549156755350666
Visa_msaldopesos_rank_delta1	0.000974963708817101	0.00105011605166528	0.00192927439050826
cproductos_delta2	0.000969450392639472	0.00113366131670902	0.000144514935618596
ctrx_quarter_normalizado_delta1	0.000963913491747484	0.00185036024538455	0.000939347081520875
cliente_antiguedad	0.000963874935865969	0.00197725620573363	0.00170527624029944
vmr_mpagominimo_lag2	0.000956604132603445	0.000780280769813269	0.00151740682399526
Master_msaldototal_rank_tend6	0.000955387583245943	0.00126527634841664	0.0015752127982427
ctarjeta_visa_transacciones_delta2	0.000954795031032982	0.00141493880089308	0.00075870341199763
Visa_mpagominimo_rank_delta1	0.000952007526284752	0.00100679211343558	0.00192204864372733
vmr_Visa_mlimitecompra_lag1	0.00095103051229813	0.00110179651184228	0.00162579302570921
vmr_mpagominimo_tend6	0.000944714031015944	0.00156794173065258	0.00135121464803387
vm_Fvencimiento_tend6	0.000942711229087429	0.00166160918229646	0.00122115120597714
mcomisiones_mantenimiento_rank_delta1	0.000938458114225639	0.00181754118040471	0.00122837695275807
Master_mpagominimo_rank_tend6	0.000919664827145701	0.0015001629590562	0.00138734338193852
Master_mconsumototal_rank_tend6	0.000918066563610659	0.00154438106735624	0.00169082474673758
ccaja_seguridad_lag1	0.000912749150967578	0.00096551796372131	6.50317210283683e-05
vm_mfinanciacion_limite_rank	0.000905003348695766	0.000995908635123815	0.00128618292700551
vmr_msaldopesos2_lag2	0.000897997096472018	0.00132549790901194	0.00158243854502363
vmr_msaldopesos2_delta2	0.000895203465717731	0.00100993093004682	0.00170527624029944
mtransferencias_recibidas_rank_lag1	0.000889174777909625	0.00254843322601162	0.00154630981111898
Master_mconsumospesos_rank_tend6	0.000886344617805687	0.0014494822611379	0.0019148228969464
mtarjeta_visa_consumo_rank_lag2	0.000885935891203032	0.00166648380750156	0.00176308221454687
Master_fultimo_cierre_delta1	0.000885291570930834	0.00122354181071434	0.00128618292700551
mcomisiones_mantenimiento_rank_delta2	0.000885185636122244	0.00156518854850447	0.00122837695275807
mtransferencias_recibidas_rank_lag2	0.000872772300543289	0.00190719582655119	0.00169082474673758
Master_mpagospesos_rank	0.000872520353000874	0.00134326264203239	0.00140179487550038
vmr_mpagominimo_lag1	0.000871144394707267	0.00116676722660998	0.00161134153214735
Visa_mconsumosdolares_rank	0.000870391289232386	0.00098962979254198	0.00182811393557524
ccajas_transacciones_delta2	0.000869150549911342	0.00151659596067603	0.000679220197407402
rf_017_020	0.000865747520996075	0.000716512233825683	0.00216772403427894
mcaja_ahorro_dolares_rank_delta2	0.000865224825345194	0.00253573926116606	0.00114166799138691
rf_019_023	0.000862728923172259	0.000818388741160975	0.00200875760509849
mtransferencias_recibidas_rank_delta2	0.000859467559561976	0.00116750077864148	0.00151018107721433
mplazo_fijo_dolares_rank	0.000858378210192762	0.00457187509212484	0.000317932858360912
rf_019_016	0.000857930906607886	0.000934183236175227	0.00132231166091016
vmr_msaldopesos_tend6	0.000852736819520602	0.0012572081075047	0.00152463257077619
rf_003_023	0.00085262254155761	0.00103118829287372	0.000823735133025998
mttarjeta_visa_debitos_automaticos_rank_lag2	0.000852170213373084	0.000936107024563248	0.00168359899995665
Visa_msaldototal_rank_lag1	0.000837006867647344	0.000836662614468304	0.00145960084974782
chomebanking_transacciones_tend6	0.000836861365154292	0.00132463208330139	0.00138011763515759
mtarjeta_visa_consumo_rank_tend6	0.000836458967086836	0.00139089923129365	0.00149572958365247
vm_mfinanciacion_limite_rank_lag2	0.000832257386145414	0.000770317084873097	0.00146682659652875
mcaja_ahorro_dolares_rank	0.000823324648918758	0.00396890991012901	0.000867089613711577
rf_011_016	0.000819027529311413	0.000923608144498033	0.00108386201713947
Visa_msaldototal_rank_lag2	0.000815219436311537	0.00100054811552005	0.00148127809009061
rf_005_022	0.000812641364989584	0.000610834558879456	0.00236281919736405
ccajas_transacciones_lag2	0.000805237277772396	0.00143266317154518	0.001647470266052
Visa_mpagosdolares_rank_tend6	0.00080500837068726	0.0012379579032761	0.00161134153214735
vmr_mpagominimo	0.000804873450168211	0.000819570134077239	0.00137289188837666
mcaja_ahorro_dolares_rank_lag1	0.000800878858635889	0.00205278220891915	0.00133676315447201
vmr_Visa_mlimitecompra_lag2	0.00079934065816309	0.000859687380402108	0.00140179487550038
ctransferencias_recibidas_tend6	0.000797435431648904	0.00200086033038165	0.00141624636906224
rf_012_022	0.000795164141463395	0.000606979650362348	0.000419093313293929
Master_mpagominimo_rank	0.000792643281737013	0.000749877248967658	0.00138734338193852
vm_mconsumospesos_rank_tend6	0.000791988621596617	0.000799731500939295	0.00114889373816784
mautoservicio_rank_delta2	0.000789307337034423	0.0011316100164944	0.00140902062228131
vm_mpagominimo_rank_tend6	0.000786146577386659	0.00115693846082244	0.0014306978626241
active_quarter	0.000786035311703319	0.00101070718758041	0.000903218347616226
vmr_msaldototal	0.000781906014678486	0.00104990600106296	0.00108386201713947
rf_005_013	0.000775462034991251	0.000990622223059609	0.00122115120597714
vm_cconsumos_tend6	0.000770581264735694	0.00120001652117903	0.000946572828301805
mcaja_ahorro_rank_lag2	0.000770403412056981	0.00166015137518347	0.001235602699539
rf_014_015	0.000768045666089127	0.00121815282986016	0.00075870341199763
vm_msaldopesos_rank_delta2	0.000762923623332489	0.00117879891604081	0.00138011763515759
ccomisiones_otras_delta2	0.000756419014681255	0.0010638018423488	0.00119224821885342
vm_mpagominimo_rank_lag1	0.000754656401003099	0.000979927933901357	0.00105495903001575
vm_msaldototal_rank	0.000752893122719551	0.000940968497985403	0.00077315490555949
Visa_fultimo_cierre	0.000751272276799912	0.000968748162548532	0.00108386201713947
Master_mpagospesos_rank_lag2	0.000747562902218184	0.000893693809510008	0.0015752127982427
Master_mconsumospesos_rank	0.000745854693156948	0.0011254457607111	0.00144514935618596
vm_mlimitecompra_rank_lag2	0.000739559962450196	0.000792736339696716	0.00132231166091016
vmr_msaldototal_tend6	0.000735950519299887	0.00118588598859409	0.000917669841178086
vm_mpagominimo_rank_delta2	0.000735275378769753	0.00174039667648241	0.0014306978626241
vm_mlimitecompra_rank	0.000730859854483458	0.000915798933242136	0.00125727993988179
vm_mconsumospesos_rank_delta2	0.000729788598802925	0.000799488797634489	0.00133676315447201
mautoservicio_rank_tend6	0.000727952750781111	0.000927256025811197	0.00100437880254924
Master_cconsumos_lag2	0.000727755022349787	0.000678895337959549	0.00146682659652875
mttarjeta_visa_debitos_automaticos_rank_delta2	0.000722411448886927	0.00113377771754658	0.00111999075104412
vm_mlimitecompra_rank_lag1	0.000721357557606313	0.000694600607589757	0.00119224821885342
mcaja_ahorro_dolares_rank_tend6	0.00072017995480757	0.00167764679899338	0.000888766854054367
Visa_fultimo_cierre_lag1	0.00071759935409988	0.00121144602523789	0.00106218477679668
Master_msaldopesos_rank_lag2	0.000716920064389334	0.000739748637645958	0.00155353555789991
vm_fultimo_cierre	0.000714051789694751	0.000830904174332309	0.00111276500426319
rf_007_025	0.000712944025973211	0.000759184554119931	0.00106941052357761
Visa_cconsumos_delta2	0.000711245126260997	0.000501251862588002	0.00117057097851063
vmr_msaldopesos_delta2	0.000707249257971784	0.00096769647342269	0.00148127809009061
vmr_Master_mlimitecompra_tend6	0.000705689548890242	0.00185295280949382	0.00119947396563435
mtransferencias_emitidas_rank_tend6	0.000704984420017755	0.00130528853164787	0.000975475815425524
cmobile_app_trx_lag2	0.000704662826330528	0.00154306626698654	0.00100437880254924
ccaja_seguridad_lag2	0.000703072228696729	0.000599205964037394	7.22574678092981e-05
vmr_mpagospesos_delta2	0.000699935553144352	0.00170319920155629	0.00138011763515759
vm_fultimo_cierre_lag1	0.000698964674679695	0.00162696950239825	0.00113444224460598
mttarjeta_visa_debitos_automaticos_rank_delta1	0.000697477179756125	0.00130522572054657	0.00107663627035854
mtransferencias_emitidas_rank_lag2	0.000694458952408251	0.00153329177119988	0.00125005419310086
vmr_msaldopesos2	0.000690108545250422	0.000766549099059362	0.00106941052357761
matm_rank_lag2	0.000687778869744056	0.00139188259161614	0.00138011763515759
rf_019_020	0.000685455516175084	0.00107526248741095	0.00127173143344365
vmr_mconsumospesos_lag2	0.000685435990087828	0.00106224169320071	0.00138734338193852
vm_fultimo_cierre_lag2	0.000682979565694058	0.00154181601617222	0.00119224821885342
ccallcenter_transacciones_tend6	0.000677213786128639	0.00140262903439642	0.000549156755350666
vmr_msaldopesos_lag2	0.000676496155649123	0.000570501744250224	0.0013078601673483
rf_003_015	0.000675921053307399	0.000912525348648188	0.000823735133025998
mtransferencias_emitidas_rank_lag1	0.000674900103589667	0.00146414067907967	0.00111276500426319
ctrx_quarter_normalizado	0.000674639533823814	0.00285280410727267	0.000606962729598104
vm_msaldopesos_rank_tend6	0.000669142552539068	0.00130045532700055	0.00134398890125294
rf_018_021	0.000669070414731434	0.00123683682715748	0.00102605604289203
ctarjeta_visa_transacciones	0.000668486057776259	0.00330166599366927	0.000541931008569736
mpayroll_rank_tend6	0.000661193679968711	0.00145929999152136	0.000621414223159964
ccajas_consultas_tend6	0.000660332580399648	0.00307624851558018	0.000469673540760438
internet_tend6	0.000659797892466231	0.00289524695163001	0.000541931008569736
mcaja_ahorro_dolares_rank_lag2	0.000658022313856726	0.00111279298966843	0.00125727993988179
rf_017_015	0.000651219888450509	0.000964937546817664	0.00101160454933017
Visa_mconsumosdolares_rank_delta2	0.000651007289141604	0.00056202360610316	0.00142347211584317
vm_msaldopesos_rank_lag2	0.000644095776859815	0.00113531866811496	0.00103328178967296
Visa_fultimo_cierre_lag2	0.000643922692583843	0.000769587009749732	0.000982701562206454
Master_mconsumospesos_rank_lag2	0.000642220579611486	0.00131882337916736	0.00142347211584317
Visa_mpagado_rank_tend6	0.00064074993939091	0.000927011281712485	0.00100437880254924
rf_004_021	0.000638495234450999	0.0011329635919483	0.000643091463502753
vm_mfinanciacion_limite_rank_lag1	0.000638023799377165	0.000616463975489663	0.0010910877639204
mtransferencias_emitidas_rank_delta1	0.000636050330872637	0.00123046970134301	0.000700897437750191
Visa_fechaalta_tend6	0.000634010109879076	0.000708609070465184	0.000802057892683209
cmobile_app_trx_tend6	0.000632971145177598	0.00192893572375924	0.000852638120149718
Master_msaldopesos_rank	0.000631302085697685	0.000946673877479861	0.00119224821885342
mttarjeta_visa_debitos_automaticos_rank	0.000619621715754649	0.000762315207555552	0.00122837695275807
Master_msaldototal_rank_delta2	0.000613641247119042	0.00065503256158028	0.00120669971241528
ccaja_seguridad	0.00061348708865432	0.00199545033690874	7.22574678092981e-05
mpagomiscuentas_rank	0.00061330717643365	0.00185751285009767	0.000729800424873911
mautoservicio_rank	0.000608120970492471	0.00232277281786284	0.000997153055768313
vmr_mpagominimo_delta1	0.000607833891132134	0.00137933888966997	0.00106941052357761
vmr_msaldopesos	0.000607387817574313	0.000819204227288523	0.00104773328323482
rf_011_024	0.000606722313233656	0.000459487166486877	0.00161134153214735
mpagomiscuentas_rank_tend6	0.0006054007605912	0.00216492663065642	0.000657542957064613
rf_001_019	0.000605368618436658	0.000879563050170184	0.00109831351070133
vmr_mconsumospesos_tend6	0.000605104573511081	0.000912217264353454	0.00103328178967296
Visa_cconsumos_delta1	0.000604984938277771	0.000637603576949727	0.00127173143344365
Visa_fechaalta_delta2	0.00060374937409478	0.000466506363746562	0.00037573883260835
vm_mpagospesos_rank_delta2	0.000602373549526083	0.000629396184127426	0.00119224821885342
thomebanking_tend6	0.000600431018379254	0.00437785810049655	0.000650317210283683
mcuenta_debitos_automaticos_rank_lag1	0.000598985662683406	0.000892715513379796	0.000679220197407402
vm_mconsumototal_rank_tend6	0.000596004936740711	0.000778988040251729	0.0011633452317297
mextraccion_autoservicio_rank_lag2	0.000594766889496788	0.000712436239302173	0.00128618292700551
vmr_mpagospesos_tend6	0.000591661951307197	0.00120740729409939	0.00129340867378644
Master_mconsumospesos_rank_lag1	0.000591008879722645	0.000714758662766353	0.00132953740769108
vmr_mpagospesos	0.000590905153999221	0.00054873660166572	0.00102605604289203
vm_msaldototal_rank_tend6	0.000588835931466339	0.00120085037445173	0.00121392545919621
vmr_msaldototal_delta2	0.000587173981001009	0.000437845983235876	0.00101160454933017
Master_msaldopesos_rank_lag1	0.00058306800805691	0.000691636165479975	0.00106941052357761
Visa_mconsumosdolares_rank_delta1	0.000576838734045153	0.000668048216013281	0.00117057097851063
rf_015_029	0.000576836908934913	0.000885511057384489	0.00214604679393615
vm_mpagominimo_rank_delta1	0.000576572973702	0.000997784049137785	0.00105495903001575
Master_mconsumototal_rank_lag2	0.000571742801233312	0.00074597661155008	0.001235602699539
vmr_msaldototal_lag1	0.000569930224842329	0.000903289093357801	0.000939347081520875
Master_mpagospesos_rank_delta2	0.000567865782328648	0.000779898839013148	0.00125005419310086
ctarjeta_debito_transacciones_tend6	0.000566943816196416	0.00134021974273469	0.000932121334739945
mttarjeta_visa_debitos_automaticos_rank_lag1	0.000562427716604363	0.000988012123239748	0.00117779672529156
vm_msaldopesos_rank_delta1	0.000556798418827513	0.000585691524456957	0.00118502247207249
rf_014_017	0.000556774310877827	0.00115045841107854	0.000874315360492507
ccomisiones_otras_lag1	0.000551831495049627	0.0009067381862276	0.000700897437750191
ccomisiones_otras_lag2	0.000546578084597587	0.0015768213005193	0.000968250068644594
Master_mpagospesos_rank_lag1	0.000546481909106468	0.000723650401811549	0.00136566614159573
Master_msaldopesos_rank_tend6	0.000543191734961219	0.000938816367434872	0.00106218477679668
vmr_msaldopesos2_lag1	0.00054048954771069	0.00060710119097715	0.000982701562206454
ccomisiones_otras	0.000539567816062615	0.00149828867881663	0.000592511236036244
vmr_msaldototal_lag2	0.000533844939494128	0.000448994613585406	0.000975475815425524
vmr_mconsumospesos_lag1	0.000533351982973533	0.000904774640150907	0.00106218477679668
vm_msaldototal_rank_lag1	0.000532599759575195	0.00124973532490333	0.000881541107273437
Master_mpagospesos_rank_delta1	0.000529502442889692	0.00100099051428774	0.00117779672529156
mextraccion_autoservicio_rank_delta2	0.00052886427725906	0.00109648364504227	0.000939347081520875
mtransferencias_recibidas_rank_delta1	0.000528634472115148	0.000682486077043366	0.000968250068644594
Master_cconsumos_delta2	0.000522749351971049	0.000631885196842242	0.00106218477679668
ctransferencias_emitidas_tend6	0.000515631271409107	0.00144153321770701	0.000729800424873911
vmr_msaldopesos2_delta1	0.000512723000275986	0.000865270614602088	0.00124282844631993
ccomisiones_otras_delta1	0.000512378403151508	0.000796402739324946	0.000809283639464139
mcuenta_corriente_rank_delta1	0.000511469958429498	0.0012016628371809	0.000722574678092981
mpagomiscuentas_rank_delta2	0.000508434084703341	0.000751236946803273	0.000541931008569736
mpagomiscuentas_rank_lag2	0.000506867051720944	0.00122478004352011	0.000968250068644594
vmr_mconsumospesos	0.000506310076840902	0.000678922472959993	0.000989927308987384
Master_msaldopesos_rank_delta2	0.000505412551980475	0.000602875764988799	0.000975475815425524
Master_mconsumosdolares_rank	0.000505310531652417	0.000544881844318531	0.0014306978626241
rf_013_019	0.00050276476214489	0.000686642493963735	0.000686445944188332
vm_mconsumototal_rank_delta1	0.000500663565497166	0.000803348241249164	0.000787606399121349
Master_mconsumospesos_rank_delta1	0.000494730067481336	0.000687032739109396	0.00117779672529156
Visa_mpagosdolares_rank	0.000491339166000179	0.000374033456801889	0.00120669971241528
mv_status07_rank	0.000490917108424498	0.00098033299369907	0.000404641819732069
tcallcenter_tend6	0.000490403906889909	0.00221301582265489	0.000498576527884157
Master_mconsumototal_rank_lag1	0.000483908079603589	0.000589970691351479	0.0010910877639204
ctarjeta_debito_transacciones_lag2	0.00048365103201599	0.000754515444419586	0.000997153055768313
ccaja_ahorro_lag1	0.000482795395354923	0.000716573079718044	0.000144514935618596
Visa_mpagosdolares_rank_lag2	0.000481208580375152	0.000487872871254907	0.000997153055768313
ctarjeta_visa_transacciones_lag2	0.000480981465309834	0.000658052256295423	0.000968250068644594
vm_msaldopesos_rank	0.000479589699374446	0.000733736458801076	0.000657542957064613
mcuenta_debitos_automaticos_rank_lag2	0.000478553211292149	0.00157718418390964	0.000830960879806928
vmr_mpagospesos_delta1	0.000478025178408683	0.000775052104658086	0.00113444224460598
vm_msaldopesos_rank_lag1	0.00047698122011227	0.00103925071374378	0.000845412373368788
vmr_mpagospesos_lag2	0.000473807228634168	0.000528365699243302	0.000961024321863665
mcaja_ahorro_dolares_rank_delta1	0.00047376210989584	0.000701047475536458	0.000635865716721823
mcuenta_debitos_automaticos_rank_tend6	0.000473090505118572	0.00246962411452726	0.000650317210283683
vmr_msaldopesos_lag1	0.000472932549004823	0.000368031557511493	0.000932121334739945
vmr_msaldopesos_delta1	0.00047077496231945	0.000733243418110559	0.000968250068644594
Master_Fvencimiento_delta2	0.000470646363841815	0.0010068949845654	0.0007514776652167
tcallcenter_delta1	0.000466789740028151	0.000788188014761578	0.000462447793979508
ccaja_ahorro	0.000458511406891543	0.00242503465732143	0.000101160454933017
Master_cconsumos_lag1	0.000457604561408574	0.000771606035186665	0.00126450568666272
mautoservicio_rank_lag1	0.000457375774993376	0.000516186770311456	0.000874315360492507
rf_017_017	0.000455409898588061	0.000722380120982967	0.000671994450626472
matm_rank_delta2	0.000454738213150263	0.00108057233081259	0.000838186626587858
vm_mconsumototal_rank_delta2	0.000450943437606667	0.000585315111358876	0.000838186626587858
Master_mpagominimo_rank_delta1	0.000448047859598419	0.000945118112259422	0.00076592915877856
Master_msaldopesos_rank_delta1	0.0004479215868288	0.000996298577929637	0.000953798575082735
mpagomiscuentas_rank_lag1	0.000447538854873463	0.000900873398053654	0.000830960879806928
vmr_mconsumospesos_delta2	0.000446778093337599	0.000832781100045468	0.000939347081520875
mautoservicio_rank_delta1	0.000445150514655903	0.00104773444517785	0.000700897437750191
Visa_msaldodolares_rank_tend6	0.000443698400636336	0.00137601564575766	0.000643091463502753
mpayroll_sobre_edad_rank_lag2	0.00044354348790385	0.000888713365361672	0.000498576527884157
rf_005_017	0.000443508060802749	0.000534076898779638	0.00036851308582742
Master_mpagominimo_rank_delta2	0.000442999138119364	0.000929982526468618	0.000946572828301805
Master_msaldototal_rank_delta1	0.000440790887876566	0.00107912109959108	0.000874315360492507
cpagomiscuentas_tend6	0.000438591330458105	0.00126727330304542	0.000455222047198578
Master_msaldodolares_rank_lag2	0.000438094294874453	0.000440465682345589	0.000209546656646964
vm_msaldototal_rank_delta2	0.000437101686200816	0.000649638214193975	0.00105495903001575
mcuenta_debitos_automaticos_rank_delta2	0.000433734353612691	0.00212679303600746	0.000628639969940893
cprestamos_personales_delta2	0.000429295175169053	0.00247079341385002	0.000122837695275807
Master_fultimo_cierre_delta2	0.000426982512632304	0.000307638796983037	0.000823735133025998
mextraccion_autoservicio_rank_tend6	0.000425901730647266	0.000755454889880638	0.000671994450626472
mprestamos_prendarios_rank	0.000424707500746041	0.00526559793158046	0.000216772403427894
ctarjeta_visa_debitos_automaticos_tend6	0.00042275826515548	0.000838886172805519	0.00038296457938928
mtarjeta_visa_consumo_rank_delta1	0.000421031197915669	0.000971399909681053	0.000729800424873911
tcallcenter_lag1	0.000418490167561289	0.00136292984848229	0.000686445944188332
vm_fultimo_cierre_delta1	0.000416820914151223	0.000879300694775919	0.000635865716721823
vmr_mconsumospesos_delta1	0.000415744284373454	0.000763583069665432	0.000737026171654841
ccajas_transacciones_tend6	0.000410957330142679	0.00216506502671718	0.000440770553636718
vm_mpagospesos_rank_delta1	0.000409307788444954	0.000525929369245225	0.000903218347616226
vm_msaldototal_rank_lag2	0.000406672740357292	0.000433416780196838	0.00074425191843577
rf_002_016	0.000405474557498395	0.000734651490320225	0.000903218347616226
rf_006_017	0.000404968534759958	0.00067669876345286	0.000621414223159964
vmr_mpagospesos_lag1	0.000404592374619585	0.000461476109109946	0.000794832145902279
cproductos_delta1	0.000403892945698638	0.000997602418480217	8.67089613711577e-05
cextraccion_autoservicio_tend6	0.000403536987226098	0.000909425836215862	0.000621414223159964
ccajas_transacciones_delta1	0.000399586413542321	0.00138365758749829	0.000419093313293929
mcajeros_propios_descuentos_rank_delta2	0.000397349969156268	0.000548255805738634	0.00037573883260835
vm_fultimo_cierre_delta2	0.000396696741790656	0.000433556612371828	0.000585285489255315
rf_005_020	0.000394914521467492	0.000737472472176963	0.000794832145902279
vm_msaldototal_rank_delta1	0.000393824432192184	0.000734338946512883	0.000881541107273437
ctrx_quarter_lag1	0.000389886898531034	0.00117494287374931	0.000585285489255315
mv_status07_rank_tend6	0.000389839883901493	0.00212403516759186	0.00039741607295114
thomebanking_delta1	0.000389210224825362	0.000767553396415625	0.000527479515007876
cmobile_app_trx_delta2	0.000387881603694339	0.00147702526919298	0.000635865716721823
ctarjeta_debito_tend6	0.000381625686742573	0.00499967968908223	0.000303481364799052
vmr_Visa_mlimitecompra_tend6	0.000381288484034743	0.00163920164314155	0.000635865716721823
Master_mconsumosdolares_rank_delta1	0.000377748547782869	0.000605838997739229	0.000946572828301805
rf_003_017	0.000377614228349921	0.000758938978586666	0.000578059742474385
catm_trx_tend6	0.000372035099895731	0.00231447124618106	0.000563608248912525
ctarjeta_debito_transacciones	0.000367303556372458	0.000388203595905588	0.000238449643770684
mcuenta_debitos_automaticos_rank_delta1	0.000364801086141321	0.00188661305948742	0.000527479515007876
ctrx_quarter	0.000364762159111163	0.0017037897468445	0.000556382502131595
mplazo_fijo_dolares_rank_delta2	0.000364120667062276	0.00165216469044278	0.000173417922742315
ccallcenter_transacciones_delta2	0.00036375541964459	0.00100695318498418	0.000325158605141841
vm_mconsumospesos_rank_lag2	0.000362802645639069	0.000402475850289509	0.000664768703845542
vmr_msaldototal_delta1	0.000359109457926093	0.000450397168093033	0.00076592915877856
Visa_Fvencimiento_delta2	0.000357322156343002	0.000261774523851051	0.000223998150208824
vm_status02_tend6	0.000352645808268222	0.000599774287347527	0.000476899287541367
rf_001_017	0.000352136905529841	0.000827901335063125	0.000715348931312051
vm_cconsumos_lag2	0.000351543624976807	0.000582481582398869	0.000419093313293929
mextraccion_autoservicio_rank_lag1	0.000351385004843846	0.000465340314577067	0.000715348931312051
vm_mconsumospesos_rank_delta1	0.000349792821206868	0.000407833765725358	0.00077315490555949
vm_mpagospesos_rank_lag2	0.000349047902818705	0.000324774285216031	0.000643091463502753
matm_other_rank_lag2	0.000344305974037444	0.000818734844690314	0.000606962729598104
matm_rank_lag1	0.000342941609809591	0.000894170448264324	0.000614188476379034
ccallcenter_transacciones_delta1	0.000335168563851249	0.00109097720516109	0.000122837695275807
matm_other_rank_tend6	0.00031962041675816	0.000797554351767185	0.000419093313293929
Visa_mpagado_rank_delta2	0.000316952304041314	0.000775274551193759	0.000419093313293929
Master_mpagado_rank_tend6	0.000316423596643978	0.000579474661541874	0.000578059742474385
cmobile_app_trx_lag1	0.000309847377005112	0.00176701580957808	0.000419093313293929
vm_status01_delta2	0.000306637886052626	0.000807681829314493	0.000281804124456263
vmr_mconsumosdolares	0.000305712399545219	0.00096607305966354	0.00036128733904649
matm_rank_tend6	0.000305342591116642	0.000661174973310301	0.000505802274665087
Master_cconsumos_delta1	0.00030476829081638	0.000371999389958025	0.000881541107273437
vmr_mconsumosdolares_lag1	0.000303825569631096	0.00104354310800621	0.000541931008569736
Visa_mpagado_rank_lag1	0.000301540620043488	0.00046028247143025	0.000447996300417648
vmr_mconsumosdolares_lag2	0.000301351473587498	0.000519816208894513	0.000563608248912525
vm_status06_delta2	0.000300357650937468	0.000567926262341793	0.000115611948494877
mpagomiscuentas_rank_delta1	0.000299953169880947	0.00116067379393369	0.000469673540760438
ctrx_quarter_normalizado_lag1	0.000299465930595906	0.00102660633263162	0.000541931008569736
vm_mconsumospesos_rank_lag1	0.000298836897748104	0.000373419026666488	0.000585285489255315
mtarjeta_master_consumo_rank_delta2	0.000288555276649547	0.000738377602066424	0.000469673540760438
Master_mpagosdolares_rank_delta1	0.000288178399096606	0.000300224895065083	0.000802057892683209
cprestamos_personales_lag1	0.000284297363354534	0.00258140240272093	0.000173417922742315
ccajas_extracciones_tend6	0.000283187250041794	0.00290472779984919	0.000317932858360912
cprestamos_personales_lag2	0.000281519796794282	0.00175458571182597	0.000209546656646964
vm_mconsumospesos_rank	0.000281120211738503	0.000236023332844786	0.000498576527884157
ccajas_consultas_delta1	0.00027693744153603	0.00145917527633826	0.000108386201713947
Visa_mpagado_rank_lag2	0.000273614163704386	0.000492371612456643	0.000411867566512999
Visa_mpagosdolares_rank_delta1	0.000273147308275117	0.000254401211056324	0.000599736982817174
rf_018_015	0.000272081947226334	0.000931967387503877	0.000440770553636718
ctarjeta_master_transacciones_tend6	0.000269633026565724	0.000762968261605234	0.00036851308582742
vm_cconsumos_delta2	0.00026816635798556	0.000372501425258718	0.000187869416304175
Master_mpagado_rank_lag1	0.000266986369747351	0.000339407306611426	0.000317932858360912
Visa_fultimo_cierre_delta2	0.000265841109604075	0.000299238284589332	0.000433544806855789
matm_rank	0.00025942642192078	0.000752309799717762	0.000599736982817174
vm_mconsumosdolares_rank_tend6	0.000259363103246453	0.000490890600761103	0.00037573883260835
vmr_mconsumosdolares_tend6	0.000258147586836224	0.000762692981182902	0.00039741607295114
vm_mpagado_rank_tend6	0.000258128188246497	0.000777029633952279	0.00036851308582742
Master_msaldodolares_rank_tend6	0.000256797320146159	0.000280852545542011	0.00037573883260835
rf_004_023	0.00025578012470819	0.000372095156101653	0.000563608248912525
matm_other_rank_delta2	0.000254696416824077	0.000784635899592043	0.000404641819732069
rf_011_026	0.000253965712677119	0.00034910077532155	0.000816509386245068
vm_status04_tend6	0.000252313215876467	0.000580731488247674	0.000130063442056737
mtarjeta_visa_consumo_rank_lag1	0.000252139273198168	0.00123602980654539	0.000491350781103227
mpayroll_sobre_edad_rank_lag1	0.00025106499355318	0.00119408877073386	0.000332384351922771
ctarjeta_visa_transacciones_lag1	0.000250843242887976	0.000398788286872632	0.00039741607295114
mtarjeta_master_consumo_rank_tend6	0.00025075862097786	0.00112577977064692	0.000317932858360912
vm_Fvencimiento_delta2	0.000248136113327667	0.000428409654557815	0.000310707111579982
mextraccion_autoservicio_rank	0.000246018555520245	0.000863193615501255	0.000700897437750191
ctarjeta_debito_transacciones_delta2	0.000245965949382695	0.00080158129165201	0.000426319060074859
Visa_mpagado_rank_delta1	0.000244032171782415	0.000649753254502264	0.000346835845484631
mtarjeta_visa_descuentos_rank_delta2	0.000243914153404653	0.000587815386232652	0.000513028021446016
cpayroll_trx_tend6	0.00023793525006586	0.000872812557441357	0.000252901137332543
minversion2_rank	0.000234797600209952	0.00203571565416918	9.39347081520875e-05
cextraccion_autoservicio_lag2	0.000234353786606087	0.000709116169958161	0.00039019032617021
mpayroll_rank_lag2	0.000232844551596597	0.000627089179994974	0.000455222047198578
vm_mpagospesos_rank_lag1	0.000230489257094161	0.000279155134107555	0.000447996300417648
rf_004_017	0.000229725219679074	0.000582285363844127	0.000419093313293929
mplazo_fijo_dolares_rank_delta1	0.000229344117367685	0.00102320327100213	9.39347081520875e-05
vm_mconsumosdolares_rank_lag1	0.000228302560705689	0.00121086341637042	0.000476899287541367
vmr_mconsumosdolares_delta2	0.00022563712087228	0.000813099759208148	0.000317932858360912
vmr_Visa_mlimitecompra_delta2	0.000224386907721578	0.00153694267591143	0.000296255618018122
ccuenta_debitos_automaticos_tend6	0.000223700602230131	0.00151296818496208	0.000223998150208824
vmr_mpagado_tend6	0.000222268790169969	0.000506371307476774	0.000426319060074859
mpayroll_sobre_edad_rank_tend6	0.000217940261974564	0.000487283913250842	0.00037573883260835
mpayroll_sobre_edad_rank_delta1	0.00021613624862995	0.00128474295238416	0.000289029871237192
ccajeros_propios_descuentos_delta1	0.000215462758429468	0.000313571536035532	0.000238449643770684
rf_010_018	0.000214508889921606	0.000281567428088526	0.000404641819732069
Visa_msaldodolares_rank_lag2	0.000211947001263867	0.0012152041850069	0.000339610098703701
mtarjeta_master_consumo_rank_lag2	0.000210752082846902	0.000412375288014145	0.000484125034322297
Master_msaldodolares_rank_delta1	0.000200708059785827	0.000313939256863276	0.000108386201713947
mtarjeta_master_descuentos_rank_delta2	0.000199705046049773	0.000500673410893302	0.000325158605141841
ctarjeta_visa_transacciones_delta1	0.000199516993452889	0.00146359185668907	0.000195095163085105
vmr_Master_mlimitecompra_delta1	0.000198693242333438	0.00139559834822289	0.000296255618018122
vm_fechaalta_delta2	0.000198564241733433	0.00138192540698248	0.000238449643770684
mforex_sell_rank_tend6	0.000198343054132103	0.00160151891277574	0.000260126884113473
Visa_msaldodolares_rank_lag1	0.000191977937956311	0.000409401019859634	0.000325158605141841
vm_cconsumos_lag1	0.000190124665871029	0.000454354343060282	0.000332384351922771
vmr_msaldodolares2_tend6	0.000189494391736763	0.000890451668259192	0.000274578377675333
vmr_mpagado_lag2	0.000187042342579567	0.000370213770875886	0.000339610098703701
mv_status07_rank_delta2	0.000182993941490584	0.0016966609513936	0.000325158605141841
tcuentas_lag2	0.000179607663147556	0.000879697137888255	0.000115611948494877
cmobile_app_trx	0.000178969777723481	0.00205179711014259	0.000245675390551614
cproductos_lag2	0.000178592082623796	0.000608607296879228	0.000180643669523245
ccomisiones_mantenimiento	0.000175733941721149	0.00116634168328826	5.05802274665087e-05
ctarjeta_debito_transacciones_delta1	0.000175041805373375	0.00110903112623641	0.000144514935618596
ccajas_consultas_delta2	0.000174202970330346	0.000288924414532011	0.000122837695275807
Master_mpagado_rank_delta2	0.000172671329051296	0.000838021254114488	0.000267352630894403
catm_trx_other_lag2	0.000172488164302463	0.000541345601990481	9.39347081520875e-05
vm_status04_delta2	0.000172102663901649	0.00127527903519589	0.000202320909866035
mtarjeta_master_consumo_rank	0.000171760198542673	0.000770412926601685	0.000296255618018122
cforex_buy_tend6	0.000171529443445078	0.00276376048993842	0.000151740682399526
ccomisiones_mantenimiento_delta2	0.000170834841163566	0.00201311514661279	0.000195095163085105
matm_rank_delta1	0.00017024427389702	0.000337044823118735	0.000325158605141841
rf_008_014	0.000164687958159509	0.000578430077402221	0.000267352630894403
mv_status07_rank_lag2	0.000164187591534845	0.000958797931731143	0.000317932858360912
cpagomiscuentas_delta2	0.000163824437388234	0.00103680244132211	0.000108386201713947
ctarjeta_debito_lag2	0.000163310970939251	0.00176366255843687	0.000231223896989754
vmr_mpagado_delta2	0.000156567562400947	0.000549223671144441	0.000216772403427894
catm_trx_other_tend6	0.000154595049655797	0.000620825907914787	0.000274578377675333
mcheques_depositados_rank_tend6	0.000153072596611786	0.00193044258551091	0.000144514935618596
internet_delta2	0.000151513122457442	0.000577941345054393	0.000108386201713947
ccomisiones_mantenimiento_delta1	0.000149456336950464	0.00166066852747605	0.000122837695275807
mv_status07_rank_lag1	0.000148473781357675	0.000393524172371466	0.000252901137332543
cseguro_vida_lag2	0.000148446462437919	0.0028359450332364	0.000166192175961386
vm_cconsumos	0.000146135000338951	0.000154596033949907	0.000202320909866035
mtarjeta_master_consumo_rank_delta1	0.000146049703344347	0.000835543654728549	0.000202320909866035
ctransferencias_recibidas_lag2	0.000143749757413774	0.00141874684673532	0.000187869416304175
rf_001_021	0.000142207733108588	0.00120622181959532	0.000462447793979508
ctarjeta_debito_transacciones_lag1	0.000139970546723181	0.00057248297720743	0.000260126884113473
mpayroll_rank_lag1	0.000137058506469341	0.000514297599834865	0.000325158605141841
vmr_mpagado_lag1	0.000136360583331896	0.000498559753087133	0.000260126884113473
vm_mpagado_rank_delta2	0.000134240681055857	0.000367178278904218	0.000195095163085105
cforex_sell_tend6	0.000132189069425138	0.00224334466556056	0.000151740682399526
vmr_msaldodolares_lag2	0.000131155753959482	0.0007384389770535	0.000195095163085105
vm_mpagado_rank_lag2	0.000129171386958435	0.000260841503111553	0.000238449643770684
vmr_mpagado	0.000128641450924795	0.000266284753966625	0.000245675390551614
rf_015_017	0.000128474932304898	0.000467198117295484	0.000209546656646964
vm_mconsumosdolares_rank_delta2	0.000127438413426347	0.000245808486110728	0.000252901137332543
ccomisiones_mantenimiento_lag2	0.000125661603515214	0.000886923513521804	0.000130063442056737
minversion2_rank_lag1	0.000120139356747606	0.00135278755628293	0.000101160454933017
vmr_msaldodolares_delta2	0.000118824814278573	0.000915253436589757	0.000151740682399526
vm_mpagado_rank	0.000117847408962849	0.000404347182715669	0.000144514935618596
Visa_msaldodolares_rank_delta1	0.000117495342250821	0.00123811224776331	0.000202320909866035
mtarjeta_master_consumo_rank_lag1	0.000115111505841071	0.000851607045896649	0.000252901137332543
cproductos_lag1	0.00011253699376508	0.000530072029702973	0.000122837695275807
Master_mpagado_rank_delta1	0.000107974310854143	0.000501111198978459	0.000209546656646964
vm_mpagado_rank_delta1	0.000105843285546104	0.000436028618470767	0.000173417922742315
cforex_tend6	0.000103453616718617	0.00203187813019275	0.000130063442056737
ctransferencias_emitidas_lag2	0.000102407042563235	0.000398212102726715	9.39347081520875e-05
ctarjeta_master_delta2	0.000101306798742142	0.000238159363798953	8.67089613711577e-05
active_quarter_tend6	0.000100518571989256	0.000894531517615635	0.000130063442056737
vmr_mpagosdolares_tend6	9.98792718272962e-05	0.000713644086954246	0.000173417922742315
ccallcenter_transacciones_lag2	9.9118920092397e-05	0.00131222874262493	0.000180643669523245
vmr_msaldodolares2_lag2	9.76873777476613e-05	0.00051649901177896	0.000173417922742315
vm_mpagosdolares_rank_tend6	9.71086082307805e-05	0.000881341413096215	0.000195095163085105
mtarjeta_visa_descuentos_rank	9.70518667960871e-05	0.000445759199395983	0.000180643669523245
mtarjeta_visa_descuentos_rank_lag2	9.43891237439573e-05	0.000356319214534356	0.000195095163085105
mv_status07_rank_delta1	9.3190321433905e-05	0.0012731915297857	0.000180643669523245
matm_other_rank_delta1	9.25831936148304e-05	0.000598002878237766	0.000137289188837666
mforex_sell_rank_delta2	9.08684606733564e-05	0.000593047301541091	0.000130063442056737
mforex_buy_rank_tend6	8.99539445747995e-05	0.00278581141925462	0.000151740682399526
mplazo_fijo_dolares_rank_lag1	8.96023959952215e-05	0.000364462284556161	8.67089613711577e-05
vmr_mpagosdolares_lag2	8.80524614037864e-05	0.000419369844577048	0.000122837695275807
vm_mpagado_rank_lag1	8.80298455886597e-05	0.000342793134870163	0.000137289188837666
mforex_sell_rank_lag2	8.25653170500874e-05	0.000251707892196104	0.000122837695275807
rf_008_021	8.15889444808817e-05	0.000180177990231955	5.05802274665087e-05
mcheques_emitidos_rank	7.48935080023949e-05	0.00167041233576917	8.67089613711577e-05
mprestamos_prendarios_rank_tend6	7.34432207483294e-05	0.00218685140867529	0.000122837695275807
vmr_mpagado_delta1	7.12603308572336e-05	0.000408507227714092	0.000108386201713947
cliente_edad_delta2	6.84316166413225e-05	0.000230591041808835	0.000101160454933017
cliente_edad_tend6	6.7726406894778e-05	0.00136889531582223	0.000101160454933017
rf_020_018	6.76445707908695e-05	0.000760984836684204	0.000130063442056737
ctransferencias_recibidas_lag1	6.40760199201373e-05	0.000380428624636323	7.94832145902279e-05
ctarjeta_visa_debitos_automaticos_lag2	6.38123418741179e-05	0.000846982077812625	0.000115611948494877
ccheques_depositados_tend6	6.12132267337096e-05	0.000494439163437545	6.50317210283683e-05
cprestamos_prendarios_tend6	5.92556052838983e-05	0.00284937821898542	0.000130063442056737
vmr_mpagosdolares_delta2	5.83865759474238e-05	0.000752443660680955	0.000108386201713947
internet_delta1	5.83354483883593e-05	0.00215020834942676	0.000130063442056737
ctarjeta_debito_lag1	5.49234738952999e-05	0.00089353840683337	9.39347081520875e-05
ctarjeta_master_transacciones_lag1	5.49049037395968e-05	4.4977056877916e-05	6.50317210283683e-05
rf_018_018	5.39593471751607e-05	0.000457101856336431	0.000115611948494877
vmr_msaldodolares	5.34126974933376e-05	0.000508706202459264	0.000101160454933017
cproductos	5.27114250408769e-05	0.000368039947441992	2.16772403427894e-05
cpagomiscuentas_lag2	5.26983233785602e-05	0.000177498730174193	6.50317210283683e-05
tcuentas_lag1	5.06296341674837e-05	0.00112085949212631	8.67089613711577e-05
cextraccion_autoservicio_lag1	5.03363025287351e-05	0.000977597725186353	7.22574678092981e-05
vm_status03_tend6	4.93178965519914e-05	0.000692349158402504	7.22574678092981e-05
ctransferencias_emitidas_lag1	4.78880611469166e-05	0.000391132513084426	4.33544806855789e-05
ccomisiones_mantenimiento_lag1	4.70274215234181e-05	0.000408015094043088	4.33544806855789e-05
ctarjeta_visa_debitos_automaticos_delta2	4.68292002210146e-05	5.96629877449286e-05	3.6128733904649e-05
ccajas_consultas	4.53093421953861e-05	0.000327458987390874	1.44514935618596e-05
vm_msaldodolares_rank_delta1	4.48545879061806e-05	0.000320765863646273	5.78059742474385e-05
vm_cconsumos_delta1	4.34190760278987e-05	0.000262518053097199	7.22574678092981e-05
vmr_mpagosdolares_lag1	4.28765553380966e-05	0.00013300571937662	6.50317210283683e-05
vm_mpagosdolares_rank_delta1	4.1041307258859e-05	3.08923287783997e-05	2.89029871237192e-05
ctransferencias_recibidas_delta1	4.04696996084148e-05	0.000788966464258994	7.22574678092981e-05
ctransferencias_emitidas	3.80922664906635e-05	0.00059956212036634	4.33544806855789e-05
mforex_sell_rank_delta1	3.7271100559744e-05	0.000546452348606064	8.67089613711577e-05
cextraccion_autoservicio_delta1	3.51914137849218e-05	0.000492904335250874	7.22574678092981e-05
cprestamos_prendarios_delta2	3.38944979904129e-05	0.000870898973022863	4.33544806855789e-05
rf_018_010	3.27932719851225e-05	0.000313261259776974	5.78059742474385e-05
ctarjeta_visa_debitos_automaticos_lag1	3.25523762648838e-05	0.000116966288640666	5.78059742474385e-05
cpayroll_trx_delta2	3.00409679722192e-05	0.000415029831790166	2.89029871237192e-05
cprestamos_personales	3.00386846244594e-05	0.0011098636945648	6.50317210283683e-05
ccuenta_debitos_automaticos_lag2	2.53082905973806e-05	0.000195305715186976	4.33544806855789e-05
ccuenta_debitos_automaticos_delta2	2.18522055515351e-05	0.000402754380865097	3.6128733904649e-05
cseguro_accidentes_personales_tend6	2.09203243127103e-05	0.000570395698552111	3.6128733904649e-05
cseguro_vivienda_tend6	1.6945286984896e-05	0.000584710658438124	3.6128733904649e-05
cplazo_fijo_delta1	1.67041429615991e-05	0.000139215704060392	7.22574678092981e-06
catm_trx_delta1	1.24043920951123e-05	4.7210516844819e-05	2.89029871237192e-05
ctransferencias_emitidas_delta1	1.21941118645199e-05	0.000334369946988622	2.16772403427894e-05
cpagomiscuentas_lag1	1.20799251948966e-05	6.03372811682168e-05	1.44514935618596e-05
cpayroll_trx_lag2	1.1089270899622e-05	0.000167409800956206	1.44514935618596e-05
ctransferencias_recibidas	1.06494035578502e-05	1.74784171940366e-05	1.44514935618596e-05
vmr_msaldodolares_delta1	1.05527597767245e-05	2.82128419657592e-05	3.6128733904649e-05
cpagomiscuentas	1.03673719277197e-05	0.000513771150592269	2.16772403427894e-05
ctarjeta_debito	8.24352281648274e-06	0.00018777715088553	1.44514935618596e-05
cseguro_auto_delta2	7.28633991217455e-06	0.000245006151766125	2.16772403427894e-05
cliente_edad_delta1	5.39024657302493e-06	1.86613973944494e-05	7.22574678092981e-06
ccuenta_debitos_automaticos_lag1	4.48173065197967e-06	4.04365171936019e-05	7.22574678092981e-06
ccallcenter_transacciones	2.61639235156943e-06	9.8965050282087e-05	7.22574678092981e-06
cforex_sell_delta2	1.37633039624656e-06	1.53732249033268e-05	7.22574678092981e-06
ctarjeta_master_transacciones	1.37465719429774e-06	0.000208215097166984	7.22574678092981e-06
cpayroll_trx	1.31946955077879e-06	0.000210152037337949	7.22574678092981e-06
