fecha	cp	minsplit	minbucket	maxdepth	xval_folds	ganancia	iteracion
20230829 191035	-0.949120880379633	4447	1917	9	5	49995000	1
20230829 191044	-0.448915289968136	4675	2280	12	5	50031000	2
20230829 191050	0.046333909482928	2689	586	10	5	0	3
20230829 191059	-0.556337399664335	6548	1651	20	5	50445000	4
20230829 191105	-0.602332405421475	2030	111	5	5	52167000	5
20230829 191111	-0.238264978677034	7312	2697	7	5	50874000	6
20230829 191120	-0.881595923259738	6322	1404	11	5	50604000	7
20230829 191130	-0.0852815073827514	7665	410	13	5	50430000	8
20230829 191142	-0.055932583825779	5661	44	16	5	51333000	9
20230829 191150	-0.639730331828468	7646	2466	17	5	50838000	10
20230829 191155	-0.769359180692118	3852	928	3	5	50136000	11
20230829 191204	-0.371069412460201	4336	1902	19	5	49998000	12
20230829 191210	-0.446803207841003	2801	474	6	5	50649000	13
20230829 191218	-0.791663575120037	7587	3226	19	5	50763000	14
20230829 191228	-0.898113499942701	6816	959	18	5	50604000	15
20230829 191238	-0.483915410353802	7523	764	15	5	50604000	16
20230829 191252	-0.15376484274493	7027	1	20	5	50337000	17
20230829 191305	-0.341460143658114	5677	4	14	5	50616000	18
20230829 191320	-0.574682290739557	3584	40	20	5	51102000	19
20230829 191327	-0.51932345847782	7157	2712	6	5	50874000	20
20230829 191336	-0.13239251906357	8000	2507	16	5	50838000	21
20230829 191349	-0.688975206291498	1521	758	20	5	51141000	22
20230829 191354	-0.682520626407366	7010	4	3	5	49767000	23
20230829 191403	-0.0904513154145427	5379	2687	20	5	50022000	24
20230829 191419	-0.834169961956722	300	149	20	5	47439000	25
20230829 191429	-0.52478639291994	30	15	9	5	52437000	26
20230829 191447	-0.270963477761581	36	13	19	5	38247000	27
20230829 191452	-0.344632787679296	7999	3537	3	5	49767000	28
20230829 191500	-0.393335503711013	7813	8	6	5	50844000	29
20230829 191505	-0.538129907196411	4158	4	3	5	50136000	30
20230829 191520	-0.0658977966297465	7704	10	20	5	50370000	31
20230829 191525	-0.170676851545714	5758	2401	3	5	49767000	32
20230829 191538	-0.632994105600819	427	211	14	5	49122000	33
20230829 191548	-0.720275966212831	5625	2807	18	5	51012000	34
20230829 191554	-0.599112417161422	7986	3988	3	5	49767000	35
20230829 191609	-0.750752875231256	7911	3	20	5	50442000	36
20230829 191618	-0.578895341194235	2724	1359	9	5	51537000	37
20230829 191631	-0.503853563939372	1529	764	20	5	51117000	38
20230829 191643	-0.11552436776377	5231	172	16	5	50994000	39
20230829 191648	-0.999735896592717	7999	3891	3	5	49767000	40
20230829 191654	-0.999945927952451	7997	7	3	5	49767000	41
20230829 191702	-0.199606490769576	7981	3971	16	5	49767000	42
20230829 191708	-0.914003806816531	7995	3714	3	5	49767000	43
20230829 191713	0.0988804730673667	7996	3994	5	5	0	44
20230829 191723	-0.99966453703036	7997	2255	20	5	50085000	45
20230829 191732	-0.327995880247602	7999	2053	20	5	49836000	46
20230829 191738	-0.504638605857023	889	138	3	5	50385000	47
20230829 191747	-0.596047837483298	7991	102	9	5	50880000	48
20230829 191755	-0.706198266067225	2448	3	8	5	51324000	49
20230829 191807	-0.527678901855809	1984	2	11	5	53802000	50
20230829 191812	-0.999994044529862	41	13	3	5	50385000	51
20230829 191829	-0.999804411398951	2162	2	20	5	51924000	52
20230829 191836	-0.742323395561402	7998	3996	6	5	49767000	53
20230829 191845	-0.523420606296149	8000	3996	20	5	49767000	54
20230829 191851	-0.831499323689254	7990	8	3	5	49767000	55
20230829 191856	-0.901759196910817	2246	1	3	5	50385000	56
20230829 191906	-0.182615698114561	6276	1856	15	5	50463000	57
20230829 191921	-0.411734301297236	6334	3	20	5	50856000	58
20230829 191932	-0.55127912518123	1713	6	10	5	53691000	59
20230829 191937	-0.210904859865924	7992	5	3	5	49767000	60
20230829 191949	-0.99985353228284	5053	12	14	5	50277000	61
20230829 191958	-0.390915360471978	7992	3993	14	5	49767000	62
20230829 192007	-0.688038629586461	7994	3990	20	5	49767000	63
20230829 192021	-0.538566997548271	1941	4	15	5	53745000	64
20230829 192027	-0.999934799733477	2830	1402	3	5	50394000	65
20230829 192040	-0.537712217214391	1697	3	12	5	53976000	66
20230829 192053	-0.972357446920313	1252	623	15	5	51768000	67
20230829 192105	-0.415223265210223	1488	4	13	5	54870000	68
20230829 192120	-0.425500497305726	41	3	14	5	44187000	69
20230829 192130	-0.402147250139136	2726	7	10	5	51030000	70
20230829 192143	-0.466057649142647	2208	5	13	5	52443000	71
20230829 192157	-0.772040203115265	1894	5	16	5	53583000	72
20230829 192203	-0.304978908318088	5564	2156	3	5	49767000	73
20230829 192214	-0.4004219743997	1661	826	12	5	51168000	74
20230829 192224	-0.793606065418033	1250	620	7	5	52392000	75
20230829 192233	-0.52198734585687	1326	7	8	5	54678000	76
20230829 192242	-0.999489361639025	7994	3991	13	5	49767000	77
20230829 192255	-0.200108062347457	7997	1	15	5	50622000	78
20230829 192309	-0.416721440417747	2005	6	16	5	52959000	79
20230829 192319	-0.763065493841746	7998	1437	14	5	50604000	80
20230829 192330	-0.860194811753813	3353	1675	16	5	50430000	81
20230829 192341	-0.999971822358086	1138	3	9	5	54033000	82
20230829 192353	-0.898928253945233	1289	1	11	5	53496000	83
20230829 192400	-0.63708305026716	4870	2433	5	5	50064000	84
20230829 192409	-0.999864804757917	7999	721	9	5	50604000	85
20230829 192419	-0.933109191783293	7	1	8	5	48933000	86
20230829 192430	-0.999637797719365	1834	11	11	5	53820000	87
20230829 192441	-0.772595532848482	1270	2	10	5	54222000	88
20230829 192452	-0.603547958731845	1188	1	9	5	52332000	89
20230829 192502	-0.41897192345715	7942	51	12	5	51027000	90
20230829 192514	-0.746978232849025	1399	678	13	5	50820000	91
20230829 192525	-0.793137085231648	3499	3	10	5	50907000	92
20230829 192534	-0.280015168344552	6199	3098	20	5	50817000	93
20230829 192540	-0.770748838779162	140	4	3	5	50385000	94
20230829 192549	-0.886660029589607	7987	3518	20	5	49653000	95
20230829 192555	-0.416843786871587	7319	2628	3	5	49767000	96
20230829 192601	-0.126906902535112	7995	3996	3	5	49767000	97
20230829 192609	-0.416974561056108	1586	1	6	5	51840000	98
20230829 192615	-0.578354041304179	7997	1310	4	5	49080000	99
20230829 192621	-0.234789708430553	7939	3964	3	5	49767000	100
20230829 192636	-0.665361980057933	6221	2	20	5	50853000	101
20230829 192649	-0.522236275439143	1368	10	13	5	54669000	102
20230829 192700	-0.279507431542085	7943	4	13	5	50667000	103
20230829 192707	-0.463678721694584	6678	1	5	5	51099000	104
20230829 192717	-0.604446974034753	5796	2892	20	5	50991000	105
20230829 192723	-0.824448206468122	6862	3422	3	5	49767000	106
20230829 192733	-0.864770967714082	1542	4	9	5	54378000	107
20230829 192743	-0.309234675883512	6795	3361	13	5	51201000	108
20230829 192752	-0.999992590620215	5844	2917	18	5	50844000	109
20230829 192804	-0.833328585198389	1435	3	10	5	54597000	110
20230829 192818	-0.528600528001265	7999	3	18	5	50508000	111
20230829 192830	-0.866917013548958	7990	3	15	5	50622000	112
20230829 192839	-0.579241911047388	7384	3692	14	5	50022000	113
20230829 192852	-0.31600470883186	1660	1	13	5	54072000	114
20230829 192900	-0.132742308277045	6602	1	6	5	51378000	115
20230829 192910	-0.951806437147313	7289	2558	15	5	50799000	116
