Feature	Gain	Cover	Frequency
rf_004_022	0.134871946423829	0.00472650078848057	0.00513347022587269
ctrx_quarter	0.0801387844077781	0.00192946968170726	0.00126362344021482
rf_009_015	0.0718847308962091	0.00206089601894603	0.00252724688042963
rf_018_027	0.0462327831712724	0.00192059042577382	0.00229031748538935
rf_008_022	0.0419761493863964	0.00120519983886641	0.00197441162533565
vm_status01	0.0327197201480099	0.000807261070006269	0.000552835255093982
mpasivos_margen_rank	0.0238316515680335	0.00671210353812135	0.00473858790080556
rf_006_019	0.0223218935387871	0.00242880488102893	0.00434370557573843
mcuenta_corriente_rank	0.0213870259346476	0.00651955761938712	0.00529142315589954
mcaja_ahorro_rank	0.0202212261510778	0.00248751778809155	0.00165850576528195
rf_013_026	0.016618493880328	0.00452316954277464	0.00252724688042963
mpayroll_sobre_edad_rank	0.016348589493488	0.00188059504815036	0.00110567051018796
cdescubierto_preacordado	0.0151603514675268	0.0130208655688598	0.00687095245616806
mcuentas_saldo_rank	0.0127698251689911	0.00423954466102582	0.00284315274048334
mpayroll_rank	0.0123973303403381	0.00157923621243703	0.000868741115147686
vm_status06_tend6	0.012113615219503	0.00173251593434143	0.00078976465013426
mprestamos_personales_rank	0.0111064847826527	0.0109498831786251	0.00537039962091297
ctrx_quarter_delta2	0.00845420716745839	0.00269934417895017	0.00268519981045648
mcomisiones_mantenimiento_rank_tend6	0.00811375846655659	0.0033920375968539	0.00252724688042963
Visa_status_tend6	0.00799409312741768	0.00186162375371999	0.00110567051018796
rf_003_018	0.0074410417832891	0.00252475449468143	0.00284315274048334
mcaja_ahorro_rank_lag1	0.00701299556539013	0.00112005444287975	0.00150055283525509
Visa_status	0.00682530842186975	0.000442035316180392	0.000315905860053704
rf_010_015	0.00675803154945898	0.00176910217136326	0.00134259990522824
vm_status04_tend6	0.00639924591989059	0.00102730995033222	0.000473858790080556
foto_mes	0.0063582792092228	0.00919785567600104	0.00979308166166482
rf_017_021	0.00596842273467074	0.000549714791511362	0.00039488232506713
mcuentas_saldo_rank_tend6	0.00561500166984304	0.00377373729534545	0.00386984678565787
mpasivos_margen_rank_lag2	0.00482322979284006	0.00270549561865045	0.00371189385563102
cproductos_delta2	0.00442055653485339	0.001212761154039	0.000552835255093982
mactivos_margen_rank	0.00440002732094302	0.00487896254332891	0.00418575264571158
mtarjeta_visa_consumo_rank	0.00429952730183552	0.00124213681310935	0.00110567051018796
ctarjeta_visa_transacciones_tend6	0.00417097012852126	0.00209811383484178	0.00157952930026852
rf_017_020	0.00412070137138152	0.000826462201215289	0.00110567051018796
ctrx_quarter_normalizado_delta2	0.00400674048367307	0.00234430806554092	0.00244827041541621
mprestamos_personales_rank_lag2	0.00387945002227858	0.00427650493379152	0.00244827041541621
rf_016_022	0.00382345267129301	0.00044266563567471	0.00039488232506713
rf_014_025	0.00338974504027705	0.0021882633757049	0.00268519981045648
internet	0.00314503928050967	0.0026532093257327	0.00308008213552361
mprestamos_personales_rank_tend6	0.00313076060950502	0.0018697883117253	0.00102669404517454
cliente_vip_delta1	0.003006789444677	0.00147026524331701	0.00078976465013426
mcuentas_saldo_rank_delta2	0.00293743986265511	0.00462844045460335	0.00544937608592639
thomebanking	0.00287253183116303	0.00341310386926388	0.00544937608592639
mcuenta_corriente_rank_tend6	0.00285434429158814	0.00500966158884347	0.00323803506555047
mcuenta_corriente_rank_lag1	0.00282922119679156	0.0036025221187391	0.00300110567051019
mpayroll_rank_lag2	0.00276397372723931	0.0030552297439057	0.00150055283525509
tcallcenter	0.0027214919994375	0.00228188817459914	0.00142157637024167
rf_007_015	0.00267068674426519	0.00122307421365732	0.00157952930026852
vm_status02_delta1	0.00267049265247916	0.00060385363183399	0.000552835255093982
ccomisiones_mantenimiento_tend6	0.002669850639795	0.00248423143700179	0.00118464697520139
Visa_mpagominimo_rank	0.00257829646682362	0.00505215179747241	0.00560732901595325
rf_001_022	0.00256794270143218	0.00133077824689067	0.00221134102037593
ctrx_quarter_tend6	0.00249839868415436	0.00125288183993356	0.00126362344021482
ccomisiones_mantenimiento_delta2	0.00248615104258213	0.000346503186868287	0.000157952930026852
mprestamos_personales_rank_lag1	0.00242316055317071	0.00269679708369091	0.00165850576528195
Visa_delinquency	0.00232769324468341	0.00246509201539361	0.00173748223029537
ctrx_quarter_normalizado_delta1	0.00230716801556809	0.002552431880349	0.00165850576528195
mrentabilidad_annual_rank_lag1	0.00228976124118478	0.00309335746156897	0.00410677618069815
ctrx_quarter_delta1	0.00218931173178428	0.00243553500565957	0.00150055283525509
mrentabilidad_annual_rank_lag2	0.00218198842602113	0.0051220662564675	0.00694992892118149
Visa_mpagominimo_rank_lag1	0.00192637746913766	0.00226077152700479	0.00236929395040278
mcuentas_saldo_rank_delta1	0.0019123873985667	0.00283772606976959	0.00276417627546991
cproductos	0.00187245676532385	0.00876233764929736	0.00402779971568473
mactivos_margen_rank_lag1	0.00186521782121934	0.00423765999944091	0.00323803506555047
mrentabilidad_annual_rank_delta2	0.00180015067052232	0.00372075834364273	0.00687095245616806
mcomisiones_rank_lag2	0.00179813371851736	0.0035715344537692	0.00552835255093982
rf_012_028	0.00176300955157496	0.000140500167321805	7.8976465013426e-05
mcuentas_saldo_rank_lag2	0.00174048708000725	0.00342846515204498	0.0036329173906176
cproductos_tend6	0.00169761947223368	0.000818567150446303	0.00039488232506713
Visa_msaldototal_rank	0.00167501612565441	0.00237645750820015	0.00284315274048334
mcuenta_debitos_automaticos_rank	0.00166658618773376	0.00178559437703326	0.00110567051018796
Master_status_delta2	0.00166601479378185	0.00016635586038492	0.000236929395040278
Master_fultimo_cierre_tend6	0.00166343766691522	0.00130075211825226	0.00205338809034908
rf_009_026	0.00163797054253585	0.000108807879460657	7.8976465013426e-05
Visa_mpagospesos_rank_tend6	0.00163403946461321	0.00326316528146223	0.00521244669088612
mcomisiones_otras_rank_lag2	0.00159000995431133	0.00302977579293786	0.00544937608592639
mtransferencias_recibidas_rank	0.00153417310396985	0.00239748222108304	0.0018164586953088
ccaja_ahorro	0.00151183590923838	0.00969725384430317	0.00442268204075186
mrentabilidad_annual_rank	0.00151061375481091	0.00304332293939216	0.00315905860053704
mttarjeta_visa_debitos_automaticos_rank_tend6	0.0015024456327951	0.00363316912152475	0.00236929395040278
cproductos_delta1	0.00149134610786676	0.000346503186868287	0.000157952930026852
mtarjeta_visa_consumo_rank_delta2	0.00147502976273534	0.00226893230687128	0.00205338809034908
ctrx_quarter_normalizado_tend6	0.00146297576198697	0.00242060506039456	0.00221134102037593
mcomisiones_rank_delta2	0.00146110946349594	0.00398868379918543	0.00616016427104723
vm_cconsumos_delta2	0.00144957858868266	0.000693006373736573	0.000315905860053704
cprestamos_personales_lag1	0.00137793011347372	0.00067808398474922	0.00039488232506713
mcomisiones_otras_rank_lag1	0.00135295988425954	0.00279426362008248	0.00386984678565787
mrentabilidad_annual_rank_delta1	0.00129793594046651	0.00328077707560466	0.00521244669088612
mrentabilidad_rank_lag2	0.00126322908730865	0.00415429599591122	0.0057652819459801
Master_fechaalta	0.00125233855768782	0.0035000426218138	0.00584425841099352
cdescubierto_preacordado_lag2	0.00125038894199257	0.00539135499043697	0.00315905860053704
vm_fechaalta_lag2	0.00122354842890918	0.00258031139644382	0.0036329173906176
mcuenta_corriente_rank_lag2	0.00117504886391518	0.00545104580576599	0.00442268204075186
mactivos_margen_rank_delta2	0.00117208393371462	0.00395560241561552	0.00592323487600695
vm_msaldopesos_rank	0.00117093869350962	0.000655437820619709	0.000631811720107408
mprestamos_personales_rank_delta2	0.0011427468856917	0.00231641343689079	0.00126362344021482
Visa_mpagominimo_rank_lag2	0.00112667677640243	0.00292395453222001	0.00355394092560417
rf_013_024	0.00111672364765841	0.000967441562478328	0.00142157637024167
Visa_fultimo_cierre_tend6	0.00110792521299704	0.00159188101340146	0.00221134102037593
cliente_edad_lag2	0.00109540501144343	0.00413359746234707	0.00308008213552361
mrentabilidad_rank_delta2	0.00107271348456989	0.00301532944944272	0.00544937608592639
Visa_msaldopesos_rank_lag2	0.0010643388706561	0.00151592908856069	0.00197441162533565
rf_012_027	0.00106103071821287	0.00208777369856187	0.00379087032064445
Visa_mfinanciacion_limite_rank	0.00105607495445887	0.00194604374705185	0.00268519981045648
mactivos_margen_rank_delta1	0.00105403515903314	0.00383863501566799	0.00450165850576528
Visa_msaldopesos_rank	0.00105208402972549	0.00162858752117595	0.00221134102037593
Visa_msaldopesos_rank_delta2	0.00102480313760035	0.00168480937537191	0.00236929395040278
Visa_cconsumos_tend6	0.00102073755063684	0.00337385089591995	0.00465961143579213
vm_mpagospesos_rank_tend6	0.0010161365792452	0.00098575420137318	0.00102669404517454
vm_fechaalta	0.00100777127703281	0.00314984441517263	0.00379087032064445
mcomisiones_mantenimiento_rank_delta2	0.000988244899387092	0.00405248208110929	0.00244827041541621
Visa_mconsumototal_rank_delta1	0.000963327035142182	0.00157612554480274	0.00268519981045648
mtarjeta_visa_consumo_rank_delta1	0.000933840849264034	0.000763570672609928	0.000631811720107408
Visa_mfinanciacion_limite_rank_tend6	0.000929143396168041	0.00388416410729351	0.00489654083083241
ctarjeta_visa_transacciones_delta2	0.000916986434341381	0.00399993005909403	0.00236929395040278
mcomisiones_otras_rank_delta1	0.000913300365272026	0.0025941482002082	0.0036329173906176
ctarjeta_visa_delta2	0.000907564293533083	0.000173251593434143	7.8976465013426e-05
Master_delinquency	0.000905605630700082	0.00398081267662901	0.00260622334544306
rf_009_025	0.000897822724896093	0.00160306430432962	0.00205338809034908
mcomisiones_otras_rank_delta2	0.000894574710017536	0.00321187767657444	0.00513347022587269
Master_mfinanciacion_limite_rank_tend6	0.000887409364229645	0.00297481268866113	0.00473858790080556
Master_fechaalta_lag2	0.000879136091053312	0.00269717363819401	0.004264729110725
Visa_fechaalta	0.000877195035479528	0.0024688569307348	0.00347496446059074
Master_fechaalta_lag1	0.000869563159744636	0.003114011287157	0.00489654083083241
Visa_Fvencimiento_tend6	0.000867043866692977	0.00146100565474164	0.00150055283525509
thomebanking_lag1	0.000855305748560635	0.00228898037086737	0.00442268204075186
mrentabilidad_rank_delta1	0.000854070437453987	0.00281726555895154	0.00442268204075186
Visa_mconsumototal_rank	0.000850618024411041	0.002555334120658	0.00410677618069815
mcaja_ahorro_dolares_rank	0.000849100797210069	0.00335230605925853	0.00244827041541621
mpasivos_margen_rank_lag1	0.000846637174539467	0.00158818725300819	0.00197441162533565
rf_016_020	0.000845199126734725	0.00147345714093609	0.0021323645553625
Visa_msaldopesos_rank_tend6	0.000844411199991731	0.00268125067210728	0.00300110567051019
chomebanking_transacciones	0.000842596009704487	0.0028779947327682	0.00323803506555047
Master_fechaalta_tend6	0.000828589767960504	0.00051894688828324	0.000631811720107408
cliente_edad_lag1	0.000820135560305443	0.00355291515593955	0.00308008213552361
thomebanking_lag2	0.000819144434357249	0.00282922777616788	0.00537039962091297
Visa_mpagospesos_rank_delta2	0.000818154259657386	0.00163943140929947	0.00331701153056389
chomebanking_transacciones_lag2	0.000818136350747741	0.00222476397491331	0.0036329173906176
Visa_mconsumospesos_rank	0.000816554587071138	0.00236439391092528	0.0036329173906176
vm_Fvencimiento_lag2	0.000808955858190618	0.00204265894282772	0.00308008213552361
Visa_mconsumototal_rank_delta2	0.000804356694644605	0.00174720785686033	0.00308008213552361
vmr_mpagominimo_lag2	0.000797036307342923	0.00284587740428901	0.00276417627546991
mcomisiones_otras_rank_tend6	0.00079396082795735	0.00217928651785176	0.00276417627546991
mcomisiones_rank_lag1	0.000779495873603392	0.0017417339633897	0.00252724688042963
vm_fultimo_cierre_tend6	0.00077926738253955	0.00143768761159072	0.0018164586953088
rf_017_016	0.000767833667040161	0.00180627590897269	0.0021323645553625
Visa_cconsumos	0.000764023361111994	0.00258265510189622	0.00323803506555047
Visa_fechaalta_lag1	0.000759357314518348	0.00177219772644224	0.00268519981045648
mrentabilidad_rank_lag1	0.000751522742590674	0.00238627878008114	0.00323803506555047
rf_003_019	0.000746302556693639	0.000249493175584988	0.000236929395040278
cdescubierto_preacordado_lag1	0.000746288455184289	0.00394516026958728	0.0021323645553625
vm_fechaalta_lag1	0.000730062668505168	0.00209224701493313	0.00355394092560417
mcomisiones_otras_rank	0.000728604053715324	0.0020543491340485	0.00355394092560417
mpasivos_margen_rank_delta1	0.000726110428939653	0.00274567927352546	0.00355394092560417
mrentabilidad_rank	0.00071496877277325	0.00240247440185322	0.00268519981045648
Visa_msaldototal_rank_delta2	0.000707477103199093	0.00120591642586395	0.00197441162533565
Visa_mlimitecompra_rank_delta2	0.000705759544423952	0.00326418348987613	0.00465961143579213
cmobile_app_trx_lag2	0.000701340732495351	0.00141782593577676	0.00165850576528195
mpasivos_margen_rank_delta2	0.000700929447657129	0.00249080036104247	0.00450165850576528
Visa_mpagospesos_rank_lag1	0.000697286356315359	0.00159463023908797	0.00292212920549676
Master_mfinanciacion_limite_rank_delta2	0.00068532941992613	0.0024010349309601	0.00371189385563102
mcuenta_corriente_rank_delta2	0.000680688958340835	0.00285535738429596	0.00165850576528195
mpagomiscuentas_rank	0.000678724264277552	0.00172904508413896	0.000947717580161112
rf_004_021	0.000678492895802923	0.00111909038778904	0.000552835255093982
mcomisiones_rank	0.000674470187858281	0.00210751825207218	0.00292212920549676
mcomisiones_rank_tend6	0.000669601214021699	0.00246501393385785	0.00323803506555047
Master_Fvencimiento	0.000669221262355877	0.00290129262584539	0.00434370557573843
Visa_mconsumototal_rank_lag1	0.000665617919387247	0.00156515823747753	0.00315905860053704
Master_mlimitecompra_rank_delta2	0.000661833573578784	0.00309068190958959	0.00458063497077871
Visa_mlimitecompra_rank_tend6	0.000657700848309935	0.00314087763235636	0.00434370557573843
mactivos_margen_rank_lag2	0.000657659496220796	0.00290128192111871	0.0039488232506713
vm_msaldototal_rank	0.000649726441857193	3.46134188642842e-05	7.8976465013426e-05
Visa_mconsumospesos_rank_tend6	0.00064857761533665	0.00216148707614759	0.0039488232506713
Visa_msaldototal_rank_lag1	0.000647594865354758	0.00148057956231493	0.0021323645553625
Visa_mpagospesos_rank_delta1	0.000643995226301721	0.00190638903161263	0.0036329173906176
mpayroll_rank_tend6	0.000642348294866227	0.00176870798554563	0.000947717580161112
Visa_cconsumos_delta2	0.000634344366330436	0.00112309143680691	0.00134259990522824
ccaja_ahorro_lag2	0.00063400730903952	0.00952883763887788	0.00434370557573843
Visa_delinquency_lag1	0.000632834749468422	0.00296812223448817	0.00165850576528195
vmr_msaldopesos2_tend6	0.000631527241800079	0.00258388488608444	0.00173748223029537
mttarjeta_visa_debitos_automaticos_rank_delta2	0.000629319164619142	0.000959498025594394	0.000710788185120834
vm_mpagominimo_rank_lag2	0.000623755619817985	0.00126877017308104	0.00157952930026852
vm_mlimitecompra_rank_tend6	0.000620067153857962	0.00375515137107543	0.00308008213552361
Visa_mpagominimo_rank_delta2	0.000617067429593306	0.00212818719021552	0.00252724688042963
rf_002_026	0.00061499085667479	0.0005033286920619	0.000473858790080556
Visa_fechaalta_lag2	0.000614556347430524	0.00249949008034475	0.00339598799557732
Master_mfinanciacion_limite_rank_lag2	0.000613101565819137	0.00237087908622196	0.00339598799557732
ctarjeta_visa_transacciones	0.000603317990104471	0.00159453389654788	0.00134259990522824
ccomisiones_mantenimiento_delta1	0.000594591438230098	0.00190576752777558	0.000868741115147686
Visa_mpagospesos_rank	0.000594493789369558	0.00166767110796247	0.00252724688042963
Master_mfinanciacion_limite_rank_delta1	0.000593247233515053	0.00261911980878577	0.00458063497077871
Visa_Fvencimiento	0.000592740422399986	0.00175527607232556	0.00260622334544306
chomebanking_transacciones_delta1	0.000592484722572405	0.00345004965916408	0.00260622334544306
rf_007_018	0.000590585087966324	0.000976522948839017	0.000710788185120834
Master_mfinanciacion_limite_rank_lag1	0.000586977662641984	0.0026672174051239	0.00355394092560417
mactivos_margen_rank_tend6	0.000586452544102839	0.0019274389320877	0.00205338809034908
mcomisiones_mantenimiento_rank_lag2	0.00058464857140242	0.00333146710486797	0.00276417627546991
cliente_edad	0.00058258047015818	0.00248831371600445	0.00260622334544306
mcaja_ahorro_dolares_rank_delta2	0.000581493509427392	0.00250003539171546	0.00142157637024167
Visa_mconsumospesos_rank_delta1	0.000581213034737955	0.00240174522105959	0.00386984678565787
ctrx_quarter_lag2	0.000578714214403053	0.00135909476770982	0.00189543516032222
cliente_antiguedad_lag2	0.000574826808133324	0.00196596650277684	0.00236929395040278
Master_mfinanciacion_limite_rank	0.000574672795610281	0.00246501834168649	0.00355394092560417
chomebanking_transacciones_delta2	0.000572152527814578	0.00181126179284483	0.00260622334544306
mcaja_ahorro_rank_tend6	0.000572033314798273	0.0038820842418692	0.00308008213552361
Visa_mconsumosdolares_rank	0.000570195540199135	0.00143148390763665	0.00260622334544306
Master_Fvencimiento_tend6	0.000568466627382236	0.00100522421012873	0.00134259990522824
ccallcenter_transacciones_tend6	0.000568185822179562	0.00206423967180799	0.00118464697520139
ccomisiones_otras_tend6	0.000567605556713215	0.0012131786383794	0.00134259990522824
vmr_mpagominimo	0.000565563404454336	0.000974040081939821	0.000868741115147686
mcaja_ahorro_rank_delta2	0.000560414592456805	0.00225683281727756	0.00205338809034908
Visa_mconsumospesos_rank_delta2	0.000558428168237025	0.00168970899174082	0.00323803506555047
Master_mlimitecompra_rank_lag1	0.00055543799309635	0.00210829402991134	0.00323803506555047
Master_mlimitecompra_rank_tend6	0.000542562858752797	0.00223693524914475	0.00386984678565787
Visa_mconsumototal_rank_lag2	0.00054183263776768	0.00201207176057349	0.0036329173906176
chomebanking_transacciones_lag1	0.000539663199981094	0.00195618427166373	0.00252724688042963
numero_de_cliente	0.000537879533407486	0.00252845329259314	0.00260622334544306
rf_011_016	0.000536459018895342	0.000785771016357844	0.000710788185120834
ccajas_transacciones_delta1	0.000536226950651827	0.00221472483035996	0.00102669404517454
ccomisiones_otras_delta2	0.000530781381053567	0.000952303189888027	0.000868741115147686
Visa_mfinanciacion_limite_rank_lag2	0.000529621910076355	0.00160164498351024	0.00260622334544306
Visa_Fvencimiento_lag2	0.000521105834493355	0.00164294822685768	0.00260622334544306
Visa_mlimitecompra_rank_delta1	0.000517387400639187	0.0026965729141205	0.00386984678565787
ccaja_ahorro_lag1	0.000512747341615383	0.000693006373736573	0.000315905860053704
Visa_mpagominimo_rank_delta1	0.000512724219307563	0.0020053479328409	0.00205338809034908
Visa_mfinanciacion_limite_rank_lag1	0.000510576135840229	0.00168519159708325	0.00276417627546991
Master_mlimitecompra_rank	0.000509492701944631	0.00210162309612233	0.00300110567051019
ccajas_consultas_tend6	0.0005094556509315	0.00230488822439879	0.00110567051018796
vmr_mpagominimo_tend6	0.000497939716475524	0.00126296506277323	0.000868741115147686
Master_Fvencimiento_lag2	0.00049762374662282	0.00243810728851101	0.00355394092560417
rf_010_019	0.000496918069062541	0.0013439267996987	0.00173748223029537
mcuentas_saldo_rank_lag1	0.000493800024084101	0.00355579283834618	0.00252724688042963
cliente_antiguedad_lag1	0.000482776899145289	0.00287127027534581	0.00229031748538935
Master_Fvencimiento_lag1	0.000481389403811207	0.00237139795062088	0.00371189385563102
mcomisiones_mantenimiento_rank	0.000480242124363044	0.00246343656089755	0.00229031748538935
rf_020_016	0.000473399068869181	0.00109854864698621	0.00078976465013426
Visa_Fvencimiento_lag1	0.000472878369917251	0.00163676593235697	0.00252724688042963
mrentabilidad_annual_rank_tend6	0.000471482180601672	0.00231613448430739	0.00260622334544306
vmr_msaldopesos	0.000469025603908243	0.00148538661428259	0.00150055283525509
vm_Fvencimiento_lag1	0.000466974549034083	0.00171482542897344	0.00252724688042963
vmr_mconsumospesos_lag2	0.000466484292312694	0.0010573461540075	0.00173748223029537
Visa_mconsumospesos_rank_lag1	0.00045974859157102	0.00132631185710725	0.00221134102037593
mtransferencias_recibidas_rank_lag2	0.000457916400009913	0.00131738096660984	0.0018164586953088
Visa_msaldototal_rank_lag2	0.000455960094620539	0.00126144562127494	0.00173748223029537
internet_tend6	0.000446550073809359	0.00238726109617618	0.00126362344021482
mcaja_ahorro_rank_delta1	0.00044293341550836	0.00242013216335137	0.00189543516032222
Visa_mconsumosdolares_rank_lag2	0.000441139396582999	0.00256868858203212	0.00315905860053704
mcaja_ahorro_rank_lag2	0.000440432076461044	0.00136420281140403	0.00157952930026852
cmobile_app_trx_tend6	0.000439593995143754	0.00315901647686517	0.0021323645553625
Visa_mlimitecompra_rank_lag1	0.000439448759228998	0.00184407052072938	0.00268519981045648
Visa_mlimitecompra_rank	0.000437287841076975	0.00140686240659038	0.00229031748538935
Visa_mlimitecompra_rank_lag2	0.000437153923000655	0.00139452678331997	0.0021323645553625
rf_014_015	0.000435413034659756	0.0011759960851127	0.000552835255093982
Visa_mpagospesos_rank_lag2	0.000429570844026081	0.00276650374505052	0.00347496446059074
mtransferencias_recibidas_rank_lag1	0.000428449413263073	0.00215831218015324	0.00142157637024167
mautoservicio_rank_delta2	0.000424823353567081	0.00158103901434736	0.00110567051018796
Master_fultimo_cierre_delta2	0.000423570046497861	0.000342747087184366	0.000552835255093982
ctarjeta_visa_debitos_automaticos_tend6	0.000423324760397596	0.000976541209843348	0.000552835255093982
Visa_cconsumos_lag1	0.000422401606573108	0.00145269060087305	0.00173748223029537
mtarjeta_visa_consumo_rank_lag2	0.000420497394749582	0.00207401749509247	0.00229031748538935
Visa_fechaalta_delta2	0.000418222178631567	0.000351876329970197	0.00039488232506713
Master_msaldototal_rank	0.000411017863562319	0.00134777924192272	0.00126362344021482
mcomisiones_rank_delta1	0.00040959459079448	0.00199424524220772	0.00252724688042963
vmr_Master_mlimitecompra_tend6	0.000408598502634465	0.00158607023588542	0.00118464697520139
rf_004_019	0.000407650231237524	0.00124852375679652	0.00205338809034908
mtransferencias_emitidas_rank	0.000403049877877875	0.00163445685984382	0.00142157637024167
mcuenta_debitos_automaticos_rank_lag2	0.000402269293459924	0.00168776325024488	0.000947717580161112
vmr_mpagominimo_delta1	0.000401531124755523	0.00165295147909217	0.00118464697520139
mprestamos_personales_rank_delta1	0.000399275892093111	0.00378209957594938	0.00205338809034908
thomebanking_tend6	0.000398334156731952	0.00207169897723225	0.00126362344021482
vm_mpagominimo_rank	0.000397435270163531	0.000611971592793774	0.000473858790080556
Visa_mfinanciacion_limite_rank_delta2	0.000397323776764327	0.00150638991771212	0.00244827041541621
Visa_cconsumos_lag2	0.000396330082105476	0.00121094449895298	0.00236929395040278
ctrx_quarter_normalizado_lag2	0.00039152391456747	0.000914565879903553	0.00118464697520139
Visa_mconsumototal_rank_tend6	0.000385365815165083	0.00157295127849819	0.00292212920549676
vmr_mpagominimo_delta2	0.000377958898196835	0.00137542766185928	0.00102669404517454
Visa_mfinanciacion_limite_rank_delta1	0.000376981133290739	0.0016754597411545	0.00252724688042963
vm_Fvencimiento_tend6	0.000373937844233709	0.00103955300920137	0.00102669404517454
mrentabilidad_rank_tend6	0.000370471034247736	0.00344905726803217	0.00260622334544306
Master_mlimitecompra_rank_delta1	0.000363220235766715	0.00185817053483204	0.00284315274048334
mpagomiscuentas_rank_tend6	0.000360574338365586	0.00092912053004507	0.000473858790080556
vm_Fvencimiento	0.000359936960678406	0.00233004307270948	0.00268519981045648
internet_lag1	0.000359334591067969	0.00110571955448001	0.000710788185120834
Visa_fultimo_cierre_lag2	0.000357110439223802	0.00200254014600257	0.0018164586953088
mtransferencias_recibidas_rank_delta2	0.000356606123173577	0.00227423429502528	0.00189543516032222
Visa_msaldopesos_rank_delta1	0.000349248246640647	0.00159469383775822	0.0018164586953088
vm_mpagominimo_rank_lag1	0.000348425360221593	0.00213180223938323	0.00157952930026852
mautoservicio_rank	0.000347158948910877	0.00213443119431707	0.00118464697520139
Visa_msaldototal_rank_tend6	0.000346249542677905	0.00119891049709893	0.0018164586953088
vm_mfinanciacion_limite_rank_tend6	0.000344429244563738	0.00224606952944902	0.00229031748538935
Master_fultimo_cierre	0.000339632373941344	0.00128049058941244	0.00197441162533565
Master_mlimitecompra_rank_lag2	0.000330599873390675	0.00116030169642501	0.0018164586953088
Master_mpagominimo_rank	0.00032423785613502	0.000627548859177821	0.000947717580161112
internet_lag2	0.00032146163814998	0.000344473066938536	0.000236929395040278
Visa_mconsumospesos_rank_lag2	0.000319886680173786	0.00147528072260996	0.00244827041541621
vmr_msaldopesos2_lag2	0.000319633480076173	0.00116726669535273	0.00142157637024167
rf_015_025	0.000317505334579465	0.00104378830282653	0.00165850576528195
vmr_Master_mlimitecompra_lag2	0.000315331319620991	0.0018512735424032	0.0021323645553625
tcallcenter_delta2	0.000308794034556738	0.000892182296422524	0.000710788185120834
Visa_msaldopesos_rank_lag1	0.000308531301881763	0.000895903133477392	0.00150055283525509
Master_mpagospesos_rank_tend6	0.000307487952473122	0.00145428560514788	0.00134259990522824
vmr_Master_mlimitecompra_lag1	0.000306096979287672	0.00109385116104454	0.00142157637024167
chomebanking_transacciones_tend6	0.000304470252409238	0.00197500947805945	0.00142157637024167
cliente_antiguedad	0.000304469753240765	0.00241985006231895	0.00197441162533565
mpayroll_sobre_edad_rank_lag1	0.000302561686419599	0.00118634818549889	0.000552835255093982
rf_002_015	0.000300294544468255	0.00107751700751547	0.00110567051018796
ctarjeta_master	0.000300102673282158	0.000327230271021552	0.000236929395040278
rf_005_019	0.000297572427170891	0.00103461624113399	0.00157952930026852
vmr_msaldopesos_tend6	0.000294250224619744	0.00138031531412191	0.00134259990522824
vm_cconsumos_lag2	0.000294047292031349	0.000722391478153985	0.000552835255093982
mpayroll_sobre_edad_rank_delta2	0.000293879700104298	0.00128204907167861	0.000710788185120834
rf_010_020	0.000293728047746206	0.00129796385179788	0.00078976465013426
vmr_msaldopesos_delta2	0.000291183352379329	0.00157018316211755	0.00150055283525509
ccajas_extracciones_tend6	0.000290059613156516	0.0041329608459547	0.00197441162533565
mtransferencias_emitidas_rank_lag1	0.000288854588585439	0.000598104563918785	0.000631811720107408
Master_msaldopesos_rank_tend6	0.000286798514035799	0.000879500973449433	0.00102669404517454
vm_mfinanciacion_limite_rank	0.000285815637317985	0.000581360482326975	0.00110567051018796
Visa_mpagominimo_rank_tend6	0.000283019510908117	0.00200881437521474	0.00165850576528195
ctarjeta_debito_transacciones_delta2	0.000281723416470317	0.000969828716527237	0.000631811720107408
rf_011_024	0.000280393097502548	0.00171332424847948	0.00118464697520139
vm_status05_tend6	0.000280226531125677	0.00162755671896596	0.00078976465013426
rf_013_021	0.000276684424646829	0.00093532360430933	0.00078976465013426
Master_mpagominimo_rank_lag1	0.000274984094716225	0.00120870595169794	0.00126362344021482
Master_fultimo_cierre_lag2	0.000272888337244919	0.00151343110910619	0.00189543516032222
vmr_Master_mlimitecompra	0.000272702378134013	0.00102576217279273	0.00165850576528195
rf_017_018	0.000272614661326539	0.000672764365280693	0.00078976465013426
rf_019_021	0.000269665941758186	0.00108809201809246	0.000631811720107408
mtransferencias_recibidas_rank_tend6	0.000264492644458547	0.000987444918498298	0.00110567051018796
Visa_mpagado_rank_tend6	0.000260428578812037	0.000661749201530344	0.000710788185120834
rf_020_025	0.000260203108222843	0.000920755730681917	0.00142157637024167
vmr_Visa_mlimitecompra	0.00025653717297436	0.00088297749086015	0.00134259990522824
rf_012_016	0.000253525080003061	0.000899795246159088	0.000868741115147686
cseguro_accidentes_personales	0.000252856823653092	0.00183239796082312	0.00110567051018796
vm_mfinanciacion_limite_rank_lag2	0.000252484048408775	0.0010894647418663	0.00134259990522824
vm_mlimitecompra_rank_delta2	0.000249595340485603	0.000909959698983539	0.00126362344021482
rf_015_029	0.000249072417532084	0.000514694593033362	0.00078976465013426
Visa_mconsumosdolares_rank_delta1	0.000248732404106382	0.000942915774282345	0.00165850576528195
Master_mconsumototal_rank_tend6	0.000247907659995314	0.000734552677348547	0.00078976465013426
rf_010_013	0.000247248312092033	0.000746295762512913	0.00078976465013426
mtarjeta_visa_consumo_rank_tend6	0.000246021174046614	0.00166101654610838	0.00118464697520139
mcaja_ahorro_dolares_rank_lag2	0.00024581629998832	0.00114204824837178	0.00110567051018796
ccomisiones_otras_lag2	0.000243841542470923	0.00185905084117874	0.00197441162533565
mttarjeta_visa_debitos_automaticos_rank	0.000243464012491401	0.000920025290508682	0.00102669404517454
Visa_fechaalta_delta1	0.000242549479479432	0.000247239515774636	0.000473858790080556
ccajas_transacciones	0.000241654374773083	0.00105356108859257	0.000710788185120834
Master_madelantopesos_rank_tend6	0.000241378399530769	0.000408405472790758	0.000631811720107408
ctrx_quarter_normalizado	0.000241367132085411	0.00238157310817201	0.00134259990522824
vmr_msaldototal_tend6	0.000241147694864682	0.00119206136109524	0.000947717580161112
cpayroll_trx	0.000240179328049116	0.00103950956060486	0.000473858790080556
vm_cconsumos_tend6	0.000237894371925719	0.00127860277937851	0.000868741115147686
mpasivos_margen_rank_tend6	0.000235638065118065	0.0017337255684559	0.00157952930026852
mcomisiones_mantenimiento_rank_lag1	0.000235295028253417	0.00167107835949469	0.00142157637024167
vmr_msaldopesos_lag1	0.000233936843370892	0.000601366357106163	0.000868741115147686
Master_msaldopesos_rank	0.000233593845430887	0.000869323926828891	0.00102669404517454
vmr_msaldototal_lag2	0.000232932736065964	0.00101894515096907	0.00118464697520139
ctransferencias_emitidas_tend6	0.000232052923241444	0.000895288556228187	0.000631811720107408
rf_007_026	0.000229567604236508	0.000563122776518861	0.000868741115147686
mttarjeta_visa_debitos_automaticos_rank_lag2	0.000226465345655392	0.000497288707457009	0.00078976465013426
Visa_fultimo_cierre	0.000226415988623247	0.000991771517145108	0.00126362344021482
ccajas_transacciones_tend6	0.000224124333767801	0.00224022034085489	0.00110567051018796
Master_fultimo_cierre_lag1	0.000222949176887852	0.00110147922333641	0.00134259990522824
rf_016_015	0.000222037886138392	0.000663447474933116	0.000473858790080556
mextraccion_autoservicio_rank_lag2	0.000217515962486809	0.000721980290711638	0.000868741115147686
vm_mfinanciacion_limite_rank_delta2	0.000217489685970731	0.00178282059344438	0.00165850576528195
vmr_msaldopesos2	0.000217182467602667	0.000864849980767825	0.00134259990522824
cmobile_app_trx_lag1	0.000217111346786243	0.000423142732975584	0.00039488232506713
vm_mfinanciacion_limite_rank_lag1	0.000215364606239268	0.000801330651427364	0.00102669404517454
vm_msaldopesos_rank_tend6	0.0002144736375558	0.00107280755746752	0.000947717580161112
rf_015_015	0.000214325445877174	0.000695095054818143	0.00126362344021482
tcallcenter_delta1	0.000213744736124022	0.000318279860140202	0.000157952930026852
vm_fultimo_cierre	0.000211959252483872	0.00130661201157306	0.00126362344021482
mpayroll_rank_delta2	0.000209949312919414	0.00132989290302552	0.000710788185120834
vm_fechaalta_tend6	0.000209129132079007	0.000799597745085344	0.000710788185120834
rf_002_017	0.000208240271643691	0.000606614191936976	0.00102669404517454
cpagomiscuentas_tend6	0.00020448091841511	0.00149971457609448	0.000710788185120834
vm_status04	0.000204139824623999	0.00148479785431537	0.00102669404517454
Master_fultimo_cierre_delta1	0.000203337513548397	0.000449284934899753	0.00078976465013426
mcaja_ahorro_dolares_rank_tend6	0.000202455747992071	0.00146696503905155	0.000947717580161112
ctarjeta_debito_transacciones_lag2	0.000202010812385772	0.00191051664828121	0.00126362344021482
mttarjeta_visa_debitos_automaticos_rank_lag1	0.000201863941004218	0.000841773108812027	0.000868741115147686
Master_fechaalta_delta2	0.000201259609708334	0.00075360772052292	0.000947717580161112
vm_mlimitecompra_rank_lag2	0.000200145434965541	0.00059920337262766	0.000947717580161112
Master_mpagominimo_rank_tend6	0.000198924303269733	0.00124028426570447	0.00126362344021482
vm_fultimo_cierre_lag2	0.000198340571226073	0.00118371734149564	0.00126362344021482
Visa_mconsumosdolares_rank_tend6	0.000196824821861668	0.00100309459920986	0.00165850576528195
vmr_Visa_mlimitecompra_tend6	0.000196417582222158	0.00230834144328674	0.00142157637024167
mautoservicio_rank_lag2	0.000193499038632003	0.000485735158923802	0.000868741115147686
Master_msaldototal_rank_lag2	0.000192732976362256	0.000505118270486326	0.00078976465013426
tcallcenter_tend6	0.000192583808961232	0.00135632728101898	0.000868741115147686
Visa_delinquency_tend6	0.000190367624374602	0.000663929187633569	0.000473858790080556
Visa_mconsumosdolares_rank_lag1	0.000187876183096536	0.000513775245918773	0.00110567051018796
ccajas_transacciones_lag2	0.000186851561155536	0.00107544973588725	0.00102669404517454
rf_011_021	0.00018652618378486	0.00106815729826119	0.00118464697520139
rf_014_023	0.000185096596769099	0.00118072127740576	0.000947717580161112
ctrx_quarter_normalizado_lag1	0.000182266654805301	0.0009945887493305	0.000710788185120834
ctarjeta_visa_transacciones_lag2	0.000181906249725478	0.000542305231581655	0.000868741115147686
ctransferencias_recibidas_tend6	0.000180484088812648	0.00112544899543501	0.000947717580161112
vmr_Master_mlimitecompra_delta2	0.00017996252773573	0.000629373070541495	0.000473858790080556
mpayroll_sobre_edad_rank_lag2	0.000179754584024586	0.00156638361383712	0.000868741115147686
vm_mfinanciacion_limite_rank_delta1	0.000178404332140078	0.00148027290338014	0.00126362344021482
mcheques_depositados_rank_lag2	0.000176930283364295	0.0005209644144169	0.000315905860053704
vmr_mpagospesos_lag1	0.000174490804275328	0.000772487080241834	0.000868741115147686
Master_mpagominimo_rank_lag2	0.00017414087473574	0.00102243048403705	0.00126362344021482
vmr_mconsumospesos_delta2	0.000174138196175946	0.000573281562135071	0.000473858790080556
rf_013_016	0.000173546344480636	0.000455726661599922	0.000710788185120834
vmr_mpagominimo_lag1	0.000173010776363169	0.000667340846994421	0.00078976465013426
vm_fultimo_cierre_lag1	0.000171544049891265	0.00156304436880378	0.00134259990522824
matm_rank_lag2	0.000171407949896681	0.00113111998181446	0.00102669404517454
vmr_mconsumototal_lag1	0.000171291993915782	0.000704990000406263	0.000868741115147686
vm_mpagospesos_rank_delta2	0.000169852572425839	0.000628004754596288	0.000710788185120834
mttarjeta_visa_debitos_automaticos_rank_delta1	0.000169402519176416	0.00054764814957295	0.000315905860053704
vmr_mconsumototal	0.000169335506586498	0.00040285979468241	0.000710788185120834
Master_Fvencimiento_delta1	0.000168888514048433	0.000118511399348205	0.000236929395040278
vmr_msaldototal_lag1	0.000166984588449819	0.000700517313724806	0.00078976465013426
Master_mconsumospesos_rank_lag2	0.000166971053218722	0.000694719759694654	0.000631811720107408
vmr_Visa_mlimitecompra_lag1	0.000166931694134547	0.000561111547283246	0.00102669404517454
ccuenta_debitos_automaticos_tend6	0.000164393510505922	0.000300319847535878	0.000157952930026852
vm_mconsumototal_rank_lag1	0.000164263054924929	0.000611209668130313	0.000631811720107408
vm_msaldototal_rank_lag1	0.000164009968734141	0.000547337712499325	0.000552835255093982
vm_mconsumospesos_rank_lag1	0.00016391718015728	0.000299083766449618	0.000473858790080556
Master_msaldototal_rank_tend6	0.000163793897984898	0.000685375162995678	0.000710788185120834
mcuenta_corriente_rank_delta1	0.000163659076234813	0.00137973285105274	0.000868741115147686
rf_011_017	0.000162590070796138	0.000901286981305979	0.000868741115147686
mextraccion_autoservicio_rank_delta2	0.000161777817559697	0.00180808563747086	0.00110567051018796
vmr_msaldopesos2_delta2	0.000161467160993836	0.00122109761736095	0.00110567051018796
mpayroll_sobre_edad_rank_tend6	0.000159846100105201	0.00153976851486976	0.00078976465013426
mcaja_ahorro_dolares_rank_lag1	0.000158897211162217	0.00153460631785236	0.00102669404517454
vm_msaldopesos_rank_delta2	0.000158790554332302	0.00195859661330482	0.00134259990522824
mextraccion_autoservicio_rank	0.000157269118373792	0.00050027595588962	0.00039488232506713
vmr_msaldototal_delta1	0.000157162021078239	0.000555824041994749	0.000473858790080556
Master_cadelantosefectivo_tend6	0.00015713437009944	0.000361283895649624	0.000710788185120834
mtarjeta_master_consumo_rank_lag2	0.000156604374474874	0.00134760607722647	0.00078976465013426
vm_mlimitecompra_rank_delta1	0.000156216325802702	0.000964760972980516	0.00102669404517454
rf_001_017	0.000155402916392556	0.00138601274747315	0.000631811720107408
vmr_msaldototal	0.000155132316152814	0.000737054434941878	0.000631811720107408
vm_fultimo_cierre_delta2	0.000153612597883944	0.000608472406550094	0.000868741115147686
Master_mpagominimo_rank_delta2	0.000153607094833386	0.00115705501579294	0.000868741115147686
mextraccion_autoservicio_rank_lag1	0.000153216803401932	0.00026014311924872	0.000236929395040278
vmr_Visa_mlimitecompra_lag2	0.000152950001795633	0.00113488363777603	0.00110567051018796
Visa_mpagosdolares_rank_tend6	0.000151641689727161	0.000567512973835926	0.000947717580161112
vmr_mpagospesos_lag2	0.000150045031723409	0.000734695616934172	0.000868741115147686
ctarjeta_debito_transacciones_tend6	0.000149616861802116	0.00196477387028709	0.00110567051018796
rf_008_013	0.000149490083117863	0.00056405471742954	0.000710788185120834
Visa_msaldototal_rank_delta1	0.000149068150858674	0.00106949035157734	0.00118464697520139
mcuenta_debitos_automaticos_rank_delta2	0.00014903363009321	0.000945131023014622	0.000473858790080556
vm_mconsumototal_rank_delta2	0.000148896410857167	0.000400004781108748	0.000473858790080556
Visa_mpagado_rank_delta2	0.000148128245393154	0.000515873372347411	0.00039488232506713
Master_cconsumos_tend6	0.000147960483966528	0.000218912919918611	0.000315905860053704
vm_status03	0.000147600063336286	0.000345021526758267	0.000473858790080556
rf_006_013	0.000146225725017936	0.000161206886853415	0.000157952930026852
Master_msaldototal_rank_delta2	0.000145210709470197	0.000602423606287941	0.00078976465013426
Master_delinquency_tend6	0.000144637482901329	0.000368463618800683	0.000315905860053704
vmr_msaldopesos_lag2	0.00014456576592069	0.000375966372821458	0.000552835255093982
mforex_sell_rank_tend6	0.000144307973784138	0.00173251593434143	0.00078976465013426
vmr_msaldopesos2_lag1	0.000144012284497243	0.00100977182989692	0.00102669404517454
Visa_delinquency_delta2	0.000143937602051566	0.000480067320993379	0.000473858790080556
tcallcenter_lag2	0.000142077858159634	0.000758288834529671	0.00078976465013426
rf_018_019	0.000141780929115528	0.000594369243998413	0.000473858790080556
Master_delinquency_delta2	0.00014078734826631	0.000556742759419533	0.00039488232506713
rf_008_018	0.00014036776684182	0.000948662323438332	0.000473858790080556
ccajas_transacciones_lag1	0.000138223989868844	0.000859461725110606	0.000710788185120834
Visa_fechaalta_tend6	0.000138165446037498	0.000532011062657474	0.000552835255093982
Master_msaldopesos_rank_lag1	0.000137775030202686	0.000961914145374312	0.00078976465013426
Visa_Fvencimiento_delta1	0.000137623725785234	0.000249868470708478	0.000315905860053704
ctransferencias_recibidas_delta2	0.000135818231476247	0.00184013055162254	0.000868741115147686
cmobile_app_trx_delta2	0.000135001085689007	0.000831055158649408	0.000868741115147686
vm_msaldopesos_rank_lag1	0.000134717398410421	0.000802505652602586	0.000710788185120834
vm_cconsumos_delta1	0.000133528704695738	0.000173251593434143	7.8976465013426e-05
Visa_mconsumosdolares_rank_delta2	0.000133372135878075	0.000393881677449662	0.000868741115147686
vm_mlimitecompra_rank_lag1	0.000132760418327212	0.000624549646638925	0.000947717580161112
Master_status	0.000131618501635665	0.000812552353433593	0.00078976465013426
mtransferencias_emitidas_rank_tend6	0.00013069722440667	0.00077873990000065	0.000631811720107408
vm_mpagominimo_rank_delta2	0.000129954886051605	0.000846459260337214	0.000710788185120834
Visa_fultimo_cierre_lag1	0.000129702296307965	0.00065512549447667	0.000947717580161112
ctrx_quarter_lag1	0.000128234385477221	0.000862112719187606	0.000631811720107408
mplazo_fijo_dolares_rank_lag2	0.000125959634316755	0.000346503186868287	0.000157952930026852
Visa_cconsumos_delta1	0.000125744080424587	0.000595937171611651	0.00102669404517454
rf_018_021	0.000123252223828827	0.000698839190395779	0.000552835255093982
rf_003_021	0.000123116443784128	0.000238308625277226	0.000157952930026852
mpagomiscuentas_rank_lag1	0.0001220594704827	0.000805377038111166	0.000552835255093982
ctarjeta_debito_lag2	0.000121246851422636	0.000845787381315798	0.00039488232506713
vmr_msaldototal_delta2	0.000118353513507783	0.000520451846916026	0.000631811720107408
rf_018_025	0.000118211559168939	0.000767379036547623	0.000552835255093982
vm_mconsumospesos_rank_tend6	0.000117119367276963	0.000520228307035424	0.000552835255093982
Master_mconsumospesos_rank_delta2	0.000116146594444353	0.000752432719347699	0.000473858790080556
Master_mconsumototal_rank_lag2	0.000116017714509638	0.00068744873152194	0.000552835255093982
Master_mpagospesos_rank_lag1	0.000115973436633329	0.00215853383096442	0.00110567051018796
Master_mconsumosdolares_rank_lag1	0.000115265984672972	0.000234088444207378	0.00039488232506713
Visa_madelantodolares_rank_tend6	0.000113024507523071	0.000247677150188772	0.000473858790080556
mcuenta_debitos_automaticos_rank_lag1	0.00011287030800623	0.000119097640556207	0.000157952930026852
Master_mconsumosdolares_rank_tend6	0.000112502727573996	0.000460464447689079	0.000631811720107408
vm_status02_delta2	0.000111794389239715	0.000461244633356871	0.00039488232506713
ccajas_consultas_delta2	0.000111165863823333	0.00235407077627009	0.00110567051018796
Master_mconsumospesos_rank_tend6	0.000108634398559161	0.000598168162589041	0.000473858790080556
vm_mlimitecompra_rank	0.000107952594003214	0.000535900026890148	0.000868741115147686
Master_msaldopesos_rank_delta2	0.000107672551062676	0.000864644072201749	0.000552835255093982
tcallcenter_lag1	0.000106226291275668	0.00126037766736648	0.00078976465013426
Master_msaldopesos_rank_lag2	0.000105803394501697	0.000308247642174698	0.000631811720107408
mtransferencias_emitidas_rank_lag2	0.000104770519296926	0.000966906955834296	0.00078976465013426
rf_008_019	0.000104592257838154	0.000580920958843425	0.000552835255093982
vm_mpagospesos_rank_lag2	0.000103493001390506	0.000603054555472063	0.000552835255093982
Master_mconsumototal_rank_delta2	0.000102646119313184	0.000216426274880588	0.000315905860053704
Master_mconsumosdolares_rank	0.000102542852474765	0.000308197266990337	0.000473858790080556
Visa_mpagosdolares_rank_delta2	0.000102242138974825	0.000265813475938361	0.000552835255093982
Master_mpagosdolares_rank	0.000101160233169161	0.000139155149899364	0.000236929395040278
ccomisiones_otras_delta1	0.000100557846842023	0.000601652236277412	0.000552835255093982
vmr_mpagospesos_delta2	9.97729405736759e-05	0.00122706644701793	0.00078976465013426
vm_mpagospesos_rank	9.91720328970707e-05	0.000531111235926825	0.000552835255093982
rf_016_019	9.9119341806346e-05	0.000427849034574515	0.000552835255093982
cplazo_fijo_lag2	9.83852755456384e-05	0.000693006373736573	0.000315905860053704
rf_003_028	9.78813439795405e-05	0.000534448591890745	0.000315905860053704
cmobile_app_trx	9.59213434216842e-05	0.00116677742637462	0.000552835255093982
vm_cconsumos_lag1	9.58545986877458e-05	0.000479437001499061	0.000315905860053704
vm_msaldopesos_rank_lag2	9.44248118490919e-05	0.000754955256704579	0.000552835255093982
ctarjeta_visa_transacciones_lag1	9.43712775854537e-05	0.000967017781239891	0.000710788185120834
Master_fechaalta_delta1	9.36704913125032e-05	0.000404271559224129	0.000552835255093982
mpagomiscuentas_rank_delta2	9.24811139624942e-05	0.00051975478030243	0.000236929395040278
Visa_mpagado_rank	9.15551152373163e-05	0.000962699368560539	0.000631811720107408
vm_status01_tend6	9.11362720690018e-05	0.000748296287021852	0.000473858790080556
mcheques_emitidos_rank_delta2	8.91408262732296e-05	0.00275670325293307	0.00126362344021482
vm_mconsumototal_rank_lag2	8.75512989144338e-05	0.000388989617358399	0.000631811720107408
ccomisiones_otras	8.73128130127064e-05	0.000442429501998018	0.000236929395040278
Master_mpagosdolares_rank_tend6	8.71889935733235e-05	0.000374772480952101	0.000552835255093982
rf_019_024	8.70774173681351e-05	0.000817071637160584	0.000631811720107408
vm_msaldototal_rank_delta2	8.69485304357306e-05	0.000794721427239194	0.000631811720107408
ccajas_depositos_tend6	8.67555209589106e-05	0.00173251593434143	0.00078976465013426
vm_status02_tend6	8.54531756411495e-05	0.000223313821962353	0.000315905860053704
ctransferencias_recibidas_lag2	8.492368229514e-05	0.00144066352560684	0.000710788185120834
cpayroll_trx_delta2	8.32373100325032e-05	0.000346503186868287	0.000157952930026852
vm_status02	8.23648455709635e-05	0.000634652389862534	0.000552835255093982
vmr_mconsumospesos_tend6	8.04800511191677e-05	0.000534818849495798	0.00039488232506713
mcaja_ahorro_dolares_rank_delta1	7.95601613763711e-05	0.000534259055259586	0.00039488232506713
vmr_mpagospesos_delta1	7.9230725734913e-05	0.000850809787196595	0.000552835255093982
rf_005_015	7.92073565641798e-05	0.000672972162916182	0.00039488232506713
rf_010_017	7.82109669204032e-05	0.00049488203302416	0.00039488232506713
Visa_status_delta2	7.8159281601668e-05	0.000444392245118685	0.000315905860053704
active_quarter_lag1	7.80327773823229e-05	0.000394702163264942	0.000315905860053704
vmr_mconsumosdolares_delta2	7.76999120957988e-05	0.00147933718433063	0.000710788185120834
Master_mconsumospesos_rank_lag1	7.76776236792351e-05	0.000455841894834148	0.000315905860053704
rf_019_020	7.75015213962398e-05	0.000577722764326303	0.00039488232506713
vm_Fvencimiento_delta1	7.73930548862319e-05	0.00014855704837055	0.000157952930026852
vm_mpagominimo_rank_delta1	7.50670798657358e-05	0.000873062395198286	0.000631811720107408
vm_mpagospesos_rank_delta1	7.48696101397838e-05	0.000448342289262396	0.000473858790080556
mextraccion_autoservicio_rank_tend6	7.39748382124163e-05	0.000792232263441953	0.000473858790080556
vmr_mconsumospesos_lag1	7.36977670542741e-05	0.00072656947000693	0.00078976465013426
ctarjeta_visa_transacciones_delta1	7.35594670640615e-05	0.00116603376271549	0.000552835255093982
rf_006_017	7.33976762210815e-05	0.000237715457481374	0.000157952930026852
mcheques_emitidos_rank_lag2	7.23739466068999e-05	0.00190287158436462	0.000868741115147686
active_quarter	7.21408073282277e-05	0.000512219912101625	0.00039488232506713
mtarjeta_master_consumo_rank_delta1	7.21201120521628e-05	0.000892934146049112	0.000473858790080556
ctarjeta_debito_lag1	7.1380606789188e-05	0.000934991757782351	0.000473858790080556
vm_mconsumospesos_rank_lag2	7.06335288605771e-05	0.00026083388896427	0.00039488232506713
ctarjeta_master_descuentos_delta1	7.05941719145843e-05	0.000155397998406782	7.8976465013426e-05
mpagomiscuentas_rank_lag2	7.02647121699756e-05	0.000472327803606107	0.00039488232506713
vmr_mconsumototal_tend6	6.94208775861555e-05	0.00102026435110952	0.000552835255093982
cextraccion_autoservicio_tend6	6.90388667531946e-05	0.00154096240673911	0.00078976465013426
Master_madelantodolares_rank_delta2	6.90132874790607e-05	9.19630475001252e-05	0.000157952930026852
Visa_madelantodolares_rank_lag2	6.90055243207833e-05	0.00010394730385962	0.000236929395040278
mcomisiones_mantenimiento_rank_delta1	6.83437151748243e-05	0.000604182329911946	0.00039488232506713
vm_Fvencimiento_delta2	6.80534871953298e-05	0.000172403401267464	0.00039488232506713
Master_mconsumototal_rank_delta1	6.76591227201945e-05	0.000265129632810659	0.000157952930026852
vmr_Visa_mlimitecompra_delta2	6.6984668750452e-05	0.000103468109918385	0.000157952930026852
ccomisiones_otras_lag1	6.63650805490351e-05	0.00141993728569129	0.000710788185120834
vmr_mpagospesos	6.63209336850125e-05	0.000414500240408641	0.00039488232506713
catm_trx_tend6	6.62781362086599e-05	0.000521693595210526	0.000315905860053704
rf_005_022	6.59157752747992e-05	0.000321878537372995	0.000473858790080556
ctarjeta_debito_transacciones_delta1	6.54929578079684e-05	0.001212761154039	0.000552835255093982
mtransferencias_emitidas_rank_delta1	6.52376012559027e-05	0.000948912939980528	0.000473858790080556
cextraccion_autoservicio_lag2	6.4994859204302e-05	0.000452166395445205	0.000315905860053704
Master_msaldototal_rank_lag1	6.49481445772256e-05	0.000298022739129013	0.000473858790080556
cmobile_app_trx_delta1	6.43607177538433e-05	0.00114831744006552	0.000631811720107408
Visa_status_lag1	6.42532394730077e-05	9.64577733247402e-05	7.8976465013426e-05
vm_fultimo_cierre_delta1	6.38768983230714e-05	0.000153344579954264	0.000315905860053704
vmr_msaldopesos_delta1	6.37139610253986e-05	0.000439760246916686	0.00039488232506713
vm_mconsumospesos_rank	6.36930853644651e-05	0.000179006328557589	0.000315905860053704
vmr_mpagospesos_tend6	6.35849850668413e-05	0.000632255790466557	0.000473858790080556
mpayroll_rank_lag1	6.33445654704236e-05	0.000898914939812378	0.000473858790080556
mtarjeta_visa_consumo_rank_lag1	6.28866709218635e-05	0.000144643526235501	0.000315905860053704
ctarjeta_debito	6.28718591470941e-05	0.000693006373736573	0.000315905860053704
rf_001_019	6.26863811272979e-05	0.000412938609693448	0.000315905860053704
vm_status05	6.24838989665292e-05	0.000316862428390243	0.00039488232506713
rf_020_021	6.12631452917054e-05	0.000905143201668818	0.000473858790080556
Master_mconsumototal_rank_lag1	6.11915873141077e-05	0.000258165263572744	0.000315905860053704
Master_madelantodolares_rank_lag1	6.11339310229661e-05	4.12144570849957e-05	7.8976465013426e-05
vm_status01_lag1	5.99359095834034e-05	0.000190500056559368	0.000157952930026852
rf_002_024	5.98985207374045e-05	0.000243249171483436	0.000315905860053704
Master_Fvencimiento_delta2	5.93538791444193e-05	0.000348864523635211	0.000552835255093982
vmr_mconsumospesos	5.89844143900766e-05	0.000445562208775471	0.00039488232506713
vm_mconsumosdolares_rank_lag2	5.74287469039078e-05	0.000411180515759247	0.00039488232506713
vm_cconsumos	5.71659763004871e-05	0.000641620537239276	0.000315905860053704
ccajas_transacciones_delta2	5.70317528528003e-05	0.000345673255705938	0.000315905860053704
rf_019_016	5.6858707782319e-05	0.000376808897779896	0.000473858790080556
Visa_Fvencimiento_delta2	5.57180036347482e-05	0.000589776286564294	0.000473858790080556
ctarjeta_master_transacciones_tend6	5.54850894484013e-05	0.0006737000843302	0.000315905860053704
Visa_mpagosdolares_rank_lag1	5.54344047991742e-05	0.000225942776896196	0.00039488232506713
Master_status_tend6	5.50194189124675e-05	0.000192104506181267	0.000157952930026852
Master_mpagospesos_rank_delta2	5.5008787090515e-05	0.000434270611200941	0.000315905860053704
Master_mpagospesos_rank	5.49373842283538e-05	0.000528404829147027	0.00039488232506713
matm_other_rank_lag2	5.44549744431282e-05	0.000363237193423224	0.000236929395040278
vm_msaldototal_rank_delta1	5.31648653618728e-05	0.000702227551233864	0.000473858790080556
vmr_mconsumototal_lag2	5.29443149254731e-05	0.000214280921716612	0.00039488232506713
mautoservicio_rank_lag1	5.2601683197853e-05	0.000329980126397861	0.000315905860053704
Master_delinquency_lag1	5.23863814168644e-05	0.000207315293099088	0.000236929395040278
Visa_mpagado_rank_lag1	5.23655928382813e-05	0.000280199369212268	0.000236929395040278
rf_018_024	5.18000372914541e-05	0.000346503186868287	0.000157952930026852
rf_003_023	5.15841694751882e-05	0.000569830232316535	0.000315905860053704
vm_mpagado_rank_delta2	5.14956498772969e-05	0.000648479118590034	0.000315905860053704
Visa_madelantopesos_rank_tend6	5.10734536497333e-05	0.000154855835485096	0.000315905860053704
cextraccion_autoservicio_delta2	5.07200653080426e-05	0.000513678903378682	0.000315905860053704
Visa_mpagosdolares_rank_lag2	5.02538924935523e-05	0.000205105081885246	0.00039488232506713
vm_mpagado_rank_delta1	5.0014243420431e-05	0.00116901471425006	0.000552835255093982
mv_status07_rank	4.99926574940775e-05	0.000675726426121123	0.00039488232506713
matm_rank_tend6	4.96239924200682e-05	0.000334831256651831	0.000315905860053704
cseguro_accidentes_personales_lag2	4.91518054807569e-05	0.00047908248613912	0.000236929395040278
mautoservicio_rank_tend6	4.90205595496831e-05	0.000483575322894322	0.000315905860053704
mtransferencias_emitidas_rank_delta2	4.87694054985428e-05	0.001023232708848	0.000473858790080556
Master_mconsumototal_rank	4.85585484162665e-05	0.000777542229992466	0.000473858790080556
Master_madelantodolares_rank_tend6	4.81082643888953e-05	0.000304860540716222	0.000552835255093982
mpagomiscuentas_rank_delta1	4.80661816973035e-05	0.000333944653407076	0.000157952930026852
vm_mconsumototal_rank_tend6	4.73645899126122e-05	0.000407675662307327	0.00039488232506713
vm_mpagominimo_rank_tend6	4.71075574140628e-05	0.000228067350296623	0.000236929395040278
Visa_madelantodolares_rank_lag1	4.68159565501421e-05	9.94777656271854e-05	0.000236929395040278
ctransferencias_recibidas_lag1	4.63947953741367e-05	0.00103950956060486	0.000473858790080556
cpagomiscuentas_delta2	4.63437868874192e-05	0.000173251593434143	7.8976465013426e-05
matm_rank	4.6293974227977e-05	0.000465527153717365	0.000236929395040278
rf_019_023	4.61553375711778e-05	0.000279523712052026	0.000236929395040278
Visa_fultimo_cierre_delta2	4.60701282688813e-05	0.000173900803622596	0.00039488232506713
vmr_mpagado	4.6024908425899e-05	0.000688006006998934	0.000315905860053704
rf_019_026	4.60116890141075e-05	6.72023850070586e-05	7.8976465013426e-05
vm_fechaalta_delta2	4.5734261751354e-05	0.000190646144594015	0.000236929395040278
cpagomiscuentas_delta1	4.56889388868413e-05	0.000693006373736573	0.000315905860053704
vm_msaldototal_rank_lag2	4.53208091360303e-05	0.000202640475990382	0.000473858790080556
mv_status07_rank_tend6	4.53048485740052e-05	0.000588105719512921	0.000315905860053704
cpayroll_trx_tend6	4.49788390787687e-05	0.000410396551952628	0.000236929395040278
vmr_msaldopesos2_delta1	4.47073411910489e-05	0.000460282467335575	0.000315905860053704
Master_msaldototal_rank_delta1	4.39667746119291e-05	0.000343417077136368	0.000315905860053704
rf_009_021	4.35466738034209e-05	0.000433581730554803	0.000236929395040278
thomebanking_delta2	4.32785418040462e-05	0.000558674018049975	0.000473858790080556
Master_mconsumospesos_rank	4.31605156735245e-05	0.000169872677943126	0.000236929395040278
Visa_msaldodolares_rank_tend6	4.2940644012945e-05	0.000824088900342079	0.00039488232506713
catm_trx_lag2	4.28412196832353e-05	0.000541197607215517	0.000315905860053704
vm_msaldototal_rank_tend6	4.2839126596743e-05	0.000206234115704738	0.000236929395040278
vm_mconsumosdolares_rank_lag1	4.28275337588526e-05	0.000389543114696566	0.000315905860053704
vm_status06	4.24673502725111e-05	7.34507969372427e-05	7.8976465013426e-05
Master_mconsumosdolares_rank_lag2	4.24378254681375e-05	0.000324234836621483	0.00039488232506713
Master_mpagosdolares_rank_lag2	4.23944864484187e-05	0.000152357226340787	0.000236929395040278
Master_madelantopesos_rank_lag1	4.21716485452804e-05	0.000168797167757017	0.000315905860053704
Master_mpagado_rank_tend6	4.19252851896908e-05	0.000132922480214293	0.000236929395040278
rf_005_013	4.16625266378453e-05	0.00017168429551071	0.000236929395040278
vm_mconsumospesos_rank_delta2	4.06483725833578e-05	5.57237695605881e-05	0.000157952930026852
vm_mpagado_rank_tend6	4.03683682272986e-05	0.000710971423859334	0.00039488232506713
Visa_madelantopesos_rank_lag1	3.97073958883e-05	0.000128190361333377	0.000236929395040278
rf_013_019	3.9521101277089e-05	0.000866257967170717	0.00039488232506713
vm_msaldopesos_rank_delta1	3.88618703907172e-05	0.000373401016557871	0.000315905860053704
cpagomiscuentas_lag2	3.871715896246e-05	0.00103950956060486	0.000473858790080556
Master_msaldopesos_rank_delta1	3.84428861023438e-05	0.000402771638109779	0.000315905860053704
Master_cconsumos_lag2	3.81792812432034e-05	0.00033220670954662	0.000315905860053704
Master_status_delta1	3.79389891359297e-05	0.000241011883608001	0.000236929395040278
Master_mpagospesos_rank_lag2	3.793512252407e-05	0.000405522123175892	0.000315905860053704
vm_mpagospesos_rank_lag1	3.78835398381049e-05	0.000235391272412916	0.000236929395040278
mtarjeta_visa_descuentos_rank_delta1	3.75032189470054e-05	0.000397186289543747	0.000236929395040278
Visa_cadelantosefectivo_lag1	3.71261523699898e-05	0.000150863602124482	0.000315905860053704
vm_mconsumosdolares_rank_delta1	3.71124924925601e-05	0.000481905385532753	0.000236929395040278
rf_006_014	3.70526669178696e-05	0.000345597063239592	0.000315905860053704
rf_002_016	3.67913755481234e-05	0.000222958676912608	0.000157952930026852
rf_001_013	3.63405230071268e-05	0.000269231432197258	0.000315905860053704
rf_014_017	3.59666590390495e-05	0.000121068569644333	7.8976465013426e-05
mtarjeta_master_consumo_rank_tend6	3.55706240600773e-05	0.000173251593434143	7.8976465013426e-05
vmr_mconsumosdolares_lag1	3.54333892736146e-05	0.000149304490168508	0.000157952930026852
vm_status02_lag2	3.51070069570656e-05	3.24806594963981e-05	7.8976465013426e-05
vm_mconsumosdolares_rank_delta2	3.50312196540686e-05	0.000514610214599557	0.000236929395040278
ccallcenter_transacciones_delta2	3.46250838999767e-05	0.000178208511575271	0.000157952930026852
Visa_status_delta1	3.40893128495322e-05	0.000163967446956401	7.8976465013426e-05
mtarjeta_master_consumo_rank_delta2	3.40117193652863e-05	0.000223549325949241	0.000157952930026852
matm_rank_delta2	3.32452796091003e-05	0.000168088137037135	0.000157952930026852
vmr_msaldodolares_tend6	3.27036942567279e-05	0.000346503186868287	0.000157952930026852
cforex_delta2	3.23561466526784e-05	0.000866257967170717	0.00039488232506713
vm_mconsumototal_rank_delta1	3.03679590153037e-05	0.00017594666579746	0.000157952930026852
Visa_delinquency_lag2	3.02134434361828e-05	0.000217784515788923	0.000236929395040278
mv_status07_rank_delta2	3.00207519654458e-05	0.00051975478030243	0.000236929395040278
Master_mpagado_rank_delta2	2.98654269869793e-05	0.000124613723243742	0.000157952930026852
cforex_sell_tend6	2.78986612190302e-05	0.000485204330418597	0.000236929395040278
Visa_cadelantosefectivo	2.78710681655445e-05	0.000116058757559626	0.000236929395040278
mtarjeta_visa_descuentos_rank_delta2	2.76627123682778e-05	0.000347775160273403	0.000236929395040278
Master_mpagosdolares_rank_delta1	2.75237639255635e-05	0.0001835004246924	0.000157952930026852
ctransferencias_recibidas	2.72022418926934e-05	0.00051975478030243	0.000236929395040278
vm_status01_delta2	2.69284705336127e-05	0.000103342801647287	0.000157952930026852
ccajeros_propios_descuentos_delta2	2.68329213684936e-05	0.000180879026036211	0.000157952930026852
vmr_mpagado_delta2	2.62038532424637e-05	0.000467129714269851	0.000236929395040278
vmr_mconsumototal_delta1	2.60171836717576e-05	0.000345423898543351	0.000236929395040278
rf_015_019	2.58060789490474e-05	0.000110092446661864	0.000157952930026852
ctarjeta_visa_debitos_automaticos_lag2	2.56710367717631e-05	0.000685594924737453	0.000315905860053704
Visa_cadelantosefectivo_tend6	2.55633652769627e-05	8.01185822772326e-05	0.000157952930026852
Visa_madelantodolares_rank	2.53890674257939e-05	0.000157168686137073	0.000315905860053704
cseguro_vivienda_lag2	2.48202966353123e-05	0.000677606679877399	0.000315905860053704
catm_trx_other_tend6	2.47563661385801e-05	0.000125288121024375	7.8976465013426e-05
mtarjeta_master_consumo_rank	2.46591729053377e-05	0.000143845079563378	7.8976465013426e-05
cseguro_accidentes_personales_lag1	2.46073612394424e-05	0.00028293285265366	0.000157952930026852
Visa_madelantopesos_rank_lag2	2.46070954244555e-05	9.99550704990063e-05	0.000236929395040278
Visa_madelantopesos_rank	2.42289728767518e-05	8.84015219657988e-05	0.000236929395040278
vmr_msaldodolares2_lag2	2.42100705640789e-05	0.000852134024855486	0.00039488232506713
mautoservicio_rank_delta1	2.37806678832635e-05	0.000585020239470806	0.000315905860053704
Master_mconsumosdolares_rank_delta1	2.37037092449021e-05	7.16687747904704e-05	0.000157952930026852
rf_014_030	2.32834568198018e-05	4.27710502817522e-05	7.8976465013426e-05
Visa_fultimo_cierre_delta1	2.24221634882081e-05	0.00010861582407028	0.000236929395040278
vmr_mconsumosdolares_lag2	2.23724152658175e-05	0.000258991416596265	0.000157952930026852
cprestamos_personales_tend6	2.23683698241312e-05	0.000478853908740082	0.000236929395040278
ctransferencias_emitidas	2.22993395672566e-05	0.000693006373736573	0.000315905860053704
Master_cadelantosefectivo_lag1	2.20711414344458e-05	8.16928067885155e-05	0.000157952930026852
vm_mpagado_rank	2.1805262302126e-05	0.00030153955668722	0.000157952930026852
Visa_mpagosdolares_rank_delta1	2.15923486768437e-05	0.000100890159858708	0.000236929395040278
vmr_mconsumospesos_delta1	2.1431571332468e-05	0.000243040114468337	0.000157952930026852
Master_cconsumos_delta1	2.14288671144812e-05	6.54940365674143e-05	7.8976465013426e-05
Master_mconsumospesos_rank_delta1	2.14073554413818e-05	0.000124004813202778	0.000157952930026852
rf_014_024	2.1054891183382e-05	0.000306100399941308	0.000157952930026852
Visa_madelantopesos_rank_delta1	2.10240943546765e-05	5.99861398473377e-05	0.000157952930026852
vm_mconsumototal_rank	2.0896030428235e-05	6.23758126554651e-05	0.000157952930026852
vm_status04_delta2	2.07601454182027e-05	0.00051975478030243	0.000236929395040278
ctransferencias_recibidas_delta1	2.05363531080549e-05	0.00051975478030243	0.000236929395040278
rf_002_020	2.04225170381228e-05	0.00012448652590323	7.8976465013426e-05
Master_madelantodolares_rank	2.02251021274003e-05	0.000133793970903739	0.000157952930026852
mtarjeta_master_descuentos_rank_delta1	2.00108010159197e-05	0.000217914231888653	0.000157952930026852
rf_001_015	1.92473065092258e-05	0.000134242310044553	0.000157952930026852
Visa_cadelantosefectivo_lag2	1.88411884437364e-05	0.000121159244976183	0.000315905860053704
Master_cadelantosefectivo_lag2	1.88224962561098e-05	0.000175901328131535	0.000236929395040278
rf_017_015	1.87654437100133e-05	0.000126011634609761	0.000157952930026852
rf_015_023	1.85476052668103e-05	0.000434819700710476	0.000236929395040278
cproductos_lag1	1.84765359611519e-05	0.000163967446956401	7.8976465013426e-05
Visa_msaldodolares_rank_lag2	1.84203989460155e-05	7.09383346172352e-05	7.8976465013426e-05
vmr_msaldodolares2_tend6	1.80809643846869e-05	0.000173251593434143	7.8976465013426e-05
Master_mpagado_rank_lag2	1.79151051631514e-05	7.74871085841721e-05	7.8976465013426e-05
vm_status03_lag1	1.78341139122e-05	5.19002930675841e-05	7.8976465013426e-05
rf_011_019	1.76764987456714e-05	0.000296890556860499	0.000157952930026852
Master_cadelantosefectivo_delta1	1.76379002713997e-05	4.13114293148907e-05	7.8976465013426e-05
matm_other_rank_tend6	1.7507337003751e-05	0.000346503186868287	0.000157952930026852
ctarjeta_debito_transacciones_lag1	1.74882745217552e-05	0.000278557138202098	0.000157952930026852
vmr_mconsumosdolares_tend6	1.74732399872236e-05	4.00671622611727e-05	7.8976465013426e-05
ccuenta_debitos_automaticos_delta2	1.72505533119169e-05	0.000173251593434143	7.8976465013426e-05
Visa_mpagosdolares_rank	1.72291376626592e-05	0.000157781374316864	0.000236929395040278
vm_mconsumosdolares_rank_tend6	1.68889947797129e-05	0.000486170904268525	0.000236929395040278
Master_mpagominimo_rank_delta1	1.68255583975669e-05	0.000356439691983504	0.000236929395040278
Master_cconsumos	1.63332690419419e-05	0.000110400364976271	0.000157952930026852
matm_other_rank_delta2	1.63180723942849e-05	3.17162160737191e-05	7.8976465013426e-05
Master_mpagospesos_rank_delta1	1.61174898630684e-05	0.00017038398606439	0.000157952930026852
rf_005_014	1.56450362340591e-05	0.000132634082283826	7.8976465013426e-05
Visa_cadelantosefectivo_delta1	1.53169379286956e-05	8.97868395357278e-05	7.8976465013426e-05
vm_mpagado_rank_lag1	1.52421998902682e-05	0.000312812893257419	0.000157952930026852
Visa_madelantopesos_rank_delta2	1.5032629993983e-05	5.60203534585138e-05	0.000157952930026852
vmr_mpagosdolares_lag2	1.4822862218607e-05	0.00051975478030243	0.000236929395040278
vm_status01_delta1	1.43827596827528e-05	0.000236093376544948	0.000157952930026852
Visa_msaldodolares_rank_lag1	1.40429402485364e-05	0.000196256051062423	0.000157952930026852
Visa_delinquency_delta1	1.39104825510072e-05	0.000308889296085497	0.000157952930026852
vmr_mpagado_lag2	1.39078553075979e-05	9.93694589808091e-05	7.8976465013426e-05
Master_madelantopesos_rank_lag2	1.38624543022262e-05	5.95623586089003e-05	7.8976465013426e-05
Master_mpagado_rank	1.35647819480582e-05	7.38796156941162e-05	7.8976465013426e-05
cextraccion_autoservicio_delta1	1.31355915304717e-05	0.000346503186868287	0.000157952930026852
ccheques_emitidos_delta2	1.23845976174185e-05	0.000335968476438781	0.000157952930026852
Visa_cadelantosefectivo_delta2	1.23709641757023e-05	9.08617200320317e-05	0.000157952930026852
Master_madelantodolares_rank_delta1	1.22920259689125e-05	4.46393399317428e-05	7.8976465013426e-05
cseguro_vida	1.20807653532448e-05	0.00051975478030243	0.000236929395040278
vmr_mconsumosdolares	1.17542088719952e-05	0.000300873974563849	0.000157952930026852
rf_016_017	1.12578398637605e-05	0.00027912385902616	0.000157952930026852
rf_019_015	1.12436267801498e-05	0.000310020218974403	0.000157952930026852
rf_006_018	1.10947890480239e-05	0.000214051084937965	0.000157952930026852
vm_fechaalta_delta1	1.06325847006424e-05	2.9653352274134e-05	7.8976465013426e-05
mcajeros_propios_descuentos_rank_delta2	1.05467561028811e-05	0.00025158059728695	0.000157952930026852
thomebanking_delta1	1.02625671288792e-05	0.000168416205425287	7.8976465013426e-05
Visa_msaldodolares_rank	9.35945862150769e-06	0.000159118205771845	7.8976465013426e-05
Master_cconsumos_lag1	9.24265319893284e-06	0.000112254801450562	7.8976465013426e-05
Visa_mpagado_rank_lag2	9.15850132517629e-06	2.61837614512664e-05	7.8976465013426e-05
vmr_mpagado_tend6	8.9418785360337e-06	0.000346503186868287	0.000157952930026852
internet_delta2	8.91677471598235e-06	0.000122057812327223	7.8976465013426e-05
vm_status05_delta2	8.73855757590708e-06	0.000173251593434143	7.8976465013426e-05
vmr_msaldodolares_lag1	8.73070150387193e-06	0.000346503186868287	0.000157952930026852
Visa_mpagado_rank_delta1	7.45995852655706e-06	2.72649388456156e-05	7.8976465013426e-05
rf_012_023	7.4462710471324e-06	9.04870545983464e-05	7.8976465013426e-05
Master_mpagado_rank_delta1	7.12082408832873e-06	0.00013247414107348	7.8976465013426e-05
catm_trx_other_delta2	7.03542429339083e-06	0.000137403352863209	7.8976465013426e-05
ctransferencias_emitidas_lag2	6.8020521471836e-06	0.000346503186868287	0.000157952930026852
rf_012_019	6.59062008813866e-06	0.000162848488173781	7.8976465013426e-05
mextraccion_autoservicio_rank_delta1	6.53276941675077e-06	0.000122597456489691	7.8976465013426e-05
cseguro_vivienda_lag1	6.51735039809192e-06	0.000346503186868287	0.000157952930026852
ccuenta_debitos_automaticos	6.35215051435201e-06	0.000173251593434143	7.8976465013426e-05
Visa_madelantodolares_rank_delta2	6.29272730677142e-06	2.57826490457916e-05	7.8976465013426e-05
vmr_Master_mlimitecompra_delta1	6.09983212553626e-06	3.16689893383806e-05	7.8976465013426e-05
Master_msaldodolares_rank_tend6	5.83184085745996e-06	4.95276218841785e-05	7.8976465013426e-05
rf_020_015	5.80308074497539e-06	4.63162038811614e-05	7.8976465013426e-05
rf_003_022	5.73990444359891e-06	0.000161770459228455	7.8976465013426e-05
Master_madelantopesos_rank_delta1	5.49582388962207e-06	2.67422963078696e-05	7.8976465013426e-05
rf_003_025	5.46939595133281e-06	0.000161770459228455	7.8976465013426e-05
vm_msaldodolares_rank_tend6	5.43850698639057e-06	0.000173251593434143	7.8976465013426e-05
mv_status07_rank_lag1	5.116670446282e-06	0.000173251593434143	7.8976465013426e-05
ccuenta_debitos_automaticos_lag1	4.68156387151859e-06	0.000173251593434143	7.8976465013426e-05
rf_014_016	4.48846847862972e-06	0.00016784318770318	7.8976465013426e-05
vmr_mpagado_lag1	4.453857520731e-06	0.000173251593434143	7.8976465013426e-05
vm_mpagosdolares_rank_lag2	4.37395363287746e-06	0.000173251593434143	7.8976465013426e-05
ccajas_depositos_lag2	3.71246715812734e-06	0.000173251593434143	7.8976465013426e-05
ctransferencias_emitidas_delta2	3.67831999149633e-06	0.000173251593434143	7.8976465013426e-05
cpagomiscuentas_lag1	3.62793235528554e-06	0.000173251593434143	7.8976465013426e-05
Master_mpagado_rank_lag1	3.48530312822698e-06	2.74393629214657e-05	7.8976465013426e-05
vmr_Visa_mlimitecompra_delta1	3.42159072613115e-06	3.0944216373386e-05	7.8976465013426e-05
cseguro_vida_lag2	3.3526234484564e-06	0.000173251593434143	7.8976465013426e-05
rf_002_021	3.25398946882824e-06	0.000173251593434143	7.8976465013426e-05
rf_006_015	3.13778487559475e-06	0.000173251593434143	7.8976465013426e-05
rf_018_017	3.0871917794636e-06	0.000173251593434143	7.8976465013426e-05
rf_001_021	2.57925617467185e-06	2.76383448996919e-05	7.8976465013426e-05
Master_cconsumos_delta2	2.40513520952722e-06	2.74154347088942e-05	7.8976465013426e-05
vm_status02_lag1	9.37296979804894e-07	2.65288314641397e-05	7.8976465013426e-05
Master_mpagosdolares_rank_lag1	7.20582443186046e-07	2.56818986770695e-05	7.8976465013426e-05
