Feature	Gain	Cover	Frequency
rf_004_022	0.18463359670515	0.00433145129243204	0.0046388336646786
ctrx_quarter	0.0876899560825951	0.00223250158479709	0.00139901332744275
rf_009_015	0.0672397443590488	0.00167306424947301	0.00161991016861792
mcaja_ahorro_rank	0.0424026925736763	0.00521277716740491	0.00287165893527723
rf_018_027	0.0360759026361633	0.00186456617310066	0.00242986525292688
mcuenta_corriente_rank	0.0224655626231617	0.00523326865812293	0.00368161401958619
rf_017_021	0.0208950582878559	0.000516558360487519	0.000294529121566895
Visa_status_tend6	0.0165161456923544	0.00203908455626088	0.00103085192548413
rf_013_026	0.0162526062301584	0.00421320971025804	0.00213533613135999
vm_status06	0.0131542515638742	0.00019703503471238	0.000294529121566895
mpasivos_margen_rank	0.0115863318238446	0.00452298814398817	0.00316618805684412
mprestamos_personales_rank	0.0112940909731426	0.00711525464128821	0.00316618805684412
rf_003_018	0.0109345367893611	0.00255737151969924	0.00257712981371033
cdescubierto_preacordado	0.00931097226771267	0.0102464109667053	0.00485973050585377
mpayroll_sobre_edad_rank	0.00881586871035304	0.00123299673431447	0.000736322803917237
vm_status01	0.00818800498296879	0.000586685732658558	0.000368161401958619
mcuentas_saldo_rank_tend6	0.00787281097803992	0.0057003796161677	0.00404977542154481
mcomisiones_mantenimiento_rank_tend6	0.00739288096056393	0.0018018046397331	0.00132538104705103
rf_013_016	0.00698057931999336	0.000950423202762599	0.00132538104705103
cproductos_tend6	0.00683340776318321	0.00266406250182774	0.00117811648626758
rf_013_024	0.00532665381983078	0.00109486073129414	0.00117811648626758
ctrx_quarter_normalizado_delta2	0.00529050678556065	0.00245608316318682	0.00228260069214344
mpasivos_margen_rank_lag1	0.00522214069046529	0.00114128785644993	0.00132538104705103
vm_status05_delta2	0.00515066490513575	0.00143779829048154	0.00058905824313379
mpayroll_rank	0.00473745159235659	0.00101024551799797	0.000515425962742066
mactivos_margen_rank	0.00449613092600165	0.00422984660751077	0.00346071717841102
foto_mes	0.00436078828332029	0.0054213917989336	0.00537515646859583
mprestamos_personales_rank_lag1	0.00434157587820776	0.00332249942582275	0.00169354244900965
mcuentas_saldo_rank_lag1	0.00418939371314079	0.00230054909767997	0.00169354244900965
rf_010_015	0.00410519050526412	0.000802035523225591	0.000736322803917237
mcomisiones_mantenimiento_rank_delta2	0.0039810786532504	0.00385323127607912	0.00206170385096826
mcuentas_saldo_rank_delta2	0.00388379750201109	0.00402358796361046	0.00412340770193653
ctrx_quarter_tend6	0.00360685002899454	0.00236416867185652	0.00198807157057654
rf_009_026	0.00359739564829815	0.000271763667197089	0.000147264560783447
tcallcenter	0.00348188089249188	0.00191681176392665	0.0012517487666593
vm_msaldopesos_rank	0.00338788551180029	0.000574418121553007	0.000736322803917237
cproductos	0.00330030729369111	0.00467006569669854	0.00191443929018482
cliente_vip_delta1	0.00328924403843943	0.00194533997328191	0.000957219645092409
internet	0.00309442957284884	0.00224238421150345	0.00220896841175171
cdescubierto_preacordado_tend6	0.00302102079138363	0.000181320761985447	7.36322803917237e-05
rf_006_019	0.00301264424945668	0.00204211933193325	0.00397614314115308
vm_mpagominimo_rank	0.00296093353306882	0.00172597874308021	0.00147264560783447
Visa_mpagominimo_rank	0.00285771489058247	0.0051250032831429	0.00485973050585377
mcuentas_saldo_rank_lag2	0.00283844961613974	0.00332093821332159	0.00323982033723584
vm_status04	0.00282186600290666	0.000748297257720356	0.000809955084308961
vm_status03	0.00272273207944792	0.00020494126788097	0.000294529121566895
mrentabilidad_annual_rank_lag2	0.00266282464144427	0.00461131560296566	0.00647964067447169
mtarjeta_visa_consumo_rank	0.00261764218857554	0.00158869221364113	0.00103085192548413
thomebanking	0.00257012118670721	0.00221546861801578	0.00382887858036963
mprestamos_personales_rank_delta2	0.00253812627438394	0.00236078329886436	0.00117811648626758
mcomisiones_otras_rank_lag2	0.00253770379589472	0.00308388895292526	0.005596053309771
rf_016_022	0.00246154218242262	0.000195822442478471	0.000147264560783447
mcomisiones_rank_lag2	0.0024314523113469	0.00334808182687063	0.00625874383329652
rf_014_030	0.0024242943979305	0.000469216519016153	0.000294529121566895
Visa_mpagospesos_rank_tend6	0.00229490594864777	0.00331615704122539	0.00515425962742066
ctrx_quarter_delta2	0.00227714553047336	0.0019307994107553	0.00206170385096826
mprestamos_personales_rank_tend6	0.0022374442903363	0.00116424077759929	0.000662690523525514
ccaja_ahorro	0.0022174994352883	0.00670886819346154	0.00272439437449378
mcuentas_saldo_rank_delta1	0.00217669662558636	0.00412827289641287	0.00316618805684412
rf_012_028	0.00209248808215483	0.00019225781672129	0.000147264560783447
ccaja_seguridad_lag2	0.002066334791155	0.000503710154948232	0.000220896841175171
Visa_mconsumototal_rank_tend6	0.00203513364172157	0.00243493331396788	0.00412340770193653
rf_003_019	0.00201393816961414	0.000197160248040882	0.000147264560783447
mrentabilidad_annual_rank	0.00195403181222458	0.0031473688153879	0.00316618805684412
ctarjeta_visa_transacciones_delta2	0.00193534480655254	0.00348556672058276	0.00176717472940137
Visa_cconsumos_tend6	0.00187553656057855	0.00340238816547676	0.00493336278624549
Visa_delinquency	0.00187107015169916	0.00200199505032371	0.0015462778882262
cproductos_delta2	0.00185435798860008	0.000725283047941788	0.000294529121566895
mcomisiones_otras_rank	0.00182210422825792	0.00281867723789639	0.00485973050585377
vmr_mpagominimo_delta1	0.00180595302433607	0.00210786753269433	0.00139901332744275
ctarjeta_visa_transacciones_tend6	0.00176921421447999	0.00215407125091137	0.00139901332744275
Visa_mconsumospesos_rank_tend6	0.00174348977539058	0.00152048455950127	0.00294529121566895
mrentabilidad_annual_rank_delta2	0.00174046577459261	0.00439225752082242	0.00677416979603858
Visa_fultimo_cierre_tend6	0.00165445091814586	0.00190385679754938	0.00220896841175171
mttarjeta_visa_debitos_automaticos_rank_tend6	0.00164622324381529	0.00319169103858983	0.00169354244900965
rf_001_022	0.00164305461971615	0.000922986326417855	0.00184080700979309
vm_fultimo_cierre_tend6	0.00160611770414123	0.00155873657234095	0.00198807157057654
ctrx_quarter_normalizado_tend6	0.00158428170959338	0.00292559558106875	0.00198807157057654
mtarjeta_visa_consumo_rank_delta2	0.00157792806712464	0.00252245149943274	0.00257712981371033
mcuentas_saldo_rank	0.00157319691424423	0.00413969037491965	0.0027980266548855
mactivos_margen_rank_delta2	0.00156495883032348	0.00404254130744047	0.00611147927251307
mprestamos_personales_rank_lag2	0.00147684627786509	0.00278744705671557	0.00139901332744275
mcuenta_debitos_automaticos_rank	0.00147427437459763	0.00123790773286181	0.000736322803917237
mcomisiones_otras_rank_lag1	0.00146780720913518	0.00263438430690282	0.00427067226271998
Visa_msaldototal_rank	0.00143761951800986	0.000972069292172909	0.00161991016861792
mcomisiones_otras_rank_delta2	0.00142050335424379	0.00314355178592116	0.00537515646859583
cliente_edad_lag1	0.00139740389404055	0.00298936738829206	0.00294529121566895
mcuenta_corriente_rank_lag2	0.00139721905184567	0.00433232712671403	0.00360798173919446
mrentabilidad_annual_rank_delta1	0.00139654103625172	0.00317108158373601	0.00478609822546204
Visa_mpagominimo_rank_delta2	0.00139349379880704	0.00172046276645096	0.00213533613135999
vm_status06_delta2	0.00134415136600481	0.000181320761985447	7.36322803917237e-05
Visa_mpagominimo_rank_lag2	0.00133498449110717	0.00272395071881496	0.00360798173919446
Visa_fechaalta	0.00129731619144287	0.00384770014204694	0.00412340770193653
ctarjeta_visa_transacciones	0.00127675068738638	0.00204682076290972	0.00117811648626758
Visa_mconsumospesos_rank	0.00127265567757488	0.00241316596533418	0.00404977542154481
mcomisiones_rank_tend6	0.00126541918500825	0.00227023099674465	0.00287165893527723
ccomisiones_mantenimiento_tend6	0.0012634228422048	0.00250380921187143	0.00110448420587586
mrentabilidad_annual_rank_lag1	0.00126000368238826	0.0026236304590371	0.00346071717841102
vm_fechaalta_delta2	0.00123113570388361	0.000135209306220988	0.000147264560783447
ctarjeta_visa_transacciones_delta1	0.00121954504988153	0.000181320761985447	7.36322803917237e-05
vm_fechaalta_lag1	0.00121619984936647	0.00162973121156624	0.0027980266548855
mcuenta_corriente_rank_lag1	0.00121469126407722	0.00209309499600123	0.00191443929018482
mcomisiones_otras_rank_delta1	0.00118679141572861	0.00291613604360922	0.00441793682350342
Visa_mpagospesos_rank	0.00115903030784916	0.00238729293756067	0.00390251086076136
Master_delinquency	0.00113232708318086	0.00241706141788562	0.00184080700979309
mcuenta_corriente_rank_tend6	0.00113190996766334	0.00447770046012175	0.00316618805684412
rf_012_027	0.00112473265751781	0.00244511579364513	0.00375524629997791
Master_fechaalta	0.00111308569024341	0.00294105745008612	0.00471246594507032
mrentabilidad_rank_delta1	0.00109268632776467	0.00301840040506644	0.00449156910389515
cliente_edad	0.00108209856814492	0.00334810027936115	0.00301892349606067
Master_mfinanciacion_limite_rank	0.00107411628826227	0.00401978675056417	0.00574331787055445
thomebanking_lag2	0.00106364787838824	0.0022714271135406	0.0043443045431117
mpasivos_margen_rank_delta2	0.00105059080459976	0.00313981779266175	0.00522789190781239
mtarjeta_visa_consumo_rank_delta1	0.00104610185497742	0.00073998309270786	0.00058905824313379
mactivos_margen_rank_delta1	0.00104029389172846	0.00382201888837129	0.0043443045431117
Visa_mpagominimo_rank_lag1	0.00102383883908969	0.00204032285017801	0.00242986525292688
mtransferencias_recibidas_rank	0.00100514622382687	0.00233172194433669	0.0015462778882262
cdescubierto_preacordado_lag2	0.00100333129465677	0.00283881417718949	0.00176717472940137
chomebanking_transacciones_delta1	0.00100050360077817	0.00296415865017712	0.00257712981371033
mrentabilidad_rank_lag2	0.000980995999377935	0.00292020152268041	0.00404977542154481
Master_mlimitecompra_rank_delta2	0.000977835582118187	0.00393024340426518	0.00537515646859583
ctrx_quarter_normalizado_delta1	0.000977112616752665	0.00158728257516921	0.000957219645092409
vm_fechaalta	0.000963953465911302	0.00278462053057902	0.00375524629997791
mcaja_ahorro_rank_tend6	0.000957944743735399	0.00414804276294821	0.00375524629997791
Visa_fechaalta_lag2	0.000953071803156372	0.00334868812298759	0.00375524629997791
Visa_fechaalta_lag1	0.000950385893644951	0.00271073741757046	0.00419703998232825
Master_mlimitecompra_rank_tend6	0.000950271735250792	0.00342965501530174	0.00537515646859583
mcomisiones_rank_lag1	0.0009454993309708	0.00194151569462247	0.00301892349606067
ccomisiones_mantenimiento_delta2	0.000939624302629009	0.000428678374405046	0.000220896841175171
rf_004_021	0.000937783591831078	0.00103663982862856	0.000515425962742066
mcomisiones_rank_delta1	0.000933774734909583	0.00350687209793604	0.0046388336646786
Master_mfinanciacion_limite_rank_tend6	0.000926677396250051	0.00316214728323867	0.00441793682350342
chomebanking_transacciones	0.000923451218779972	0.00323870732540709	0.00346071717841102
Master_fechaalta_lag2	0.000904895510717121	0.00278250244827479	0.00404977542154481
mcaja_ahorro_dolares_rank	0.000902176580787919	0.00265456276429959	0.00161991016861792
vm_status02_delta2	0.000899124684467702	0.000325274571658466	0.000441793682350342
Master_mfinanciacion_limite_rank_delta2	0.000890544495764947	0.00248412040449085	0.0043443045431117
vmr_mpagospesos_tend6	0.00088216298815382	0.000786522250841779	0.000662690523525514
mrentabilidad_rank_delta2	0.000880410394274843	0.00242616640392023	0.00441793682350342
mactivos_margen_rank_tend6	0.000877640708330399	0.00180080425114012	0.00206170385096826
Visa_Fvencimiento	0.000876165053675415	0.00247818265664981	0.00338708489801929
Master_Fvencimiento_lag2	0.000870110675545719	0.0031845380624448	0.00427067226271998
ctrx_quarter_delta1	0.000866446517683026	0.00125581455687255	0.000957219645092409
Visa_Fvencimiento_lag2	0.000862613918324274	0.00242596079045448	0.00338708489801929
thomebanking_lag1	0.000855844035221882	0.00196045783515467	0.00375524629997791
Visa_msaldopesos_rank_delta1	0.000842984667889128	0.00198544843847101	0.00220896841175171
Visa_mfinanciacion_limite_rank_tend6	0.000841178490517716	0.00331060086452752	0.0043443045431117
Visa_msaldopesos_rank	0.000841098881957132	0.00083793023040185	0.0012517487666593
Master_fechaalta_lag1	0.000838410738023177	0.00273885967213437	0.00397614314115308
Visa_delinquency_lag1	0.000838108569415322	0.0022686697842435	0.00132538104705103
Visa_mconsumospesos_rank_delta2	0.000826272243261457	0.00240865894452565	0.00427067226271998
mpasivos_margen_rank_lag2	0.000819665464784835	0.00211074216710971	0.00316618805684412
vm_Fvencimiento_lag1	0.00081036243099634	0.00212288258783421	0.00301892349606067
Master_Fvencimiento_lag1	0.000810051782531374	0.00282675415660225	0.0046388336646786
Visa_mlimitecompra_rank_tend6	0.000807619694138639	0.00302940929271179	0.00368161401958619
Visa_mconsumospesos_rank_lag1	0.000807098511531001	0.00234008224057547	0.00353434945880274
mtransferencias_recibidas_rank_delta2	0.000805527947497817	0.00244212121804139	0.00242986525292688
mcomisiones_rank	0.000804839101458619	0.0018501811387084	0.00287165893527723
mrentabilidad_rank	0.000802888560666535	0.00235112012499164	0.0027980266548855
vm_Fvencimiento	0.000801871990448107	0.00300698819869981	0.00382887858036963
vm_Fvencimiento_lag2	0.000797953531887314	0.00246545702836895	0.00316618805684412
Visa_mfinanciacion_limite_rank	0.000788340716045633	0.00219692584209975	0.00301892349606067
cliente_edad_lag2	0.000784517638673523	0.00339481078204986	0.00294529121566895
mrentabilidad_rank_lag1	0.000777451639031339	0.00211750895898894	0.00272439437449378
rf_020_025	0.000773104425611748	0.00103471615649226	0.00198807157057654
rf_019_021	0.000772233677767192	0.000611719172113592	0.000368161401958619
vm_mlimitecompra_rank_tend6	0.00077159949984109	0.00344308052018717	0.0027980266548855
mautoservicio_rank_delta2	0.000769522860407169	0.00168799363233549	0.00117811648626758
vmr_mpagominimo_lag2	0.000767122597664079	0.00239973782437868	0.00235623297253516
mactivos_margen_rank_lag2	0.000764693132699225	0.0021107988426163	0.00294529121566895
chomebanking_transacciones_lag2	0.00076351625661237	0.00245332846995979	0.00338708489801929
mtransferencias_recibidas_rank_lag2	0.000755804710195736	0.00225565089316694	0.00287165893527723
Visa_mpagospesos_rank_lag2	0.000747835737561599	0.0021386634213305	0.00368161401958619
Master_mfinanciacion_limite_rank_lag2	0.000747468731015343	0.00241471926962512	0.00368161401958619
mcaja_ahorro_rank_delta2	0.000743334782937984	0.00382493108678523	0.00301892349606067
Master_fultimo_cierre_tend6	0.00074072497582735	0.00241913930012122	0.0027980266548855
rf_007_015	0.000734826154571765	0.00121258037159355	0.0015462778882262
numero_de_cliente	0.000734020784062076	0.00236380489418635	0.00242986525292688
mpasivos_margen_rank_delta1	0.000730177376906767	0.00220479319323475	0.00301892349606067
Master_mfinanciacion_limite_rank_delta1	0.000730117782107292	0.00302515928873544	0.00449156910389515
Master_mlimitecompra_rank	0.000730049921164618	0.00200178218766526	0.00346071717841102
cdescubierto_preacordado_lag1	0.000718343420066719	0.00355277398612964	0.00191443929018482
mcomisiones_otras_rank_tend6	0.000718125814354449	0.00216861444950805	0.00265076209410205
vm_msaldopesos_rank_lag2	0.00071490440065911	0.000915748996030471	0.000957219645092409
vmr_msaldopesos2_tend6	0.000707779210317785	0.00263500773747526	0.00191443929018482
chomebanking_transacciones_delta2	0.000705679110813118	0.0021294694679309	0.00257712981371033
ccomisiones_mantenimiento_delta1	0.000704609188224866	0.00181320761985447	0.000736322803917237
ccomisiones_otras_lag2	0.000703893112630975	0.00182575399537032	0.00198807157057654
Master_Fvencimiento	0.00070341104675021	0.00298558594577131	0.00382887858036963
Visa_mlimitecompra_rank_delta2	0.000700261927355605	0.00256331453968043	0.00338708489801929
Visa_msaldopesos_rank_delta2	0.000698488250790003	0.00146272694615114	0.00206170385096826
Master_msaldopesos_rank	0.000698455010590513	0.000810378685008899	0.00103085192548413
mactivos_margen_rank_lag1	0.000697127743037768	0.00434839397381333	0.00346071717841102
Master_mlimitecompra_rank_lag1	0.0006970457621468	0.00246604948511802	0.00353434945880274
Visa_msaldototal_rank_lag2	0.000695470465195082	0.00151798688310643	0.00213533613135999
mrentabilidad_rank_tend6	0.000694756043013757	0.00240675899702002	0.00206170385096826
rf_014_025	0.000690658251585353	0.00211481028225098	0.00228260069214344
mcomisiones_rank_delta2	0.000677273320907107	0.00221626207510797	0.00353434945880274
Visa_mconsumosdolares_rank_lag2	0.000673240028878771	0.00197546366404929	0.00242986525292688
Visa_msaldototal_rank_delta1	0.000667432496915194	0.00108836743168507	0.0015462778882262
Visa_mlimitecompra_rank_lag2	0.000666797551715005	0.00189357546524437	0.00257712981371033
vmr_msaldototal_lag2	0.000663640018189945	0.0010343418345418	0.00103085192548413
mpayroll_rank_tend6	0.000662445606738769	0.00129117282378881	0.000662690523525514
rf_014_015	0.000653799957564888	0.000760968187547186	0.000368161401958619
mrentabilidad_annual_rank_tend6	0.000648824202200335	0.002355227781184	0.00228260069214344
ccajas_transacciones_delta1	0.000645634760510221	0.00207927473962226	0.000957219645092409
Visa_mfinanciacion_limite_rank_lag1	0.000640965181545409	0.00182615665507408	0.00265076209410205
Visa_mfinanciacion_limite_rank_delta1	0.000636119600163309	0.00287833479875215	0.00390251086076136
mpagomiscuentas_rank	0.000630840811236056	0.00116765778343234	0.00058905824313379
vm_fechaalta_lag2	0.000627882091896797	0.00191294662618107	0.00272439437449378
rf_011_021	0.00062213827155866	0.00156893091433353	0.00206170385096826
Master_mlimitecompra_rank_delta1	0.000620790670621772	0.00224671856972215	0.00338708489801929
Master_status_delta1	0.000614121064666393	0.000334704453329663	0.000368161401958619
Visa_cconsumos_lag1	0.000613095258287228	0.00190168731187871	0.00257712981371033
Visa_cconsumos	0.000611737286726919	0.00175178850517195	0.00228260069214344
Visa_mconsumospesos_rank_delta1	0.000611515469020307	0.00183641558078346	0.00331345261762757
Visa_mpagospesos_rank_delta2	0.000609253184637775	0.00160869405434296	0.00316618805684412
mtarjeta_visa_consumo_rank_lag2	0.000604842429045062	0.00184059177479774	0.00206170385096826
Visa_mconsumosdolares_rank	0.000602823220230273	0.00140321766423703	0.00235623297253516
mprestamos_personales_rank_delta1	0.000599040056077336	0.00223703892041147	0.00110448420587586
Visa_mlimitecompra_rank_delta1	0.000598837906143272	0.00253256214620047	0.00353434945880274
Visa_mconsumototal_rank_lag1	0.000598662687523019	0.00243745207892332	0.00368161401958619
rf_018_025	0.000593372194851418	0.00152748200751195	0.00103085192548413
Visa_fechaalta_tend6	0.000586781104624155	0.001135103636057	0.00117811648626758
mautoservicio_rank	0.000586285345168377	0.00121597299377842	0.000662690523525514
mtransferencias_emitidas_rank	0.000584622466596698	0.00209072648704	0.0012517487666593
ctrx_quarter_normalizado_lag2	0.00058369144485616	0.00144833795765377	0.00161991016861792
rf_009_025	0.000579941414679027	0.00129681071865897	0.00147264560783447
Visa_mconsumototal_rank_delta1	0.000576235403293048	0.00237722249086156	0.00368161401958619
mcomisiones_mantenimiento_rank_lag2	0.000569757726519984	0.00247126297270631	0.00213533613135999
cmobile_app_trx_lag2	0.000567797680959561	0.00213800572184711	0.00198807157057654
ccajas_transacciones	0.000566001781723206	0.00152049905788668	0.00103085192548413
Visa_Fvencimiento_lag1	0.000562637477997278	0.00245249349476394	0.00316618805684412
Master_Fvencimiento_tend6	0.000559780072843576	0.00113302904890898	0.00176717472940137
ctrx_quarter_lag2	0.000558523372458246	0.00158952125767931	0.00169354244900965
internet_lag2	0.000556928266717885	0.000216783153669616	0.000441793682350342
mcaja_ahorro_rank_lag1	0.000554659767438432	0.00147372594853372	0.00117811648626758
Visa_mfinanciacion_limite_rank_lag2	0.000553436167155205	0.00110955352686751	0.00242986525292688
mcuenta_corriente_rank_delta1	0.000543631411303544	0.00222811582321195	0.00206170385096826
Visa_mconsumototal_rank_delta2	0.000541598347355691	0.00158190169713124	0.00301892349606067
Visa_mconsumototal_rank	0.00054038960577289	0.00139709605050834	0.0027980266548855
Visa_cconsumos_lag2	0.000537439316514945	0.00125254648899866	0.00213533613135999
Visa_mfinanciacion_limite_rank_delta2	0.00053529280692791	0.00186301286880972	0.00301892349606067
Visa_msaldototal_rank_tend6	0.000532372422617875	0.00177678372161091	0.00235623297253516
Visa_mconsumospesos_rank_lag2	0.000532036958908563	0.00176513888206028	0.00353434945880274
chomebanking_transacciones_lag1	0.000531829276801931	0.00167743946677785	0.00220896841175171
cliente_antiguedad_lag2	0.000530834659390465	0.00162184408990569	0.00198807157057654
Visa_msaldopesos_rank_lag1	0.000528021670737612	0.001291948487408	0.00206170385096826
mttarjeta_visa_debitos_automaticos_rank_delta1	0.000523326504049556	0.000928494394836883	0.000515425962742066
Master_msaldototal_rank	0.0005229923034042	0.00103915793456647	0.00117811648626758
Visa_mlimitecompra_rank	0.00052126781542533	0.00161030008003537	0.00265076209410205
rf_020_016	0.000511477636953509	0.00138970516903916	0.0012517487666593
Master_mpagominimo_rank_lag2	0.000507056938497355	0.00159861042729348	0.00184080700979309
Master_mpagominimo_rank	0.000506810472259722	0.0011849464490108	0.0015462778882262
internet_tend6	0.000504217043993914	0.00236726869026321	0.00110448420587586
Master_mlimitecompra_rank_lag2	0.000502898784995389	0.00144118102740363	0.00272439437449378
ccaja_ahorro_lag2	0.000501764235757184	0.00634622666949064	0.00257712981371033
rf_017_016	0.000498973485735128	0.00148552433916615	0.00191443929018482
rf_010_020	0.000497268953173809	0.00188890105398616	0.000883587364700685
vmr_msaldopesos_lag2	0.000494078720501329	0.00115486229929453	0.00147264560783447
cmobile_app_trx_tend6	0.000491001151161041	0.00292894075399229	0.00198807157057654
vmr_Master_mlimitecompra	0.000489425341575885	0.0012616343405778	0.00206170385096826
Visa_msaldopesos_rank_lag2	0.000487006991303149	0.0011786528317098	0.00161991016861792
Master_msaldototal_rank_lag1	0.000484510735823599	0.000527843376473092	0.000809955084308961
mpasivos_margen_rank_tend6	0.000482023359326398	0.00215522782665621	0.00213533613135999
mpayroll_rank_delta2	0.00048152141081771	0.00200527629854797	0.00103085192548413
Visa_msaldopesos_rank_tend6	0.000475303525196111	0.00182653493112965	0.00191443929018482
mttarjeta_visa_debitos_automaticos_rank	0.000470622544800623	0.000954975695779905	0.00132538104705103
mcaja_ahorro_dolares_rank_delta2	0.000468542945143012	0.00196953777852358	0.00103085192548413
Visa_fultimo_cierre_lag2	0.000466218790479439	0.00153483202989499	0.00169354244900965
vmr_mpagominimo	0.00046592932590002	0.00133570197849152	0.0015462778882262
Visa_fultimo_cierre	0.000464123020980715	0.000778765614649872	0.00132538104705103
Master_mfinanciacion_limite_rank_lag1	0.000464074172323026	0.001749501714383	0.0027980266548855
Visa_mlimitecompra_rank_lag1	0.000461241740298475	0.00139185290713172	0.00235623297253516
vmr_Visa_mlimitecompra	0.000458453486665506	0.00126353890120605	0.00176717472940137
ccajas_consultas_tend6	0.000456604166186113	0.00162176566682099	0.000662690523525514
Visa_Fvencimiento_tend6	0.000454050364918296	0.00106227033795529	0.00103085192548413
rf_017_020	0.000452634363969252	0.000783530970325631	0.000883587364700685
vmr_mconsumototal_tend6	0.000451736428390614	0.00156925515095259	0.00103085192548413
vmr_mconsumospesos_lag2	0.000447399355127868	0.000725646166594442	0.00103085192548413
Visa_mconsumototal_rank_lag2	0.000443874194270491	0.00159621489861399	0.00265076209410205
rf_017_018	0.000443094353736506	0.000531276857744106	0.00058905824313379
ccomisiones_otras_tend6	0.000442148245053687	0.00118092644214838	0.0015462778882262
cliente_antiguedad_lag1	0.000441614525861474	0.00169452713201319	0.00176717472940137
vm_status02	0.000439021166468879	0.000228641514896223	0.000294529121566895
mcaja_ahorro_rank_delta1	0.000435944162021389	0.00252268742770434	0.00184080700979309
Visa_mpagospesos_rank_lag1	0.00042872595746174	0.00145664948659619	0.00257712981371033
rf_016_015	0.000428028287455982	0.000670988571650999	0.00058905824313379
vm_cconsumos_delta2	0.000426270849670931	0.00075941883736136	0.000368161401958619
Visa_mpagospesos_rank_delta1	0.000423005242087537	0.00147535635787431	0.00287165893527723
mcuenta_corriente_rank_delta2	0.000421503967160093	0.00259090364907193	0.00169354244900965
cliente_antiguedad	0.000416521019577787	0.00188382002891907	0.00198807157057654
Visa_mconsumosdolares_rank_tend6	0.000415961474652398	0.00142871702907759	0.00228260069214344
vm_mlimitecompra_rank_delta2	0.000410856299235294	0.00165296026105582	0.00213533613135999
Visa_cconsumos_delta2	0.000410229670872963	0.000606311933374884	0.00139901332744275
rf_015_025	0.000402367710126518	0.000874787762172532	0.0015462778882262
vm_mfinanciacion_limite_rank_delta2	0.000401667215507766	0.00245620112732262	0.00228260069214344
vm_mconsumospesos_rank_lag2	0.000398658631167351	0.000746479028387012	0.000957219645092409
rf_004_019	0.000397892183824392	0.00103331047212546	0.00176717472940137
Master_msaldopesos_rank_delta2	0.000396310084525475	0.00109113201017487	0.00117811648626758
ccomisiones_otras_delta2	0.000396093561182243	0.00174185447509915	0.00147264560783447
Master_mconsumospesos_rank_tend6	0.000395195517525639	0.00135690323107689	0.00147264560783447
rf_015_029	0.000393862205226749	0.000680859995059543	0.000883587364700685
Visa_mpagominimo_rank_tend6	0.000390092848431258	0.00251670750274211	0.00220896841175171
Visa_delinquency_delta2	0.000388639957929556	0.000159844699094891	0.000294529121566895
vm_mpagominimo_rank_lag1	0.000388330673493614	0.00177184702138036	0.0015462778882262
vmr_mconsumototal_lag1	0.000387525862876792	0.000761615342750283	0.0012517487666593
Master_mpagominimo_rank_lag1	0.000381698504897836	0.00148534113229602	0.00132538104705103
Visa_msaldototal_rank_delta2	0.000379268306942359	0.00105762821855548	0.00198807157057654
ctarjeta_debito_transacciones_lag2	0.000378857420212289	0.00203894682159953	0.00132538104705103
vmr_msaldototal	0.000372817942504291	0.000666210694642391	0.00110448420587586
mcomisiones_mantenimiento_rank_lag1	0.000371439240572403	0.0015644278476301	0.00132538104705103
vm_mfinanciacion_limite_rank_delta1	0.000368227387671114	0.00165321793690552	0.00198807157057654
Master_msaldopesos_rank_tend6	0.00036613120321128	0.00139814388836264	0.00161991016861792
rf_002_026	0.000364690857170698	0.0007168225810402	0.000515425962742066
thomebanking_tend6	0.000363810553134678	0.00187753036572319	0.000957219645092409
vmr_msaldopesos2_lag2	0.000362833232171157	0.00221565248390342	0.00198807157057654
rf_011_016	0.000362559682601961	0.000662912970980174	0.00058905824313379
vm_mpagominimo_rank_lag2	0.000361791464952522	0.00109877990847624	0.000957219645092409
Master_fultimo_cierre	0.000360801225493353	0.00113174001064294	0.0015462778882262
Visa_mpagominimo_rank_delta1	0.000358872254599654	0.00198966944567654	0.00198807157057654
vmr_mconsumospesos_lag1	0.00035795439519243	0.00110094412200676	0.00117811648626758
rf_007_018	0.000350017656414178	0.00113474776659704	0.000662690523525514
cmobile_app_trx_lag1	0.000349683178951483	0.0010681889742883	0.000736322803917237
Master_msaldototal_rank_delta1	0.000349022319542529	0.000608070192114052	0.000662690523525514
ccallcenter_transacciones_tend6	0.000348748651564386	0.00113477346828026	0.000662690523525514
vm_mfinanciacion_limite_rank_tend6	0.000348688996500849	0.00150423714160193	0.00184080700979309
mcomisiones_mantenimiento_rank	0.000347841450949171	0.00128711063980521	0.00132538104705103
Visa_mconsumosdolares_rank_lag1	0.000346396608414897	0.000867772520688858	0.00206170385096826
ctrx_quarter_normalizado	0.000346054406688877	0.00180108037948034	0.00110448420587586
Master_Fvencimiento_delta2	0.000345663944707571	0.000621048883121988	0.000662690523525514
vmr_mconsumototal_lag2	0.000343939707122567	0.000863934402661529	0.0012517487666593
mcaja_ahorro_dolares_rank_lag2	0.000343547228613044	0.00188788418995522	0.00132538104705103
cpagomiscuentas_tend6	0.00034236823496047	0.00124081202306552	0.000515425962742066
rf_015_015	0.000341218024483343	0.000796323159375851	0.00139901332744275
Master_fechaalta_tend6	0.000338538921632129	0.000527434126594148	0.000809955084308961
vmr_Master_mlimitecompra_lag1	0.000335383761335619	0.00131159841275499	0.00191443929018482
vmr_msaldototal_delta2	0.000335179190673667	0.000902939013507253	0.00103085192548413
ccajas_transacciones_lag2	0.000334022043074574	0.00152520773805585	0.00147264560783447
Master_delinquency_delta2	0.000333950685922295	0.00116925721894957	0.000736322803917237
vmr_Visa_mlimitecompra_lag2	0.000333139460589313	0.0012128360703907	0.00147264560783447
ctarjeta_master	0.000332756693008338	0.000339992409897535	0.000368161401958619
rf_005_019	0.000328979067983585	0.00111501282799018	0.00184080700979309
Visa_mconsumosdolares_rank_delta1	0.000327344696829602	0.00090884578752493	0.00169354244900965
ctrx_quarter_normalizado_lag1	0.000326609010118005	0.00128598437886622	0.00103085192548413
rf_010_013	0.000326484695027496	0.00126167322261138	0.00110448420587586
rf_008_022	0.000325713106530945	0.00113199241435249	0.00191443929018482
ctarjeta_visa_transacciones_lag2	0.000320491918060071	0.000799709191385538	0.00110448420587586
vm_mfinanciacion_limite_rank	0.000320187808386524	0.00120610157036988	0.00169354244900965
cproductos_delta1	0.000317742891165766	0.000725283047941788	0.000294529121566895
mcuenta_debitos_automaticos_rank_delta2	0.000313265845944389	0.00116331353995086	0.00058905824313379
Visa_msaldototal_rank_lag1	0.000311111959638859	0.000807367633967198	0.00117811648626758
chomebanking_transacciones_tend6	0.000309886780404104	0.00235139888940193	0.0012517487666593
vm_fultimo_cierre_lag2	0.000308872817566596	0.00123098870793582	0.00161991016861792
rf_004_023	0.000306600654497089	0.000331859474702606	0.000147264560783447
vmr_mpagospesos	0.000305281795506917	0.000918210426461802	0.00132538104705103
mtransferencias_recibidas_rank_tend6	0.000301945504735371	0.00162550361418552	0.0012517487666593
vmr_Master_mlimitecompra_lag2	0.000300434909606554	0.00133967190002253	0.00147264560783447
vm_mfinanciacion_limite_rank_lag1	0.000297931079298684	0.000563295882894485	0.000883587364700685
rf_002_015	0.000297578334540633	0.000982059997752289	0.00117811648626758
Visa_cconsumos_delta1	0.000296675073001373	0.000701682312571818	0.0015462778882262
mcuenta_debitos_automaticos_rank_lag1	0.000291218660429402	0.000722382711843183	0.000515425962742066
cmobile_app_trx_delta2	0.000290598221914672	0.00212441678061711	0.00176717472940137
mextraccion_autoservicio_rank_delta2	0.000289431890072579	0.00197705585037382	0.00132538104705103
ctarjeta_debito_tend6	0.000287027706854269	0.00217584914382536	0.000883587364700685
vm_mconsumospesos_rank_lag1	0.000281890551882375	0.000362912380170968	0.000662690523525514
Visa_madelantodolares_rank_tend6	0.000281678546257705	0.000245623078311095	0.000662690523525514
Master_cconsumos_tend6	0.000280270412848138	0.000667345522809125	0.000736322803917237
Master_mpagospesos_rank_tend6	0.000279261615766528	0.000810821544781283	0.000809955084308961
vm_msaldototal_rank	0.000278539102381468	0.000348740208437158	0.000368161401958619
vm_mlimitecompra_rank_delta1	0.000277326026819268	0.00176159863995128	0.00169354244900965
Visa_mconsumosdolares_rank_delta2	0.000276943098640364	0.00105689011893484	0.00198807157057654
mtransferencias_emitidas_rank_lag2	0.000274596248133815	0.00177721274201541	0.00132538104705103
ccajas_extracciones_tend6	0.000273881632387151	0.00304192205833419	0.0012517487666593
vm_mpagospesos_rank_tend6	0.00027350749243027	0.00088226299788407	0.000736322803917237
vm_mpagominimo_rank_delta2	0.000273259375619589	0.000587015900435291	0.000662690523525514
mtransferencias_recibidas_rank_lag1	0.000272046465353101	0.00163788984844439	0.00132538104705103
vmr_Visa_mlimitecompra_lag1	0.000270861134040415	0.00102768114448304	0.00139901332744275
mttarjeta_visa_debitos_automaticos_rank_delta2	0.000269790541262817	0.000872321059601053	0.000736322803917237
Master_fultimo_cierre_lag1	0.000269054838657401	0.00148198541509218	0.00161991016861792
vmr_mpagominimo_lag1	0.000265929791832387	0.000666926387667404	0.00110448420587586
rf_010_019	0.000264530772368785	0.000814693272702052	0.00117811648626758
rf_007_026	0.000263062573073585	0.000789949141937608	0.0012517487666593
vmr_msaldopesos_tend6	0.000262345700802044	0.00133267049790675	0.000957219645092409
vmr_mconsumospesos_tend6	0.000261468838837309	0.00163950839546965	0.00103085192548413
vmr_Master_mlimitecompra_tend6	0.000255998799758023	0.00118959120448068	0.000809955084308961
vm_msaldototal_rank_tend6	0.000255987120053075	0.00124831889161794	0.00117811648626758
vm_mfinanciacion_limite_rank_lag2	0.000255609214983048	0.00105082518071274	0.00110448420587586
vmr_msaldopesos2	0.000255572434567943	0.00128345441061297	0.00147264560783447
mtransferencias_emitidas_rank_lag1	0.000255049797340656	0.00105945106101145	0.000736322803917237
rf_011_024	0.000251917245189666	0.000798684419144381	0.00058905824313379
vmr_Visa_mlimitecompra_delta1	0.000250744084303572	0.000168104824670877	7.36322803917237e-05
Visa_mpagosdolares_rank	0.000249244994842391	0.000427341227860154	0.00110448420587586
vm_fultimo_cierre_lag1	0.000248695023293657	0.0018127331272412	0.00147264560783447
rf_018_019	0.000246569084943414	0.000440167026803814	0.000368161401958619
internet_lag1	0.000243247347346746	0.000505545518737056	0.000441793682350342
vm_fechaalta_tend6	0.000239463655386587	0.000666337885023448	0.000736322803917237
tcallcenter_lag2	0.000238280677418621	0.00112647709674076	0.000883587364700685
Master_mconsumospesos_rank_delta2	0.000236309924987389	0.000749604748476919	0.000441793682350342
rf_016_020	0.00023510963476044	0.000765228076786309	0.00132538104705103
vmr_mpagospesos_lag2	0.000234102483400952	0.000700532986019678	0.000883587364700685
Visa_fechaalta_delta2	0.000233633725423571	0.0005869196838776	0.00058905824313379
vm_cconsumos_lag2	0.000231625898011798	0.000830998684143016	0.000515425962742066
mttarjeta_visa_debitos_automaticos_rank_lag1	0.000229795538857834	0.000597280098284818	0.000736322803917237
vm_msaldototal_rank_lag2	0.00022975572603151	0.000822615981308602	0.000957219645092409
vm_cconsumos_tend6	0.000227333298169639	0.00061063377026074	0.000441793682350342
rf_002_017	0.000225931063916356	0.000586720660587035	0.00117811648626758
Visa_mpagado_rank_tend6	0.000225844768958792	0.00124320623370997	0.00103085192548413
Master_mconsumototal_rank_tend6	0.000224221881618444	0.00128956482104384	0.00103085192548413
ctransferencias_recibidas_tend6	0.000223857301263576	0.00232199879986979	0.00132538104705103
vm_mpagominimo_rank_delta1	0.000220849312146663	0.000510295057992372	0.000441793682350342
mtarjeta_visa_consumo_rank_tend6	0.0002205775830157	0.000960127235721462	0.000809955084308961
Master_mpagominimo_rank_tend6	0.000217123614346012	0.0016718766999048	0.00110448420587586
ccajas_transacciones_tend6	0.000216871870830854	0.0015438869305982	0.000809955084308961
Master_fultimo_cierre_lag2	0.000216514824510172	0.000620008294460389	0.00110448420587586
Master_mconsumototal_rank	0.000215403886764446	0.000926160154786608	0.000883587364700685
vm_msaldopesos_rank_delta2	0.00021447861620212	0.00159649893516444	0.00110448420587586
ctrx_quarter_lag1	0.000212458327506877	0.00100851427897706	0.000736322803917237
Master_msaldototal_rank_delta2	0.000209741995521639	0.000753293928545083	0.00103085192548413
mpayroll_rank_lag2	0.000209703380959884	0.000933598485517113	0.000515425962742066
vm_mlimitecompra_rank	0.000206146724779388	0.000935985446968862	0.000957219645092409
mpayroll_sobre_edad_rank_delta2	0.000204990851864536	0.000749290397120629	0.000368161401958619
mforex_sell_rank_tend6	0.000204101213124034	0.001525749450456	0.000662690523525514
vmr_Visa_mlimitecompra_tend6	0.000203129919096475	0.00175880440567314	0.00110448420587586
cseguro_accidentes_personales	0.000202578042806047	0.00111028833140056	0.000662690523525514
tcallcenter_delta2	0.000202314048600513	0.000875542337231133	0.000515425962742066
Master_mpagominimo_rank_delta2	0.000200624119014703	0.00130762783220646	0.00103085192548413
mpagomiscuentas_rank_delta2	0.000198192831802866	0.000703145990480248	0.000294529121566895
Master_delinquency_tend6	0.000195722608775469	0.000381573120222796	0.000441793682350342
vm_mlimitecompra_rank_lag2	0.000195639636619328	0.00082021781655904	0.00103085192548413
vm_msaldopesos_rank_tend6	0.000194716996748855	0.00118904883306302	0.00103085192548413
ccajas_transacciones_lag1	0.000194218931629812	0.00075238514338717	0.00058905824313379
Visa_madelantopesos_rank_tend6	0.000193351626353223	0.000395101431841102	0.000736322803917237
ctransferencias_emitidas_tend6	0.000192993747626911	0.000840690195769029	0.000515425962742066
vm_Fvencimiento_tend6	0.000192295792310556	0.000626583312241752	0.000809955084308961
rf_014_023	0.000191522400693412	0.00107232562725147	0.000883587364700685
mttarjeta_visa_debitos_automaticos_rank_lag2	0.000191417667317047	0.000969560412480251	0.00103085192548413
vm_fultimo_cierre	0.000190067399889963	0.00102195955438804	0.00110448420587586
vm_msaldopesos_rank_lag1	0.000189776633739261	0.000874308656436635	0.000883587364700685
mpagomiscuentas_rank_lag2	0.000189657894730063	0.000545238143872019	0.000515425962742066
rf_002_024	0.000185255136289054	0.000968207449514917	0.000957219645092409
mpayroll_sobre_edad_rank_tend6	0.000184363820618256	0.000932040568103547	0.00058905824313379
Visa_cadelantosefectivo_tend6	0.000181274291709366	0.000302401391628841	0.00058905824313379
rf_012_016	0.000179744353273683	0.000728350115472555	0.000809955084308961
vmr_mconsumospesos	0.000178153343900135	0.000961334555815223	0.000883587364700685
mcaja_ahorro_rank_lag2	0.000177957352986287	0.000745047642336984	0.000736322803917237
Master_msaldototal_rank_tend6	0.000175658298635524	0.00131762710501358	0.00103085192548413
Master_mconsumototal_rank_lag2	0.000175361967131838	0.00121498578553582	0.000883587364700685
Master_msaldototal_rank_lag2	0.000174779065313075	0.000516555065399927	0.000957219645092409
Master_mconsumospesos_rank_lag2	0.000172260795471129	0.00110281902684669	0.000809955084308961
mpagomiscuentas_rank_tend6	0.000171366534013526	0.000725283047941788	0.000294529121566895
ctransferencias_recibidas_lag2	0.000170304741113419	0.00143799665475458	0.000809955084308961
mplazo_fijo_dolares_rank_lag2	0.000170200006147672	0.000725283047941788	0.000294529121566895
Master_cadelantosefectivo_tend6	0.000169905248661807	0.00039721160593511	0.000809955084308961
vmr_mpagospesos_lag1	0.00016884342688793	0.000566192923905498	0.000809955084308961
Visa_fechaalta_delta1	0.000168602983612804	0.000245352881128539	0.000220896841175171
vm_mpagospesos_rank	0.000168405990063907	0.000975993082477634	0.000883587364700685
Master_fultimo_cierre_delta1	0.00016839454194514	0.000425139450331084	0.00103085192548413
Master_msaldopesos_rank_delta1	0.000168213159635861	0.000611574847277056	0.000809955084308961
vmr_msaldototal_tend6	0.000167390097716838	0.000947668509535567	0.000662690523525514
vm_msaldototal_rank_delta2	0.000164507719301535	0.00103871309774153	0.000883587364700685
rf_011_017	0.000164364730033917	0.000807432876701523	0.000662690523525514
mcaja_ahorro_dolares_rank_delta1	0.000163940183361567	0.000614395442255931	0.000515425962742066
Visa_Fvencimiento_delta2	0.000163619054057414	0.000130030087543656	0.000147264560783447
ctarjeta_visa_transacciones_lag1	0.00016351490451398	0.0013201168731982	0.000883587364700685
Visa_madelantopesos_rank_delta2	0.000162754136443156	0.000156614195219553	0.000441793682350342
rf_008_013	0.000162394183030289	0.00071218375672798	0.000957219645092409
vm_mconsumospesos_rank_tend6	0.000162216563913653	0.000723775874877141	0.000662690523525514
Master_mconsumosdolares_rank_tend6	0.000162001871405859	0.000637710823040422	0.00103085192548413
mcomisiones_mantenimiento_rank_delta1	0.00016187148633363	0.000647885394507443	0.00058905824313379
vmr_mconsumospesos_delta2	0.000161143686134755	0.000855532588319081	0.000662690523525514
tcallcenter_tend6	0.000158506639933138	0.00106283182088099	0.00058905824313379
vm_mconsumospesos_rank	0.000158350069927436	0.000238978204672778	0.000368161401958619
rf_001_017	0.000158079142838287	0.00105579549083673	0.000441793682350342
mcuenta_debitos_automaticos_rank_lag2	0.000156770382250574	0.00143233964837639	0.000883587364700685
ctarjeta_debito_transacciones_delta1	0.000156181046878993	0.00163188685786902	0.000662690523525514
tcallcenter_lag1	0.000154393260377377	0.000896635510943482	0.00058905824313379
mplazo_fijo_dolares_rank_tend6	0.00015322566285754	0.00145056609588358	0.00058905824313379
Master_msaldopesos_rank_lag1	0.000152216915311664	0.00072602048854491	0.000957219645092409
vm_mpagominimo_rank_tend6	0.000151377792953978	0.00126993796131	0.000883587364700685
vmr_mpagominimo_tend6	0.000150837140348357	0.000931200320767551	0.000809955084308961
rf_003_028	0.000150835129780321	0.000543274271667101	0.000294529121566895
mautoservicio_rank_tend6	0.000150765309825185	0.00121939395371659	0.000809955084308961
ctarjeta_visa_debitos_automaticos_lag2	0.000150504204586053	0.000581316057918401	0.000368161401958619
Visa_status_lag1	0.000150361558095121	0.000137491483887307	7.36322803917237e-05
mtransferencias_emitidas_rank_delta2	0.000149921628325672	0.00118324025265559	0.000736322803917237
vm_mconsumototal_rank	0.000148442765470318	0.000356123181696115	0.000441793682350342
rf_005_022	0.000148422098738168	0.000562568986571658	0.000809955084308961
vm_mpagospesos_rank_delta2	0.000147939346253628	0.00070444557302659	0.000662690523525514
vmr_mpagospesos_delta2	0.000147546570529699	0.00220839274692041	0.00117811648626758
matm_rank_lag2	0.000146941356173883	0.000651500764613543	0.000515425962742066
vmr_msaldopesos2_lag1	0.00014656026823426	0.000860002704146583	0.000957219645092409
tcallcenter_delta1	0.000146395388145573	0.000402388188542368	0.000220896841175171
rf_010_017	0.000146391294957525	0.0007274505565599	0.00058905824313379
Master_mpagospesos_rank_lag2	0.000146350464797475	0.000889889807624845	0.000883587364700685
rf_019_024	0.000146295038814135	0.000687908846436657	0.000662690523525514
vm_status05	0.000145105662524648	0.0005232770440879	0.000441793682350342
Master_madelantopesos_rank_tend6	0.000142447745090417	0.00041968871643616	0.000809955084308961
rf_008_019	0.000140200723127856	0.000711025862948101	0.000809955084308961
thomebanking_delta2	0.000139987385170741	0.0011512746079242	0.000883587364700685
Visa_mpagosdolares_rank_delta1	0.000137142820666088	0.000208246899753408	0.000515425962742066
Master_msaldopesos_rank_lag2	0.000136658932435771	0.000742728559689634	0.000662690523525514
Master_mconsumospesos_rank_lag1	0.000136215493840999	0.000660145756420291	0.00058905824313379
rf_016_017	0.000135551509972232	0.000745613079367796	0.000515425962742066
ccomisiones_otras_lag1	0.000135507761177318	0.00090009667095027	0.000662690523525514
mextraccion_autoservicio_rank_tend6	0.000135349789866621	0.000933944469714288	0.000515425962742066
Master_fultimo_cierre_delta2	0.000134863364320633	0.000315694433993067	0.000515425962742066
Visa_madelantopesos_rank	0.000134480719846389	0.000261379528159207	0.000662690523525514
vmr_msaldopesos_lag1	0.000134476824006586	0.000519671559244576	0.000515425962742066
vm_status02_tend6	0.000133846263248669	0.000218223765964901	0.000294529121566895
Visa_delinquency_tend6	0.000133819403225257	0.000311586118783183	0.000220896841175171
rf_019_023	0.000132745168644055	0.000950110828458864	0.000736322803917237
Master_madelantodolares_rank_tend6	0.000131395604783336	0.000350876743231904	0.000736322803917237
mextraccion_autoservicio_rank_lag2	0.000131168619863892	0.000668902122187654	0.000662690523525514
vmr_mpagominimo_delta2	0.00013103069767805	0.000748664330478121	0.00058905824313379
vm_mconsumototal_rank_lag2	0.000130615849413727	0.00049297805466062	0.00058905824313379
mtransferencias_emitidas_rank_tend6	0.00013007258916229	0.00177240455020095	0.000883587364700685
Visa_cadelantosefectivo	0.000129863615133452	7.73666796109789e-05	0.000220896841175171
vmr_msaldopesos2_delta1	0.000129434511687827	0.000524696567822595	0.000441793682350342
vmr_msaldopesos	0.000127514245706053	0.000640584798438289	0.000809955084308961
Master_mconsumospesos_rank_delta1	0.000127427926642864	0.000552632979446308	0.00058905824313379
Visa_mpagosdolares_rank_tend6	0.000126303953085242	0.000391865655825617	0.000883587364700685
rf_014_017	0.00012618395243798	0.000278659626509927	0.000220896841175171
Visa_madelantopesos_rank_lag2	0.000125872692135506	0.000297578042411461	0.000368161401958619
ctransferencias_recibidas_delta2	0.000124026927633097	0.00138172644394355	0.000662690523525514
vmr_mconsumosdolares_delta2	0.000123651474317017	0.0011041245405507	0.00058905824313379
ccajas_consultas	0.000123349655472505	0.000543962285956341	0.000220896841175171
rf_018_021	0.000123325543490305	0.00040026087999288	0.000294529121566895
Master_mpagosdolares_rank_lag1	0.000123223993645778	0.000244222666084433	0.000368161401958619
vm_mconsumototal_rank_lag1	0.000121355157146691	0.000740611136402922	0.000662690523525514
Visa_status_delta2	0.000120038790837049	0.000427364952490818	0.000294529121566895
vmr_Visa_mlimitecompra_delta2	0.00011969611269382	0.000275350699549897	0.000147264560783447
Visa_madelantodolares_rank_lag2	0.000118512760293981	0.000190147642627282	0.000515425962742066
mpayroll_sobre_edad_rank_lag1	0.000117685641080449	0.0013167446805564	0.000662690523525514
vm_fultimo_cierre_delta2	0.00011622200582767	0.000430930237265517	0.00058905824313379
Visa_msaldodolares_rank	0.000115933766661655	0.000427345181965265	0.000441793682350342
vm_mpagospesos_rank_delta1	0.000115568190294163	0.000915453097164696	0.000736322803917237
vm_mlimitecompra_rank_lag1	0.000114802830618181	0.000442955329924286	0.000662690523525514
ctarjeta_debito_lag2	0.000114195782380611	0.000432009048943185	0.000294529121566895
vm_fultimo_cierre_delta1	0.000113653807409293	0.000302036295923632	0.00058905824313379
rf_006_013	0.000113448296098185	0.000141636704078223	7.36322803917237e-05
mcheques_emitidos_rank_lag2	0.000111472613669361	0.00262623291921738	0.00110448420587586
mextraccion_autoservicio_rank_lag1	0.000110110908918061	0.00135325491009487	0.00058905824313379
mautoservicio_rank_delta1	0.00010973689770111	0.000632751716214245	0.000441793682350342
vmr_mpagospesos_delta1	0.000107935669797217	0.00110469063659903	0.000736322803917237
vmr_msaldototal_lag1	0.000107538085928306	0.000636230010676512	0.000662690523525514
mautoservicio_rank_lag2	0.000105971734754518	0.000499862810675645	0.000515425962742066
rf_002_016	0.000105955490212459	0.000327028217275005	0.000220896841175171
vm_status02_delta1	0.000105934241766552	0.000328535390339651	0.000294529121566895
Master_mconsumototal_rank_delta2	0.000105915491828909	0.000629787455416353	0.000441793682350342
Visa_mpagosdolares_rank_delta2	0.000105312711346494	0.000360304647850546	0.00058905824313379
rf_019_020	0.000103844304769412	0.000692352601563422	0.00058905824313379
rf_013_021	0.000103833066780169	0.000429826382922149	0.000441793682350342
vmr_msaldopesos_delta2	0.00010224384049438	0.000684521496391933	0.000662690523525514
ctarjeta_visa_debitos_automaticos_tend6	0.000101255810209752	0.00099861847192033	0.000515425962742066
mtarjeta_master_consumo_rank_delta1	0.000100488142221535	0.00134866880718412	0.000662690523525514
Master_cconsumos_lag1	9.98788288499375e-05	0.000186199468674375	0.000220896841175171
mtarjeta_master_consumo_rank_lag2	9.98768831816604e-05	0.000895610079684807	0.00058905824313379
Visa_mpagosdolares_rank_lag2	9.98443111847884e-05	0.000277120161586878	0.00058905824313379
mtarjeta_visa_consumo_rank_lag1	9.90513510983505e-05	0.000448458126203166	0.000662690523525514
cpayroll_trx	9.84268180710871e-05	0.00108792457191268	0.000441793682350342
ccomisiones_otras_delta1	9.82916292246752e-05	0.000720248813118511	0.00058905824313379
vm_msaldototal_rank_delta1	9.82139725574473e-05	0.000663956195711846	0.00058905824313379
mpayroll_rank_lag1	9.81423666669092e-05	0.00071251524253975	0.000294529121566895
rf_008_018	9.76001543479024e-05	0.000668735390755491	0.000368161401958619
rf_016_019	9.75556847683212e-05	0.000396207922254544	0.000515425962742066
Visa_fultimo_cierre_delta1	9.6505744153541e-05	0.000251848816807691	0.000368161401958619
vmr_mconsumototal_delta2	9.58938289638603e-05	0.000641002615544973	0.000515425962742066
Visa_cadelantosefectivo_lag2	9.54582758222231e-05	0.000335961858754825	0.000883587364700685
vmr_Master_mlimitecompra_delta2	9.53349631018655e-05	4.75955632159606e-05	7.36322803917237e-05
Master_fechaalta_delta2	9.49132235427535e-05	0.000367856329594221	0.00058905824313379
Master_cconsumos_lag2	9.48734076732189e-05	0.000403923699360307	0.000368161401958619
Visa_fultimo_cierre_lag1	9.48203122534595e-05	0.000353375078644267	0.000368161401958619
vm_mconsumosdolares_rank_tend6	9.34141238830387e-05	0.00100265231815063	0.000515425962742066
vm_mconsumototal_rank_delta2	9.32300710811369e-05	0.000414524655161752	0.000441793682350342
rf_019_016	9.29670267961531e-05	0.000417853352647335	0.000441793682350342
vm_mpagospesos_rank_lag2	9.26697726563044e-05	0.000315337246498079	0.000368161401958619
mcaja_ahorro_dolares_rank_lag1	9.24187332373044e-05	0.00114976809387707	0.000736322803917237
Master_mpagospesos_rank_delta2	9.18003704552663e-05	0.000203924403850034	0.000147264560783447
ctarjeta_debito	9.1365159825417e-05	0.000442476883205907	0.000220896841175171
vm_cconsumos	9.13158015721728e-05	0.000820799070010295	0.000441793682350342
Visa_delinquency_delta1	9.08826293245416e-05	0.00162563673572424	0.000883587364700685
ccajas_depositos_tend6	8.96658685156337e-05	0.00143779829048154	0.00058905824313379
Master_mconsumospesos_rank	8.95806363247313e-05	0.000930072741793519	0.00058905824313379
Master_cadelantosefectivo_delta2	8.91624556564706e-05	0.000253665728105999	0.000294529121566895
Master_mconsumototal_rank_lag1	8.84656632378333e-05	0.000525548018456405	0.000368161401958619
cplazo_fijo_lag2	8.77999019103677e-05	0.00126924533389813	0.000515425962742066
mautoservicio_rank_lag1	8.73424608615278e-05	0.000617150794500482	0.000294529121566895
vm_status03_tend6	8.72854179470556e-05	0.000158956343480049	7.36322803917237e-05
Master_mpagosdolares_rank_delta2	8.69749298192617e-05	0.000228478737569171	0.000368161401958619
ctarjeta_debito_transacciones_tend6	8.68751783602942e-05	0.00134012069095259	0.00058905824313379
vm_msaldopesos_rank_delta1	8.6215709395559e-05	0.00082473076852524	0.000515425962742066
rf_001_015	8.6037676377401e-05	0.000471639726431416	0.000515425962742066
rf_006_017	8.59868156285178e-05	0.000391969780593528	0.000220896841175171
cextraccion_autoservicio_tend6	8.57377404205832e-05	0.000890510602127205	0.000441793682350342
Master_mpagosdolares_rank_tend6	8.57117600869106e-05	0.00037621135369286	0.000809955084308961
rf_005_015	8.54628303405271e-05	0.000501407547738842	0.000294529121566895
Master_mconsumosdolares_rank_lag2	8.48375410324018e-05	0.000202556942499295	0.000368161401958619
vmr_mconsumototal	8.39205193618596e-05	0.000519832359519073	0.000368161401958619
vm_mconsumosdolares_rank_lag2	8.35375294619601e-05	0.000549752413873256	0.000368161401958619
Master_madelantodolares_rank_lag2	8.34211623402719e-05	0.000104085885878154	0.000220896841175171
Master_status	8.24651955165501e-05	0.000334853391288828	0.000441793682350342
vmr_msaldopesos2_delta2	8.21135816036831e-05	0.000868780158474536	0.00058905824313379
cprestamos_personales_tend6	8.17162806447404e-05	0.00107515676651064	0.000441793682350342
ccuenta_debitos_automaticos_tend6	8.1558685487747e-05	0.000351577278853994	0.000147264560783447
rf_017_015	8.0977512651536e-05	0.000442834729718414	0.000441793682350342
Master_mpagosdolares_rank_lag2	8.06623419399252e-05	0.000237987701342579	0.000294529121566895
mtransferencias_emitidas_rank_delta1	8.00911090977825e-05	0.00104032571360913	0.000515425962742066
mcaja_ahorro_dolares_rank_tend6	7.98536030003088e-05	0.00072200245873505	0.000441793682350342
Master_mpagominimo_rank_delta1	7.96958992355559e-05	0.000188056580041307	0.000441793682350342
Master_mconsumosdolares_rank_lag1	7.9497002865468e-05	0.000136555679011138	0.000368161401958619
mcheques_emitidos_rank_delta2	7.91144469330369e-05	0.00191259668787878	0.000809955084308961
Master_mpagado_rank_tend6	7.89718123624679e-05	0.00028480298781672	0.000368161401958619
ctarjeta_master_transacciones_delta2	7.71179685023394e-05	0.000352360191665887	0.000220896841175171
rf_001_013	7.5945415819699e-05	0.000208718756296603	0.000294529121566895
Master_cadelantosefectivo	7.58373402382072e-05	0.000220751757165594	0.000368161401958619
vmr_mpagado_delta2	7.48268343062154e-05	0.000396509752277984	0.000220896841175171
Master_madelantodolares_rank_delta1	7.44368233120088e-05	0.000109586705104479	0.000220896841175171
active_quarter	7.40645434616822e-05	0.00047789973383897	0.000294529121566895
mtransferencias_recibidas_rank_delta1	7.39251681834866e-05	0.000673753150140808	0.000441793682350342
vmr_msaldodolares2_tend6	7.37642265830152e-05	0.000533386372820597	0.000294529121566895
Visa_mpagado_rank	7.33462358458852e-05	0.00101606398366818	0.000662690523525514
ccajas_consultas_delta2	7.33111356722893e-05	0.000785057254898312	0.000441793682350342
ccomisiones_otras	7.28581332371529e-05	0.000786729841360084	0.000441793682350342
ctarjeta_debito_transacciones_delta2	7.17616881042339e-05	0.000366454599332523	0.000294529121566895
mv_status07_rank_tend6	7.16708528125285e-05	0.000779642107949383	0.000441793682350342
Master_mpagospesos_rank_lag1	7.14860776365774e-05	0.0008476230600629	0.000441793682350342
vm_mconsumosdolares_rank_delta1	7.08968487535803e-05	0.00057640044624844	0.000294529121566895
vm_msaldototal_rank_lag1	7.08647516507592e-05	0.00038721299214551	0.000368161401958619
vmr_mconsumosdolares_lag2	7.04644579520237e-05	0.000310156050768192	0.000294529121566895
vm_mpagado_rank_delta2	7.0136961584193e-05	0.000654548720636276	0.000294529121566895
rf_020_023	6.99754427732144e-05	0.000466515865225632	0.000368161401958619
cmobile_app_trx_delta1	6.93895081489912e-05	0.000974032505360308	0.000515425962742066
Master_madelantopesos_rank	6.90455690961642e-05	0.000203799190521533	0.000368161401958619
rf_003_023	6.78388171545379e-05	0.000453234026159219	0.000294529121566895
vm_mconsumospesos_rank_delta2	6.72119066769291e-05	0.00026218352953169	0.000294529121566895
rf_018_024	6.6524950412746e-05	0.000307736138440522	0.000147264560783447
cseguro_vida_lag2	6.63177183308912e-05	0.00043792900331123	0.000220896841175171
Visa_mpagado_rank_delta2	6.62045787139394e-05	0.000754491363376068	0.000368161401958619
cmobile_app_trx	6.60623285088803e-05	0.000786625057574654	0.000368161401958619
ctarjeta_visa_tend6	6.54247591068147e-05	0.000181320761985447	7.36322803917237e-05
vm_status01_delta2	6.54073023962002e-05	0.00033401380297035	0.000220896841175171
matm_rank	6.53186795240252e-05	0.000438669739001944	0.000220896841175171
Master_cadelantosefectivo_lag2	6.48607595414555e-05	0.000165887889738883	0.000294529121566895
vm_status01_tend6	6.45463306738217e-05	0.000471331965250309	0.000368161401958619
rf_003_021	6.42316292272011e-05	0.000279699556154008	0.000147264560783447
Master_mpagosdolares_rank	6.41076020797035e-05	0.000426694731674575	0.000368161401958619
vmr_mconsumosdolares_tend6	6.35914172129186e-05	0.00105320818805937	0.000515425962742066
ctarjeta_master_transacciones_tend6	6.26540098659158e-05	0.000506484618700817	0.000220896841175171
rf_001_019	6.26279029446015e-05	0.000599230131121849	0.000441793682350342
Master_mpagospesos_rank	6.22135264617906e-05	0.00043715729379715	0.000294529121566895
ctarjeta_visa	6.15512384634536e-05	0.000344245049943956	0.000220896841175171
vmr_mpagado	6.06842841753562e-05	0.000862103651995334	0.000368161401958619
rf_013_019	6.00113346035927e-05	0.000683056500448466	0.000368161401958619
Visa_fultimo_cierre_delta2	5.98500336703756e-05	0.000189565730158509	0.000368161401958619
vmr_mconsumospesos_delta1	5.92783201726728e-05	0.000461737329199505	0.000294529121566895
Visa_madelantopesos_rank_lag1	5.73310143024405e-05	0.000162430024819687	0.000368161401958619
vm_mconsumototal_rank_tend6	5.7199093490002e-05	0.000301911741612649	0.000368161401958619
Master_delinquency_lag1	5.71488777652516e-05	0.000231285493180159	0.000294529121566895
ctarjeta_debito_transacciones_lag1	5.59934803404688e-05	0.00123443471053969	0.00058905824313379
vmr_msaldototal_delta1	5.55244476649251e-05	0.000359065035898381	0.000294529121566895
mtarjeta_master_descuentos_rank_delta1	5.51137927197078e-05	0.00046272519645963	0.000294529121566895
rf_014_024	5.48956066181667e-05	0.000540641496680979	0.000294529121566895
matm_other_rank_lag2	5.29878633759615e-05	0.000408342411821372	0.000368161401958619
vm_status04_tend6	5.29431951236494e-05	0.000171604207693734	7.36322803917237e-05
thomebanking_delta1	5.28367997836664e-05	0.000274468275092721	0.000147264560783447
Master_msaldodolares_rank_tend6	5.26631449827016e-05	0.000114470683933554	0.000147264560783447
vm_mpagado_rank_tend6	5.20673503632964e-05	0.000772482541629173	0.000368161401958619
rf_002_021	5.16105813580806e-05	0.000801062154350872	0.000368161401958619
rf_006_018	5.12267904097305e-05	0.000245198671029226	0.000294529121566895
Master_fechaalta_delta1	5.09360013454395e-05	0.000253351376749708	0.000368161401958619
Visa_madelantodolares_rank_delta1	5.07147529686499e-05	0.000183396008150979	0.000515425962742066
rf_007_021	5.06718397250176e-05	0.000466209422079563	0.000294529121566895
ctarjeta_debito_lag1	5.05661707325384e-05	0.000868659558268663	0.000368161401958619
Visa_msaldodolares_rank_lag2	5.05630735571135e-05	0.000132632547723932	0.000220896841175171
vmr_mpagado_tend6	4.97945343227476e-05	0.000355091160262256	0.000220896841175171
ctarjeta_visa_debitos_automaticos	4.96729805183002e-05	0.000396708116551031	0.000220896841175171
matm_other_rank_tend6	4.93155375475111e-05	0.000490102761227715	0.000220896841175171
vm_msaldodolares_rank_tend6	4.91949702193964e-05	0.000531127919784941	0.000220896841175171
cseguro_accidentes_personales_lag1	4.90768696119076e-05	0.000425588241261134	0.000220896841175171
Master_status_delta2	4.77738408649273e-05	0.000130374753705795	0.000147264560783447
ctransferencias_emitidas_delta2	4.75779357776988e-05	0.000892669543517578	0.000368161401958619
mv_status07_rank_delta2	4.75227958830908e-05	0.000543962285956341	0.000220896841175171
catm_trx_delta2	4.69786116710064e-05	0.000344131698930786	0.000220896841175171
Master_mconsumosdolares_rank_delta2	4.65106965957979e-05	0.000203061749918411	0.000220896841175171
mtarjeta_visa_descuentos_rank_delta1	4.64664037024986e-05	0.000269024790390499	0.000220896841175171
Master_cconsumos_delta2	4.63747768986336e-05	0.000169720735626064	0.000220896841175171
vmr_mconsumosdolares_lag1	4.62809027088376e-05	0.000315677958555107	0.000220896841175171
Visa_delinquency_lag2	4.62153544823106e-05	0.000283430254325833	0.000294529121566895
vm_mconsumosdolares_rank	4.57310931446043e-05	0.000102039636483433	0.000147264560783447
Master_madelantodolares_rank_lag1	4.56796188943284e-05	0.000128250740243899	0.000294529121566895
mpayroll_sobre_edad_rank_lag2	4.56585619689345e-05	0.000773156057533007	0.000368161401958619
rf_004_016	4.44482299446989e-05	0.000261782187862967	0.000147264560783447
ccallcenter_transacciones_delta2	4.38701617010281e-05	0.000504183988543982	0.000294529121566895
Visa_mpagado_rank_delta1	4.347318603557e-05	0.000917851920931777	0.000441793682350342
vmr_mconsumototal_delta1	4.33067274258124e-05	0.000383995668620541	0.000220896841175171
mpagomiscuentas_rank_lag1	4.31334397720542e-05	0.000421551758960758	0.000294529121566895
Visa_mpagado_rank_lag1	4.24749890712887e-05	0.000441489674963301	0.000220896841175171
Visa_mpagosdolares_rank_lag1	4.24528146780083e-05	0.00015077332295372	0.000368161401958619
Master_madelantopesos_rank_lag1	4.19485397116419e-05	0.000102591893163876	0.000294529121566895
Visa_Fvencimiento_delta1	4.18051414430957e-05	0.000234842869744637	0.000294529121566895
catm_trx_lag2	4.1730030965586e-05	0.000693358921314063	0.000294529121566895
cpayroll_trx_tend6	4.13411505516662e-05	0.000698582294165129	0.000294529121566895
Visa_cadelantosefectivo_delta1	4.09667626512172e-05	0.000133219732332852	0.000294529121566895
rf_011_019	4.09548565918048e-05	0.000416977518365344	0.000220896841175171
matm_rank_tend6	4.0684313338372e-05	0.000786051053316102	0.000368161401958619
ctransferencias_recibidas_lag1	4.0390624976696e-05	0.000725283047941788	0.000294529121566895
rf_013_017	4.02878934267663e-05	0.000851802549164775	0.000368161401958619
rf_009_018	4.01322990366206e-05	0.000491354235495211	0.000220896841175171
Master_madelantodolares_rank	3.93976120462042e-05	8.97166679063335e-05	0.000147264560783447
Master_Fvencimiento_delta1	3.92343218691576e-05	0.000123329856433791	0.000294529121566895
rf_005_013	3.7986787713834e-05	0.000249879013445107	0.000368161401958619
Visa_msaldodolares_rank_lag1	3.78425788605461e-05	0.000133087928829166	0.000147264560783447
Master_mpagospesos_rank_delta1	3.70656964310738e-05	0.00020716413397063	0.000220896841175171
Master_cadelantosefectivo_lag1	3.70091059606339e-05	7.76685096344193e-05	0.000220896841175171
cforex_delta2	3.49526561794119e-05	0.000725283047941788	0.000294529121566895
Visa_madelantodolares_rank_delta2	3.45549382064072e-05	0.000128892623306849	0.000294529121566895
rf_007_016	3.39745807893078e-05	0.000482508902362861	0.000220896841175171
rf_003_025	3.35598032524775e-05	0.000628362000523991	0.000294529121566895
mtarjeta_master_consumo_rank_tend6	3.35561855544978e-05	0.000362641523970894	0.000147264560783447
rf_019_015	3.29429821708306e-05	0.000279865628568652	0.000147264560783447
vmr_mconsumosdolares	3.28661390022111e-05	0.000216993380257995	0.000147264560783447
cextraccion_autoservicio_delta2	3.26033310053285e-05	0.000455732361571583	0.000220896841175171
Master_mconsumosdolares_rank_delta1	3.25049355539731e-05	3.05270094886561e-05	7.36322803917237e-05
ccuenta_debitos_automaticos_lag2	3.19940764408589e-05	0.000109782433307452	7.36322803917237e-05
Visa_madelantodolares_rank	3.07905668381996e-05	4.57430649716574e-05	7.36322803917237e-05
cforex_sell_tend6	3.0181001284682e-05	0.000482363918508807	0.000220896841175171
mtarjeta_master_consumo_rank_lag1	2.97963634607046e-05	0.000344487568390737	0.000220896841175171
ctarjeta_debito_transacciones	2.97177213767319e-05	6.34666821122799e-05	7.36322803917237e-05
catm_trx_tend6	2.96796932968777e-05	0.000473117902725251	0.000220896841175171
vmr_msaldopesos_delta1	2.94213784824752e-05	0.000244873775392641	0.000220896841175171
rf_012_023	2.89222389413035e-05	0.000179609952507606	0.000147264560783447
rf_007_020	2.8612948412731e-05	2.81202775113544e-05	7.36322803917237e-05
catm_trx_other_delta2	2.85514144349544e-05	0.000131582073799556	0.000147264560783447
mtarjeta_master_consumo_rank_delta2	2.85322041063693e-05	0.00023582744191717	0.000147264560783447
cseguro_vida	2.83415352376343e-05	0.000906603809927235	0.000368161401958619
Master_mconsumosdolares_rank	2.82745727261608e-05	6.33098359428939e-05	0.000147264560783447
ccheques_emitidos_delta2	2.80948682080941e-05	0.000520524986930941	0.000220896841175171
rf_005_014	2.79352418211008e-05	0.000338261170876623	0.000220896841175171
ccajas_extracciones	2.76615635119758e-05	0.000181320761985447	7.36322803917237e-05
cextraccion_autoservicio_lag2	2.72861287386838e-05	0.000428636197283867	0.000220896841175171
Master_msaldodolares_rank_delta1	2.69643949396347e-05	7.35338337237974e-05	7.36322803917237e-05
Master_cconsumos	2.68120754707839e-05	0.000123304154750573	0.000220896841175171
ctransferencias_emitidas_lag2	2.61102780887118e-05	0.000543962285956341	0.000220896841175171
cprestamos_personales	2.61081991772565e-05	0.000181320761985447	7.36322803917237e-05
Visa_madelantopesos_rank_delta1	2.54218307194597e-05	0.000109955754914799	0.000220896841175171
cpagomiscuentas_delta1	2.49549161601235e-05	0.000181320761985447	7.36322803917237e-05
mtarjeta_visa_descuentos_rank_delta2	2.48659383260028e-05	0.000377074666642002	0.000220896841175171
rf_009_019	2.48384271858271e-05	0.000147872327837596	7.36322803917237e-05
vm_status04_delta2	2.45988268128737e-05	0.000543962285956341	0.000220896841175171
cpagomiscuentas_lag2	2.45537169773052e-05	0.000543962285956341	0.000220896841175171
vmr_msaldodolares_lag1	2.43557663556403e-05	0.000543962285956341	0.000220896841175171
Master_status_tend6	2.4016801538199e-05	7.10981049756847e-05	7.36322803917237e-05
cseguro_vivienda_lag2	2.35600921348025e-05	0.000488537594621447	0.000220896841175171
mcajeros_propios_descuentos_rank_lag2	2.34601425328981e-05	0.000689789023416734	0.000294529121566895
cproductos_lag2	2.3341733320434e-05	0.000543962285956341	0.000220896841175171
vmr_msaldodolares2_lag2	2.30184851053822e-05	0.000700399205463437	0.000294529121566895
mcuenta_debitos_automaticos_rank_tend6	2.29672977385296e-05	0.000405142222751882	0.000220896841175171
mpayroll_rank_delta1	2.28007845599952e-05	8.02320877811071e-05	7.36322803917237e-05
Master_madelantopesos_rank_lag2	2.25476892755768e-05	5.27049260363386e-05	0.000147264560783447
vm_mpagado_rank_lag1	2.2401366544433e-05	0.00034633215842482	0.000147264560783447
vm_status03_lag2	2.18274598322304e-05	5.49403134588489e-05	0.000147264560783447
rf_015_019	2.13550817727968e-05	0.000144901476864519	0.000147264560783447
rf_014_016	2.12184129469888e-05	0.000269358253254824	0.000147264560783447
cliente_edad_delta2	2.10982917053791e-05	0.000298798542855591	0.000147264560783447
Visa_cadelantosefectivo_delta2	2.07932035024088e-05	8.4459026144309e-05	0.000147264560783447
Master_cadelantosefectivo_delta1	2.05532082342907e-05	0.000202652500039467	0.000220896841175171
cpagomiscuentas_delta2	2.04017016680302e-05	0.000181320761985447	7.36322803917237e-05
rf_020_015	1.99591891530809e-05	8.35726475820224e-05	0.000147264560783447
Master_madelantopesos_rank_delta1	1.95935062970053e-05	0.000164034073459543	0.000147264560783447
rf_020_021	1.87205144770668e-05	0.000225405738880738	0.000147264560783447
rf_003_017	1.86166112878192e-05	0.000301694265831567	0.000147264560783447
vm_mconsumototal_rank_delta1	1.82585283259398e-05	0.000154597601613162	0.000147264560783447
Visa_mpagado_rank_lag2	1.81142256991229e-05	9.17919140718656e-05	0.000147264560783447
vmr_mpagosdolares_lag2	1.8042244714469e-05	0.000543962285956341	0.000220896841175171
vmr_msaldodolares2_delta1	1.77177369143038e-05	0.000362641523970894	0.000147264560783447
ccajas_consultas_delta1	1.76400150824202e-05	0.000543962285956341	0.000220896841175171
ccajas_transacciones_delta2	1.74209738934457e-05	0.000265686207642139	0.000147264560783447
active_quarter_lag2	1.7100747887975e-05	8.2984803955584e-05	0.000147264560783447
vm_mconsumosdolares_rank_lag1	1.69323682453589e-05	6.06665166764762e-05	7.36322803917237e-05
cpayroll_trx_lag2	1.69051103466908e-05	0.000168552956583409	7.36322803917237e-05
rf_009_023	1.66539334461611e-05	0.000321268404163938	0.000147264560783447
ccajas_depositos_lag2	1.65193133335533e-05	0.000111637567621829	7.36322803917237e-05
vm_mpagado_rank_delta1	1.64083824275742e-05	0.000362641523970894	0.000147264560783447
Master_madelantodolares_rank_delta2	1.63026742303429e-05	3.70769846043194e-05	7.36322803917237e-05
vm_msaldodolares_rank_delta1	1.62671234669935e-05	0.000362641523970894	0.000147264560783447
matm_rank_delta2	1.59841880682002e-05	0.000282418003417526	0.000147264560783447
cpagomiscuentas_lag1	1.59277152120169e-05	0.000349024904005119	0.000147264560783447
mv_status07_rank_lag1	1.57988158144688e-05	0.000350412135881412	0.000147264560783447
matm_other_rank_delta2	1.57701258827569e-05	0.000152013593923402	0.000147264560783447
ccallcenter_transacciones_delta1	1.57565424957025e-05	0.000362641523970894	0.000147264560783447
cextraccion_autoservicio_lag1	1.55018037904547e-05	0.00014405002623071	7.36322803917237e-05
vm_Fvencimiento_delta2	1.53966132019114e-05	0.000234052048722523	0.000147264560783447
ctarjeta_master_transacciones	1.53826605484746e-05	2.39678081277349e-05	7.36322803917237e-05
Master_mconsumototal_rank_delta1	1.5325290221342e-05	4.29666241665171e-05	7.36322803917237e-05
rf_006_014	1.52923751828881e-05	0.000112759874455713	7.36322803917237e-05
mcheques_depositados_rechazados_rank_lag2	1.50961734110483e-05	4.3647389263054e-05	7.36322803917237e-05
cproductos_lag1	1.50352237959973e-05	3.42030092064517e-05	7.36322803917237e-05
mpagomiscuentas_rank_delta1	1.50037444991447e-05	0.00032294494473082	0.000147264560783447
vm_status05_lag1	1.48637686995081e-05	5.69681103630541e-05	7.36322803917237e-05
rf_011_026	1.48447226070471e-05	3.18569068408454e-05	7.36322803917237e-05
vmr_msaldodolares_tend6	1.44905956165837e-05	0.000151409274859003	7.36322803917237e-05
rf_003_015	1.43918123560577e-05	0.000133548582074548	7.36322803917237e-05
vm_mpagado_rank_lag2	1.4251235770083e-05	0.000170295398902134	7.36322803917237e-05
mttarjeta_master_debitos_automaticos_rank_tend6	1.42219209464085e-05	0.000362641523970894	0.000147264560783447
cseguro_accidentes_personales_lag2	1.38936312121395e-05	0.000105084297418573	7.36322803917237e-05
catm_trx_other_delta1	1.38828838120932e-05	8.75616806210716e-05	7.36322803917237e-05
rf_009_021	1.38580036286675e-05	0.000169669332259627	7.36322803917237e-05
rf_002_020	1.35010443597536e-05	0.000132318196367641	7.36322803917237e-05
rf_017_017	1.32977020250713e-05	0.000153790964170605	7.36322803917237e-05
cprestamos_personales_lag1	1.32336774859412e-05	0.000169230426592353	7.36322803917237e-05
mv_status07_rank_delta1	1.31472506096841e-05	0.000350816772637727	0.000147264560783447
Visa_msaldodolares_rank_delta1	1.31427828573135e-05	0.000296808968967455	0.000147264560783447
vm_fechaalta_delta1	1.31243619217121e-05	0.000114122722683824	7.36322803917237e-05
ccuenta_debitos_automaticos	1.2591298084614e-05	0.000362641523970894	0.000147264560783447
vm_mpagosdolares_rank_delta2	1.25220741476699e-05	0.000362641523970894	0.000147264560783447
ctarjeta_master_transacciones_lag1	1.23770759013981e-05	0.000362641523970894	0.000147264560783447
vmr_Master_mlimitecompra_delta1	1.21835792574612e-05	8.61085469929362e-05	7.36322803917237e-05
vm_mconsumosdolares_rank_delta2	1.21069127751237e-05	0.000181320761985447	7.36322803917237e-05
rf_018_017	1.19529721367894e-05	0.000288027560534392	0.000147264560783447
vm_mconsumospesos_rank_delta1	1.17627247191407e-05	0.000143253933068448	7.36322803917237e-05
ctransferencias_emitidas	1.17031107146347e-05	0.000362641523970894	0.000147264560783447
vmr_msaldodolares2_delta2	1.16234201684372e-05	0.000362641523970894	0.000147264560783447
mforex_sell_rank_delta2	1.11593498079154e-05	0.000181320761985447	7.36322803917237e-05
Master_msaldodolares_rank_lag1	1.10860496363289e-05	5.71612024959537e-05	7.36322803917237e-05
Visa_status	1.09859334142276e-05	0.000135316726076492	7.36322803917237e-05
vm_cconsumos_lag1	1.09691071584123e-05	0.000169304895571936	7.36322803917237e-05
cextraccion_autoservicio_delta1	1.05842701319101e-05	0.000181320761985447	7.36322803917237e-05
ccallcenter_transacciones	1.02087389361194e-05	0.000362641523970894	0.000147264560783447
Visa_msaldodolares_rank_delta2	1.00422686708949e-05	7.6469097750879e-05	7.36322803917237e-05
mv_status07_rank	9.93677027206732e-06	0.000362641523970894	0.000147264560783447
Visa_madelantodolares_rank_lag1	9.92546566123533e-06	4.88608768513437e-05	0.000147264560783447
matm_rank_lag1	9.85928949643046e-06	0.000162113696410841	7.36322803917237e-05
vm_status05_tend6	9.74730800905081e-06	0.000129405997953705	7.36322803917237e-05
active_quarter_lag1	9.72078122603209e-06	0.000109974866422833	7.36322803917237e-05
Visa_cadelantosefectivo_lag1	9.50399801886755e-06	2.33845776239255e-05	7.36322803917237e-05
vm_msaldodolares_rank_lag1	8.75745106111223e-06	0.000362641523970894	0.000147264560783447
vm_Fvencimiento_delta1	8.74703054393238e-06	2.87120752429034e-05	7.36322803917237e-05
rf_012_019	8.49396757694482e-06	0.000163443593763031	7.36322803917237e-05
vm_status05_lag2	8.29354175795089e-06	3.00406545600557e-05	7.36322803917237e-05
Visa_msaldodolares_rank_tend6	8.28485684574746e-06	0.000181320761985447	7.36322803917237e-05
vm_mpagospesos_rank_lag1	8.22935881043006e-06	0.000157828764506018	7.36322803917237e-05
Master_mpagado_rank_lag1	8.19674310555726e-06	3.50821385760356e-05	7.36322803917237e-05
vm_status06_lag2	8.08334812792209e-06	3.15208079064467e-05	7.36322803917237e-05
Master_madelantopesos_rank_delta2	8.07116286709864e-06	6.02493585873108e-05	7.36322803917237e-05
vm_status06_tend6	7.7236413475895e-06	0.000181320761985447	7.36322803917237e-05
vm_cconsumos_delta1	7.71338453673984e-06	0.000181320761985447	7.36322803917237e-05
mtarjeta_master_consumo_rank	7.66377516116387e-06	0.000139425700303895	7.36322803917237e-05
matm_other_rank_lag1	7.65111043681671e-06	0.000181320761985447	7.36322803917237e-05
mextraccion_autoservicio_rank	7.62211057564478e-06	0.000154632529541638	7.36322803917237e-05
matm_rank_delta1	7.25139520684912e-06	0.000153940561147288	7.36322803917237e-05
mcuenta_debitos_automaticos_rank_delta1	7.15256267548588e-06	0.000161391413210643	7.36322803917237e-05
ctarjeta_master_transacciones_delta1	6.85769684675858e-06	0.000181320761985447	7.36322803917237e-05
ctransferencias_recibidas	6.5645459610437e-06	0.000181320761985447	7.36322803917237e-05
ccajeros_propios_descuentos_lag2	6.4412957563721e-06	0.000181320761985447	7.36322803917237e-05
rf_003_022	6.43708919241826e-06	0.000171604207693734	7.36322803917237e-05
mtarjeta_master_descuentos_rank_lag1	6.37835782463106e-06	0.000142260793668175	7.36322803917237e-05
Master_cconsumos_delta1	6.28973813121971e-06	2.445218600378e-05	7.36322803917237e-05
ctransferencias_recibidas_delta1	6.17595428482608e-06	0.000181320761985447	7.36322803917237e-05
rf_019_017	6.04407267713988e-06	0.00013295217122037	7.36322803917237e-05
catm_trx_other_lag2	6.01315443207919e-06	0.000165189331169348	7.36322803917237e-05
mcheques_depositados_rank_lag2	5.94049584096472e-06	0.000161513331451553	7.36322803917237e-05
ccajeros_propios_descuentos_delta2	5.7880386256872e-06	0.000158101597758647	7.36322803917237e-05
vmr_mpagado_lag2	5.61466779427898e-06	2.309329188078e-05	7.36322803917237e-05
matm_other_rank_delta1	5.25328845444988e-06	0.000181320761985447	7.36322803917237e-05
vm_msaldodolares_rank_lag2	5.11028647177741e-06	0.00015902751737204	7.36322803917237e-05
matm_other_rank	5.07340963417404e-06	0.000181320761985447	7.36322803917237e-05
ccuenta_debitos_automaticos_delta2	5.06969154024104e-06	0.000181320761985447	7.36322803917237e-05
ccajas_extracciones_delta2	4.90004410070531e-06	0.000181320761985447	7.36322803917237e-05
mcheques_emitidos_rechazados_rank_lag2	4.82673015447613e-06	0.000165550472769447	7.36322803917237e-05
internet_delta1	4.64951195941139e-06	0.000181320761985447	7.36322803917237e-05
cseguro_vivienda_lag1	4.64689795606778e-06	0.000181320761985447	7.36322803917237e-05
cpagomiscuentas	4.54435050953523e-06	0.000181320761985447	7.36322803917237e-05
Master_mpagado_rank_lag2	4.53837549338015e-06	2.19584637140457e-05	7.36322803917237e-05
rf_015_023	4.40656938133166e-06	0.000181320761985447	7.36322803917237e-05
cprestamos_personales_delta2	4.26417851597918e-06	0.000181320761985447	7.36322803917237e-05
vmr_mpagosdolares_lag1	4.01167448160765e-06	0.000181320761985447	7.36322803917237e-05
cliente_vip_delta2	3.79937915898378e-06	0.000181320761985447	7.36322803917237e-05
