Feature	Gain	Cover	Frequency
rf_004_022	0.236547970944964	0.00923911835101637	0.00968523002421307
ctrx_quarter	0.0819075922305345	0.00418167930459251	0.00220118864186661
rf_009_015	0.0672230940849621	0.00274081087107291	0.00286154523442659
vm_status01	0.0469518032340942	0.000467337969797695	0.000220118864186661
mcaja_ahorro_rank_lag1	0.0428094182335816	0.00234379831602539	0.00220118864186661
mpasivos_margen_rank	0.0296902950870628	0.00346704141848109	0.00352190182698657
rf_018_027	0.0275496821035533	0.00223695729210923	0.00286154523442659
vm_status05_tend6	0.0206597773646558	0.00417776582596574	0.00198106977767995
mpayroll_rank	0.0190985453977976	0.00140201390939308	0.000660356592559982
rf_017_021	0.0138779575250234	0.00136998759016224	0.000880475456746643
cdescubierto_preacordado	0.0120142866710216	0.0159731177989509	0.00858463570327977
mcuentas_saldo_rank	0.0119687465716793	0.00494015018959394	0.00396213955535989
rf_010_017	0.0109672722780159	0.00057817740026222	0.000440237728373322
mprestamos_personales_rank	0.0102984022676408	0.0117628534545103	0.0061633281972265
rf_013_026	0.00974093948214033	0.00468197780075852	0.00286154523442659
mtarjeta_visa_consumo_rank	0.00953384972656971	0.00136849965297602	0.00132071318511996
foto_mes	0.00883833313639416	0.0107434177506116	0.0118864186660797
vm_status04_tend6	0.00857525416733525	0.00233668984898847	0.0011005943209333
mcuentas_saldo_rank_tend6	0.00807472817298807	0.00435946911420331	0.00440237728373322
mcuenta_corriente_rank	0.00664438287600967	0.00581395658922877	0.00572309046885318
rf_010_015	0.00629358355293067	0.00175767336086096	0.0011005943209333
mcomisiones_mantenimiento_rank_tend6	0.00620533840218291	0.00308758856050111	0.00330178296279991
cproductos_tend6	0.0061668637072233	0.00127662802451896	0.000660356592559982
rf_009_026	0.00584426039558867	0.000668360661638107	0.000440237728373322
ctrx_quarter_delta2	0.00584376131282193	0.00351366854599135	0.00330178296279991
ccomisiones_mantenimiento_tend6	0.00529569586705547	0.00259687502956553	0.00132071318511996
cproductos_delta2	0.00497589187663082	0.00140201390939308	0.000660356592559982
ctrx_quarter_delta1	0.00463694212434775	0.00234860183927041	0.00176095091349329
Visa_mpagominimo_rank	0.0045491034998515	0.00758222216047019	0.00638344706141316
rf_003_018	0.00440919470042342	0.0020456401631479	0.00264142637023993
internet	0.00408246828429111	0.00310500218154352	0.00374202069117323
thomebanking	0.00384279432725517	0.00427087400496112	0.00726392251815981
mprestamos_personales_rank_lag1	0.00363822861878316	0.00191642912468545	0.0011005943209333
mactivos_margen_rank	0.00344162629465901	0.00704672443792281	0.00594320933303984
mpayroll_sobre_edad_rank	0.00341765021473865	0.0020410625481743	0.0011005943209333
mprestamos_personales_rank_tend6	0.00325174745643798	0.00181058515456873	0.0011005943209333
mcuentas_saldo_rank_delta2	0.00302213673353773	0.00471749465756663	0.0050627338762932
mrentabilidad_rank_tend6	0.00287699183878595	0.00438133975257065	0.00374202069117323
ccomisiones_mantenimiento_delta2	0.00287673649895237	0.000467337969797695	0.000220118864186661
cliente_vip_delta1	0.00268070372119735	0.0020965000982701	0.0011005943209333
mcuentas_saldo_rank_lag1	0.00263504997785054	0.00262082470345335	0.00198106977767995
Visa_delinquency	0.00258271055252573	0.00362844353634226	0.00264142637023993
mactivos_margen_rank_lag1	0.00253337412893977	0.00487555061531723	0.00396213955535989
tcallcenter	0.00249944433633434	0.00229149120911933	0.00154083204930663
ctrx_quarter_normalizado_delta1	0.00243384323571504	0.00345079300852287	0.00264142637023993
mprestamos_personales_rank_delta2	0.00241395489240353	0.00309393097768531	0.00176095091349329
mcuentas_saldo_rank_delta1	0.00236317592842195	0.00379171406847837	0.00330178296279991
mtransferencias_recibidas_rank	0.00223052397008099	0.00301716632792033	0.00220118864186661
vm_status05	0.00219268386325337	0.000661865374195055	0.000440237728373322
mrentabilidad_annual_rank_lag2	0.00217103432528099	0.00445232760510922	0.00682368478978648
ctarjeta_visa_transacciones_delta2	0.00208179947893138	0.00358626663192322	0.00198106977767995
mttarjeta_visa_debitos_automaticos_rank_delta2	0.00207316373297264	0.000519991582623836	0.000440237728373322
mcomisiones_otras_rank_lag2	0.00207081698827424	0.0028111957353682	0.00484261501210654
Visa_cconsumos_tend6	0.00206312634670627	0.00216515583008185	0.00286154523442659
mtarjeta_visa_consumo_rank_delta2	0.00205850248847531	0.00275832300850436	0.00242130750605327
vm_status02	0.00201582649888806	0.000531543478518238	0.000660356592559982
rf_013_024	0.0019764350066112	0.000783947562919403	0.00132071318511996
ctarjeta_visa_transacciones_tend6	0.00196043057042804	0.00150749438800541	0.00154083204930663
cproductos_delta1	0.00186896617401914	0.000467337969797695	0.000220118864186661
mprestamos_personales_rank_lag2	0.00181456901434673	0.00596318513880951	0.00352190182698657
Visa_mpagospesos_rank_tend6	0.00179090605175309	0.00275254281416108	0.00484261501210654
mcuenta_debitos_automaticos_rank	0.00178822641724464	0.00239258431130241	0.00132071318511996
cproductos	0.00169682880668684	0.0090500025537826	0.00440237728373322
ctarjeta_visa_transacciones	0.00161955615651158	0.00140760216663358	0.0011005943209333
ctrx_quarter_tend6	0.00156946337344624	0.00224594776188854	0.00220118864186661
mcuenta_corriente_rank_lag1	0.00156455821192678	0.00366461773526346	0.00330178296279991
Visa_mconsumototal_rank	0.00154698856216617	0.00309871241967071	0.00462249614791988
mcuenta_corriente_rank_lag2	0.00149367851314235	0.00562254603955369	0.00462249614791988
cdescubierto_preacordado_lag2	0.00143351796309339	0.00678298077743121	0.00396213955535989
Visa_mpagominimo_rank_lag1	0.00142372345719479	0.0028631308579777	0.00418225841954656
mcaja_ahorro_rank	0.0013933838913946	0.00220058606040994	0.00176095091349329
mactivos_margen_rank_delta2	0.00138355751407756	0.00374562538399098	0.00660356592559982
vm_fultimo_cierre_tend6	0.00137376315729987	0.00120335221377282	0.00176095091349329
mcuenta_corriente_rank_tend6	0.00134169940302636	0.00569490802586354	0.00440237728373322
mrentabilidad_annual_rank_delta1	0.00131886886477304	0.00341260092218474	0.00528285274047986
Visa_cconsumos	0.00128359863202473	0.00279881834007596	0.00352190182698657
mttarjeta_visa_debitos_automaticos_rank_tend6	0.00128030455577007	0.00539822422170482	0.00330178296279991
mrentabilidad_annual_rank_lag1	0.00124379665815336	0.00246913494270499	0.00330178296279991
vm_fechaalta	0.00124360482131068	0.00331039016855356	0.00374202069117323
rf_006_019	0.00120837798223614	0.00256191020424774	0.00418225841954656
rf_012_027	0.00117986944419371	0.0022724826417095	0.00374202069117323
mcuenta_corriente_rank_delta2	0.00117574322525274	0.00158639752283597	0.000880475456746643
mrentabilidad_annual_rank	0.00116745104098093	0.00484060956981749	0.0050627338762932
vmr_mpagominimo	0.0011507668267707	0.000706579924911148	0.00132071318511996
ctrx_quarter_normalizado_delta2	0.00111785130881815	0.00130912314587697	0.00154083204930663
mrentabilidad_rank_delta2	0.00111144833230519	0.00292726672580254	0.00440237728373322
cliente_edad_lag1	0.00110269822466588	0.00379210473691767	0.00396213955535989
cliente_edad_lag2	0.00107846056400767	0.00423483229359759	0.00418225841954656
ccaja_ahorro	0.00107218709078609	0.0116834492449424	0.00550297160466652
Visa_msaldopesos_rank_delta2	0.00106699856536765	0.00121610499047848	0.00154083204930663
mrentabilidad_rank_lag2	0.00104496933173417	0.00400244911743159	0.0050627338762932
Visa_msaldototal_rank	0.00103148174623331	0.00202394957197432	0.00330178296279991
rf_017_016	0.00102936910831282	0.00183574420205997	0.00198106977767995
mrentabilidad_annual_rank_delta2	0.00102465112048319	0.00384398380709893	0.00638344706141316
Visa_msaldopesos_rank	0.00102420096591013	0.00213068018959241	0.00242130750605327
mcomisiones_rank_lag2	0.000995656298294372	0.00378219704558521	0.00572309046885318
mrentabilidad_rank_delta1	0.000983573903566499	0.00348815110267101	0.0050627338762932
Visa_msaldopesos_rank_lag1	0.000982088713578227	0.00126635004744838	0.00220118864186661
vm_msaldototal_rank	0.000977931474782084	0.000434572777649036	0.000660356592559982
rf_004_021	0.000959140941585978	0.000934675939595389	0.000440237728373322
tcallcenter_delta2	0.000940270686766276	0.000680991142136678	0.000440237728373322
mcomisiones_rank_delta2	0.000923996394227809	0.00361248557987587	0.0061633281972265
vm_cconsumos_delta2	0.000922742621594118	0.000467337969797695	0.000220118864186661
Master_fechaalta_lag1	0.000913700033200153	0.00335294585150288	0.00528285274047986
mrentabilidad_rank_lag1	0.000908499999575227	0.00229399488424774	0.00352190182698657
mcomisiones_mantenimiento_rank_lag2	0.000897359883050102	0.00424954180961664	0.00396213955535989
Visa_mconsumospesos_rank	0.000878068816162912	0.00188360448299168	0.00352190182698657
Master_delinquency	0.0008718360521004	0.00397181052043949	0.00308166409861325
Visa_fechaalta_tend6	0.000833781652616928	0.00231774412824062	0.00220118864186661
mcuentas_saldo_rank_lag2	0.000824531802084311	0.00456098438798893	0.00484261501210654
mcomisiones_otras_rank_lag1	0.000816303093213502	0.00255731560368983	0.00484261501210654
cmobile_app_trx_lag2	0.000807848540487495	0.00231634111897598	0.00264142637023993
vmr_msaldopesos_lag2	0.000796502021003834	0.00147358606603217	0.00154083204930663
thomebanking_lag2	0.000778363834698472	0.00324681822212806	0.00594320933303984
Visa_mfinanciacion_limite_rank_tend6	0.000767604887778592	0.00325923638282266	0.00484261501210654
cliente_edad	0.000761656305156422	0.0024619262607206	0.00242130750605327
ctrx_quarter_normalizado_tend6	0.000758544092078332	0.0031018564513279	0.00264142637023993
Visa_mfinanciacion_limite_rank	0.000758239379686178	0.00282258456965315	0.00440237728373322
vmr_mpagominimo_lag2	0.000758218185899588	0.00236265910885166	0.00220118864186661
rf_001_022	0.000757874608640436	0.00168881040492053	0.00242130750605327
Visa_mconsumospesos_rank_lag1	0.00075166447371664	0.00264894943396644	0.00352190182698657
Master_Fvencimiento	0.000748050846101656	0.0032295353900849	0.00462249614791988
vm_fechaalta_lag1	0.000747502999954675	0.00250740855984785	0.00374202069117323
mcomisiones_otras_rank	0.000745484886403626	0.00245233789837331	0.00374202069117323
vm_status04	0.000729006278599207	0.0021206145323258	0.00132071318511996
vmr_msaldopesos2_tend6	0.00072740155086103	0.00403281424651617	0.00330178296279991
chomebanking_transacciones_lag2	0.000715223770213916	0.00186369737817145	0.00308166409861325
vmr_mpagominimo_delta1	0.00071423951270088	0.0015354000044808	0.0011005943209333
Visa_fultimo_cierre_tend6	0.000698431914750095	0.00142676869997756	0.00242130750605327
mpasivos_margen_rank_delta1	0.000696318987728022	0.00273553514858386	0.00418225841954656
Visa_fechaalta	0.000694213977823909	0.00335534761312539	0.00418225841954656
ccaja_ahorro_lag1	0.000688899289015988	0.00280402781878617	0.00132071318511996
mpagomiscuentas_rank	0.000682679822949273	0.00235087281189367	0.00132071318511996
mcaja_ahorro_rank_tend6	0.000682583085632465	0.00392342028927707	0.00352190182698657
mcomisiones_otras_rank_delta2	0.000680389153886938	0.00274419779658584	0.00462249614791988
ccaja_ahorro_lag2	0.000672816353966754	0.0126181251845378	0.00594320933303984
Visa_fechaalta_lag1	0.000664169119097537	0.00247050907647629	0.00374202069117323
chomebanking_transacciones	0.000662299457178553	0.00254308338259011	0.00330178296279991
Visa_mpagospesos_rank_lag1	0.000661127669556267	0.00140863828727695	0.00242130750605327
Master_mlimitecompra_rank_tend6	0.00065737257986472	0.00255829906902182	0.00440237728373322
Visa_msaldototal_rank_delta1	0.000654347129760275	0.00124388321507149	0.00176095091349329
ccajas_transacciones_delta1	0.000642776207867018	0.00233668984898847	0.0011005943209333
mcomisiones_rank_lag1	0.000637652182230591	0.00188902967862272	0.00308166409861325
rf_002_026	0.000630777483335192	0.000915140819071713	0.00132071318511996
thomebanking_lag1	0.000628268538599487	0.00211443687530949	0.00418225841954656
Master_mfinanciacion_limite_rank_delta2	0.000625030710544758	0.00278804778106017	0.00462249614791988
mpasivos_margen_rank_delta2	0.000624439370520175	0.00205048445179528	0.00462249614791988
Master_fechaalta_lag2	0.000617982914276549	0.00214593494286805	0.00308166409861325
Visa_Fvencimiento_lag1	0.000617123503962175	0.00190748281742537	0.00308166409861325
Master_fechaalta	0.000614685979504593	0.00386692793439515	0.00462249614791988
Visa_delinquency_lag1	0.000609169903684465	0.00269420412626384	0.00132071318511996
mpayroll_rank_tend6	0.000607511561482098	0.00196013473169308	0.00132071318511996
rf_014_015	0.000605486221407036	0.00131636749758843	0.000660356592559982
vm_msaldopesos_rank_tend6	0.000604722865263106	0.00152273894993046	0.00132071318511996
rf_019_021	0.000596950587196705	0.0010331498646767	0.000660356592559982
mcaja_ahorro_rank_delta1	0.000586165761622767	0.00323743708390945	0.00242130750605327
rf_018_019	0.000581933474222068	0.000812031528030129	0.000660356592559982
mactivos_margen_rank_delta1	0.000581251616965569	0.00289413804214949	0.00418225841954656
ccomisiones_mantenimiento_delta1	0.000580210472114677	0.00140201390939308	0.000660356592559982
Master_mlimitecompra_rank_delta2	0.000578940064206866	0.00369947215428319	0.00484261501210654
Master_mfinanciacion_limite_rank_tend6	0.000573648832996502	0.0025668920761281	0.00418225841954656
Visa_mconsumototal_rank_lag2	0.000566102612056958	0.0021285026376829	0.00330178296279991
vmr_mpagominimo_lag1	0.000563542863980659	0.000911344540976729	0.0011005943209333
Visa_mpagospesos_rank_lag2	0.00056350666331678	0.00202809235598938	0.00352190182698657
Visa_cconsumos_delta2	0.000560040060444897	0.00085307719253362	0.00154083204930663
Master_mlimitecompra_rank_lag1	0.00055901859210507	0.0025586829432274	0.00352190182698657
chomebanking_transacciones_delta1	0.000556851615950853	0.00237259058000216	0.00176095091349329
Visa_mconsumosdolares_rank	0.00055229623688027	0.00180509371515885	0.00352190182698657
mpayroll_rank_lag2	0.000551251574062566	0.00364211353460107	0.00176095091349329
ccallcenter_transacciones_tend6	0.000550710757755732	0.00276794194490342	0.00154083204930663
vm_fechaalta_lag2	0.000549505105979088	0.00189166414275038	0.00286154523442659
Master_mlimitecompra_rank_delta1	0.000548567664642181	0.0024451869673756	0.00418225841954656
mpayroll_rank_delta2	0.000547264623546796	0.000848025679757564	0.000880475456746643
Master_Fvencimiento_lag1	0.000543871078066921	0.00120452591764917	0.00264142637023993
mcomisiones_mantenimiento_rank	0.000543701061284757	0.00286661629987968	0.00264142637023993
Visa_msaldopesos_rank_delta1	0.000537220531748602	0.000759719325448772	0.0011005943209333
ccajas_consultas_tend6	0.000536817182906286	0.00265667277915566	0.00132071318511996
Visa_mpagominimo_rank_lag2	0.000536759634087757	0.00157474201487723	0.00286154523442659
vmr_mpagominimo_delta2	0.000533954834165795	0.00245881110455675	0.00132071318511996
Master_mfinanciacion_limite_rank	0.000533707214258523	0.003690316924336	0.00374202069117323
mcaja_ahorro_dolares_rank	0.00053018753111718	0.00354388590049237	0.00242130750605327
Visa_mlimitecompra_rank_tend6	0.000526844491074628	0.00353244101377917	0.00396213955535989
Visa_mconsumospesos_rank_tend6	0.000526645318363896	0.00150647355438792	0.00286154523442659
mpasivos_margen_rank_lag1	0.00052070267484967	0.00179876828355898	0.00176095091349329
Master_fultimo_cierre_tend6	0.00052037746806656	0.00140207845461349	0.00242130750605327
mrentabilidad_annual_rank_tend6	0.000519889609482615	0.00306211018402471	0.00330178296279991
vmr_Visa_mlimitecompra_delta2	0.000519651330197002	0.000373205560067965	0.000220118864186661
vm_cconsumos_lag2	0.000519428694895447	0.00116240506565837	0.000660356592559982
mcomisiones_otras_rank_delta1	0.000519247595434539	0.00291567066738892	0.00396213955535989
Visa_mlimitecompra_rank_lag2	0.000517887929020766	0.00233148546595356	0.00418225841954656
Visa_mconsumototal_rank_delta1	0.000517552594457381	0.00240648191639108	0.00352190182698657
mcomisiones_rank_delta1	0.000514211652347839	0.00232651038830693	0.00396213955535989
cliente_antiguedad_lag2	0.00051175535118248	0.00265020636720595	0.00264142637023993
vmr_msaldototal	0.00050667667861089	0.000581207628504481	0.000880475456746643
mcaja_ahorro_rank_delta2	0.000496341116898002	0.00274629381769063	0.00242130750605327
Master_fechaalta_tend6	0.000495677609128906	0.000962158615021273	0.00132071318511996
Visa_mlimitecompra_rank_delta2	0.000488942708029437	0.00247351212778364	0.00396213955535989
vm_Fvencimiento	0.000484307761110895	0.00177509207757867	0.00220118864186661
mactivos_margen_rank_tend6	0.000481700565845174	0.00251494166649271	0.00374202069117323
cpayroll_trx	0.000479662593317305	0.00233668984898847	0.0011005943209333
Visa_mlimitecompra_rank_delta1	0.000479008065977731	0.00264373995525623	0.00374202069117323
vm_fechaalta_tend6	0.000477104311060511	0.00100214777618021	0.000880475456746643
chomebanking_transacciones_tend6	0.000471669742929502	0.0026490649359398	0.00198106977767995
ctrx_quarter_normalizado	0.000471273880938035	0.00237350270588002	0.00176095091349329
vmr_Visa_mlimitecompra_tend6	0.000463106136956107	0.00385939312919186	0.00220118864186661
vm_Fvencimiento_lag2	0.000458953770232554	0.00215597002608289	0.00308166409861325
cdescubierto_preacordado_lag1	0.000458088516274694	0.00428726679238604	0.00242130750605327
vmr_msaldototal_tend6	0.000457072294417706	0.00198356974237608	0.00176095091349329
Visa_mconsumospesos_rank_lag2	0.000454163286577356	0.00183895617605443	0.00374202069117323
mpasivos_margen_rank_lag2	0.00045225569412436	0.00289411596088988	0.00396213955535989
Visa_mlimitecompra_rank_lag1	0.000451955086026821	0.00148290775470567	0.00220118864186661
mcomisiones_rank_tend6	0.00045058460301609	0.00192550961806164	0.00286154523442659
vm_mlimitecompra_rank_tend6	0.000449863415757257	0.00323060208478005	0.00220118864186661
Visa_mpagominimo_rank_delta2	0.000448566355747095	0.00202992170342039	0.00220118864186661
mcaja_ahorro_dolares_rank_delta2	0.000447509482957587	0.00260861546544586	0.00154083204930663
vmr_mpagominimo_tend6	0.000445512305574504	0.0014376649523173	0.00132071318511996
rf_020_016	0.000444989933542478	0.00127459485007615	0.000880475456746643
mrentabilidad_rank	0.000438911394680544	0.00174348020660517	0.00264142637023993
Visa_Fvencimiento	0.000437762920358918	0.00172370728790105	0.00264142637023993
Master_mlimitecompra_rank	0.000436401892730311	0.00185383724647508	0.00352190182698657
Visa_cconsumos_lag1	0.000435998061149285	0.00190394132309515	0.00198106977767995
internet_lag2	0.000429648880550688	0.000436583870832241	0.000220118864186661
Master_mpagospesos_rank_tend6	0.000428864934551344	0.00142088829068681	0.00176095091349329
Visa_msaldopesos_rank_tend6	0.000426372031229743	0.00321608280730536	0.00286154523442659
Visa_msaldopesos_rank_lag2	0.00042267572767088	0.00131459250402724	0.00264142637023993
rf_011_021	0.000420713144643697	0.00161053403815129	0.00176095091349329
mpagomiscuentas_rank_tend6	0.000418390606786498	0.00125004388650348	0.000660356592559982
vm_mpagospesos_rank_tend6	0.000415491903691122	0.000776416154832977	0.0011005943209333
Visa_fechaalta_lag2	0.000407343092816187	0.00192746805593346	0.00286154523442659
mtransferencias_emitidas_rank	0.000397102516207231	0.00233892005620938	0.00198106977767995
mcomisiones_rank	0.000394641441141951	0.00137623658663269	0.00242130750605327
Visa_mfinanciacion_limite_rank_lag1	0.000387011679323462	0.00155808595089539	0.00264142637023993
ccomisiones_otras_tend6	0.000384183948974248	0.00168679931173733	0.00220118864186661
ctrx_quarter_lag1	0.000382305958627674	0.00109194546479209	0.000880475456746643
vm_status02_delta2	0.000381960706339674	0.00113253081996057	0.0011005943209333
Visa_mfinanciacion_limite_rank_lag2	0.000374154629115991	0.00140493882701258	0.00220118864186661
Master_Fvencimiento_tend6	0.000373687268985319	0.000749370008924056	0.00132071318511996
Visa_mconsumosdolares_rank_lag2	0.000370711127627214	0.00222481599643901	0.00264142637023993
ctrx_quarter_lag2	0.000368916127377059	0.00213673724896007	0.00220118864186661
mtransferencias_recibidas_rank_delta2	0.000365008098208372	0.00234052009825209	0.00176095091349329
ccomisiones_otras_lag2	0.000364655506667053	0.00155119489933774	0.00198106977767995
mactivos_margen_rank_lag2	0.000364599993746562	0.00175394332654482	0.00242130750605327
rf_017_020	0.000363577937724828	0.000334385007110081	0.000660356592559982
mtarjeta_visa_consumo_rank_lag2	0.000361198721908379	0.00138283718469851	0.00220118864186661
numero_de_cliente	0.000359744812271378	0.00163882862450755	0.00220118864186661
Master_fultimo_cierre	0.000359418549285761	0.00124036380200088	0.00198106977767995
mtransferencias_recibidas_rank_lag2	0.000358069256676356	0.00150331763282171	0.00176095091349329
mpasivos_margen_rank_tend6	0.000357218631800272	0.00280024173204177	0.00264142637023993
cliente_antiguedad_lag1	0.000357148941392282	0.00200902943470973	0.00198106977767995
mautoservicio_rank_delta2	0.000354820345265831	0.000467337969797695	0.000220118864186661
mcomisiones_otras_rank_tend6	0.000353336132941931	0.00213493507846397	0.00264142637023993
cseguro_accidentes_personales_lag1	0.000349643409300219	0.000422764399431438	0.000440237728373322
internet_tend6	0.00034866279026941	0.00140201390939308	0.000660356592559982
Visa_mpagospesos_rank	0.000346027987156553	0.000778787342403715	0.00176095091349329
Master_Fvencimiento_lag2	0.000344841438765703	0.00149134619299466	0.00264142637023993
rf_016_022	0.000343097927372193	0.000206058917590582	0.000220118864186661
Visa_msaldototal_rank_lag1	0.000341287764184058	0.000837210958222546	0.00132071318511996
rf_007_018	0.000340134285426002	0.00177520927811046	0.00132071318511996
rf_014_025	0.000336943406926821	0.00154590558838124	0.00176095091349329
Master_mpagospesos_rank	0.000331201884681543	0.00121475123940836	0.000880475456746643
Master_mpagominimo_rank	0.000328211454460738	0.000671691534722789	0.000440237728373322
Master_msaldopesos_rank	0.000326821686952564	0.00188828061435432	0.00198106977767995
mautoservicio_rank	0.000324463173213045	0.00260114180834611	0.00132071318511996
rf_010_013	0.00032306843749077	0.000957562315904929	0.000880475456746643
ctrx_quarter_normalizado_lag1	0.000321529673661481	0.000964086478841321	0.000880475456746643
Visa_cconsumos_delta1	0.000318978416505466	0.00109321089082375	0.00242130750605327
Visa_mpagospesos_rank_delta1	0.000318494042204951	0.00178963683342983	0.00308166409861325
mtransferencias_emitidas_rank_lag1	0.000316556230004036	0.000589105925212166	0.000660356592559982
Visa_mfinanciacion_limite_rank_delta2	0.000312772243695178	0.00246864575787664	0.00264142637023993
vmr_mpagospesos_tend6	0.000310824896050634	0.000524640537051564	0.000440237728373322
Master_mpagosdolares_rank_tend6	0.000309530782574645	0.000270804567892425	0.000660356592559982
thomebanking_tend6	0.000309216871064886	0.00198885905333258	0.00132071318511996
ctrx_quarter_normalizado_lag2	0.000307780730850225	0.0011240397263602	0.00154083204930663
mcaja_ahorro_dolares_rank_lag1	0.000307438035113935	0.00171138424647863	0.00132071318511996
vm_mfinanciacion_limite_rank_lag2	0.000305640825978729	0.00150823326092322	0.00198106977767995
Visa_fultimo_cierre_lag2	0.000305044892827345	0.00182425515282754	0.00154083204930663
vmr_Master_mlimitecompra_tend6	0.000303267769820203	0.00138339770898099	0.00132071318511996
chomebanking_transacciones_delta2	0.00030269611917069	0.00167601516425408	0.00198106977767995
Visa_mconsumototal_rank_delta2	0.000299539796096869	0.00103700729087523	0.00198106977767995
rf_004_019	0.00029952676012054	0.000704392181651041	0.0011005943209333
Master_mlimitecompra_rank_lag2	0.000296489609865116	0.00130886666355378	0.00264142637023993
rf_012_016	0.000295549835403954	0.000995379020829643	0.0011005943209333
Visa_fechaalta_delta2	0.000294900492935405	0.000695498529702343	0.000440237728373322
vm_msaldopesos_rank	0.000294149841688941	8.85730279825782e-05	0.000220118864186661
mttarjeta_visa_debitos_automaticos_rank	0.000289463500955053	0.000929617632585607	0.00154083204930663
Visa_mlimitecompra_rank	0.000288173995501029	0.00139081531365249	0.00264142637023993
rf_001_017	0.000287264018814572	0.00140201390939308	0.000660356592559982
Visa_msaldototal_rank_delta2	0.000287008049491071	0.00152013505985457	0.00220118864186661
rf_015_025	0.000283326216922135	0.000808039915715492	0.00132071318511996
mcaja_ahorro_dolares_rank_lag2	0.000283233495883065	0.000609683960612944	0.000660356592559982
vm_mpagospesos_rank_delta2	0.000282171150475054	0.00201807765547572	0.00176095091349329
internet_lag1	0.000276850952149247	0.00152317717800585	0.000880475456746643
Master_mpagominimo_rank_delta2	0.000276348706191406	0.000690377376030586	0.000440237728373322
rf_016_020	0.000271948680291514	0.00138420452423608	0.00198106977767995
rf_008_019	0.000271116327718804	0.00137369724177721	0.00154083204930663
rf_019_024	0.000270503761409091	0.00085090643485783	0.000660356592559982
ccomisiones_otras_delta2	0.000266852244560322	0.00137227215125296	0.00132071318511996
Visa_mpagominimo_rank_delta1	0.000266492690207091	0.0021275990045972	0.00198106977767995
mcaja_ahorro_rank_lag2	0.000263629314377367	0.000877113492901461	0.00132071318511996
mtarjeta_visa_consumo_rank_tend6	0.000262091227600968	0.00114229753094319	0.0011005943209333
Master_mfinanciacion_limite_rank_delta1	0.000258911130491995	0.00133581599163209	0.00242130750605327
mprestamos_personales_rank_delta1	0.000258564287129705	0.00345686875203328	0.00176095091349329
vm_msaldopesos_rank_lag2	0.000256828800167037	0.00208297447747799	0.00176095091349329
rf_007_015	0.000255327294558241	0.00114964379616055	0.00132071318511996
Visa_mconsumospesos_rank_delta2	0.000254220421412866	0.0013625411099974	0.00198106977767995
mtransferencias_recibidas_rank_lag1	0.000249497545550972	0.00218921591026774	0.00176095091349329
Visa_mconsumototal_rank_lag1	0.000249093485803122	0.000996291146707498	0.00198106977767995
mcomisiones_mantenimiento_rank_lag1	0.000248692248011714	0.00169199010630479	0.00154083204930663
vm_mlimitecompra_rank_delta2	0.000245994245058388	0.00174510912414123	0.00176095091349329
vmr_mconsumospesos_lag2	0.000245085026078747	0.000984047937531369	0.00132071318511996
mplazo_fijo_dolares_rank_lag2	0.000243536162566879	0.000467337969797695	0.000220118864186661
vm_mpagominimo_rank_delta2	0.000241207766848083	0.00189776876175413	0.00132071318511996
rf_011_016	0.000241181994152803	0.000895631176924513	0.000660356592559982
Master_mconsumototal_rank_delta2	0.000237042434561702	0.000194036521010582	0.000220118864186661
chomebanking_transacciones_lag1	0.000236975856565843	0.00101307969824702	0.00154083204930663
vm_fultimo_cierre_lag2	0.000236470953175412	0.00102355300953725	0.00132071318511996
rf_008_022	0.000235132789284346	0.000835607519062964	0.00176095091349329
mextraccion_autoservicio_rank_lag2	0.000233408456768028	0.00126268965402794	0.00154083204930663
Master_mfinanciacion_limite_rank_lag1	0.000231775165522561	0.00147598782765468	0.00220118864186661
Visa_msaldototal_rank_lag2	0.000231032297676111	0.00129844430901649	0.00154083204930663
rf_005_015	0.000230601313566016	0.00165150326752535	0.000880475456746643
rf_020_025	0.000229114208195121	0.000465963836026401	0.0011005943209333
vmr_Master_mlimitecompra_lag2	0.000228885262083586	0.00153340589688191	0.00154083204930663
rf_017_018	0.000224013683741531	0.000384830493974933	0.000440237728373322
ccajas_extracciones_tend6	0.000222796740753853	0.00373870375838156	0.00176095091349329
mtransferencias_recibidas_rank_tend6	0.000221930981037485	0.00154305201021588	0.00132071318511996
Visa_mconsumototal_rank_tend6	0.000221862736137412	0.000953820391679761	0.00198106977767995
Master_mfinanciacion_limite_rank_lag2	0.000220528946008011	0.00139251726920111	0.00198106977767995
Visa_mfinanciacion_limite_rank_delta1	0.000219591177993085	0.00103631767615193	0.00220118864186661
ctransferencias_emitidas_tend6	0.000216542342820373	0.00147320898606032	0.000880475456746643
rf_005_019	0.000215934439373909	0.00061199569863857	0.00132071318511996
ccajas_consultas_delta2	0.000215410846615524	0.00327136578858386	0.00154083204930663
vm_msaldopesos_rank_delta2	0.000214355461988266	0.00221012006888742	0.00154083204930663
rf_015_029	0.000213535932797278	0.000311768701591191	0.000440237728373322
rf_011_024	0.0002132760555245	0.00135666070070665	0.000880475456746643
vm_mlimitecompra_rank_lag1	0.000211307053020348	0.000549918483633022	0.000880475456746643
Master_mconsumototal_rank_lag1	0.000209398240518046	0.00149784827467144	0.00132071318511996
Master_mpagominimo_rank_tend6	0.000207659855769012	0.00106326360711338	0.000880475456746643
rf_003_021	0.00020649203161434	0.000338950732174653	0.000220118864186661
cmobile_app_trx	0.000202970414132892	0.000862775961178972	0.000660356592559982
cmobile_app_trx_delta2	0.000200230595039024	0.00118895523250522	0.0011005943209333
vm_mfinanciacion_limite_rank_delta1	0.000198868973973559	0.00147754200861974	0.00154083204930663
vm_mfinanciacion_limite_rank	0.000197993918321022	0.000962550982019009	0.00132071318511996
vm_Fvencimiento_lag1	0.000197160133104398	0.00155028956769361	0.00176095091349329
vmr_Visa_mlimitecompra_lag1	0.000196400862974654	0.000925921569438096	0.00154083204930663
Master_cconsumos_lag2	0.000195544847403467	0.000520958062371507	0.000660356592559982
Visa_mconsumosdolares_rank_tend6	0.000193511538415899	0.00132196934329638	0.00132071318511996
vmr_msaldopesos	0.000191030413106358	0.000774700610816899	0.0011005943209333
ctarjeta_visa_transacciones_lag2	0.000190224764853704	0.000984698485410734	0.0011005943209333
vmr_mconsumototal_lag2	0.000190035181920094	0.00134554703288764	0.0011005943209333
vmr_mconsumospesos_lag1	0.000189201770436666	0.000627298011550299	0.000880475456746643
Visa_Fvencimiento_lag2	0.000186700165631333	0.000851767603982732	0.0011005943209333
rf_002_017	0.00018504146594504	0.000667463822786138	0.000880475456746643
Visa_mpagominimo_rank_tend6	0.000185015677000491	0.00204754594570833	0.00154083204930663
Master_mconsumosdolares_rank_tend6	0.000182209616406049	0.00154200230110505	0.00154083204930663
vmr_Master_mlimitecompra_delta2	0.000179893082653872	0.000367202854570124	0.000220118864186661
rf_009_025	0.00017971183694954	0.000625944260480186	0.000880475456746643
mtransferencias_emitidas_rank_lag2	0.000179690029075979	0.00102753612905973	0.000880475456746643
vm_cconsumos_lag1	0.000179571184628232	0.000837674664674416	0.000440237728373322
Master_mconsumospesos_rank_tend6	0.000179431408413363	0.000434110769755598	0.000660356592559982
vm_mpagominimo_rank_lag1	0.000178572815301827	0.0017458615855265	0.00132071318511996
vmr_mpagospesos	0.000178564281050158	0.000767335661456786	0.0011005943209333
mttarjeta_visa_debitos_automaticos_rank_lag1	0.000178494032750587	0.00135615453029399	0.0011005943209333
cmobile_app_trx_tend6	0.000177502819196167	0.0023637258035468	0.00154083204930663
vmr_msaldopesos2_lag2	0.000176783812047638	0.00122698765435077	0.0011005943209333
vm_Fvencimiento_tend6	0.00017569307713493	0.000835004530819689	0.00132071318511996
ccajas_transacciones_lag2	0.000175045974357339	0.00130713922962868	0.0011005943209333
vm_status03	0.000172481260098098	0.00075820251276921	0.000660356592559982
Master_msaldototal_rank	0.000167403362075012	0.000684519047999444	0.000880475456746643
tcallcenter_tend6	0.000166607254851673	0.00207244171664264	0.00132071318511996
Master_fultimo_cierre_lag1	0.000162599439597017	0.00104982970847659	0.0011005943209333
vm_fultimo_cierre	0.000162549496790645	0.00105043609383672	0.0011005943209333
cliente_antiguedad	0.000162365625475208	0.000643291637743755	0.0011005943209333
ctarjeta_visa_transacciones_lag1	0.000161655137006131	0.000811416649877832	0.000880475456746643
mforex_sell_rank_tend6	0.000158456897587939	0.00131554199819059	0.000660356592559982
vm_mlimitecompra_rank_delta1	0.000158357726943047	0.000876233639633809	0.0011005943209333
matm_rank_lag2	0.000157462686043326	0.00161038116789243	0.0011005943209333
cseguro_accidentes_personales	0.0001568080761033	0.00182947142577148	0.0011005943209333
mcaja_ahorro_dolares_rank_tend6	0.000156527229148438	0.00139013079460449	0.000880475456746643
vm_cconsumos_tend6	0.000156315306177696	0.000548258992045192	0.000440237728373322
mcomisiones_mantenimiento_rank_delta2	0.000155959097819843	0.00306197769646703	0.00176095091349329
mcuenta_debitos_automaticos_rank_lag1	0.000155734643954228	0.000280751326068814	0.000220118864186661
mextraccion_autoservicio_rank_delta2	0.000154783058305413	0.0013887464694826	0.000880475456746643
vm_status01_delta1	0.000152535523013175	0.000870974902729079	0.000660356592559982
Visa_cconsumos_lag2	0.000152073764818107	0.000370571095940304	0.000880475456746643
vm_mpagominimo_rank	0.000151687113454145	0.000505115607878478	0.000660356592559982
rf_018_021	0.000151329291002204	0.000978498747134808	0.000660356592559982
Visa_mconsumosdolares_rank_lag1	0.000145695757338647	0.000485266254044926	0.0011005943209333
vm_mpagominimo_rank_delta1	0.000145070733255773	0.00115541889482854	0.000880475456746643
ctarjeta_visa_transacciones_delta1	0.000144631130939451	0.00132608155325967	0.000660356592559982
vm_mconsumospesos_rank_delta2	0.000144200357392805	0.000948181177686316	0.000880475456746643
ctarjeta_debito_transacciones_tend6	0.000143485982640144	0.001588773806082	0.000880475456746643
vmr_mconsumototal_lag1	0.000143091514023523	0.000420024624681009	0.000660356592559982
rf_010_020	0.00014216831449414	0.00233668984898847	0.0011005943209333
rf_016_019	0.000141469897878077	0.000130687085739646	0.000220118864186661
rf_015_015	0.000140695966845071	0.000646534185789986	0.0011005943209333
vmr_Master_mlimitecompra	0.000138579807233978	0.000732207774529549	0.00176095091349329
Visa_mpagospesos_rank_delta2	0.000137391873592917	0.000632322347391447	0.00132071318511996
Master_fultimo_cierre_delta1	0.000137204669146107	0.000581136289050347	0.0011005943209333
mpayroll_sobre_edad_rank_lag2	0.000137123881841262	0.00132276257008401	0.000660356592559982
ccajas_transacciones_tend6	0.000135984390995897	0.00138075475206117	0.000660356592559982
Master_msaldototal_rank_delta2	0.000135667259422597	0.000903030097453261	0.000880475456746643
Master_mpagominimo_rank_lag2	0.000134969274766277	0.00135703947923693	0.0011005943209333
Master_Fvencimiento_delta2	0.000133860321714426	0.000213809439714705	0.000440237728373322
rf_014_030	0.000133590573010524	0.000172138705708327	0.000220118864186661
vmr_mconsumospesos	0.000133180983094675	0.000566109142604562	0.000880475456746643
Master_mpagominimo_rank_lag1	0.000132946151362374	0.000928807420213657	0.000880475456746643
mcuenta_debitos_automaticos_rank_delta2	0.000132394160974658	0.00135806540852972	0.000660356592559982
rf_013_021	0.000131429084369973	0.000539662587822053	0.000440237728373322
Master_cconsumos_tend6	0.000130375156760533	0.000275601296903717	0.000440237728373322
Visa_msaldototal_rank_tend6	0.000129044338893315	0.000788632187074198	0.000880475456746643
Visa_fultimo_cierre	0.000128168994816247	0.00103130183310294	0.0011005943209333
rf_014_023	0.00012763614742192	0.000878654085399068	0.000880475456746643
mautoservicio_rank_tend6	0.000127210681969926	0.000853602047089034	0.000660356592559982
vmr_msaldopesos2	0.000126803064986196	0.00054117430482632	0.0011005943209333
Master_mpagado_rank_tend6	0.000126113287564999	0.000491518647632236	0.000440237728373322
Master_mpagosdolares_rank_delta2	0.000125886610257696	0.0001335083912948	0.000220118864186661
vmr_mconsumospesos_delta2	0.000125542802800561	0.000240137095406991	0.000440237728373322
rf_002_015	0.00012545460176658	0.000789423715303398	0.000880475456746643
Master_mconsumospesos_rank_delta2	0.000125150258368251	9.57256575387212e-05	0.000220118864186661
mcomisiones_mantenimiento_rank_delta1	0.000125094436711642	0.0011599302660233	0.000880475456746643
rf_008_013	0.000124640020478106	0.00015748524211753	0.000220118864186661
Master_fultimo_cierre_lag2	0.000122441599956555	0.00127841660654761	0.0011005943209333
rf_010_019	0.000122261130154834	0.000388963086639406	0.000440237728373322
mcuenta_debitos_automaticos_rank_lag2	0.000121906181115355	0.00107799350583361	0.000660356592559982
ctransferencias_recibidas_lag2	0.000121902474927839	0.00217641217680913	0.0011005943209333
mtarjeta_visa_descuentos_rank_delta1	0.000121852387909202	0.000598405532626055	0.000440237728373322
cpagomiscuentas_tend6	0.000121786392855881	0.00140201390939308	0.000660356592559982
vmr_Visa_mlimitecompra_lag2	0.000119281270083735	0.000877256171809729	0.0011005943209333
Visa_mconsumosdolares_rank_delta1	0.000118720647948734	0.000388828900523297	0.000880475456746643
ctransferencias_recibidas_delta2	0.000117857144849646	0.00140201390939308	0.000660356592559982
rf_013_016	0.000116762067319706	0.000568655281693771	0.000660356592559982
vm_mfinanciacion_limite_rank_lag1	0.000116547609462947	0.000870168087473993	0.0011005943209333
rf_009_021	0.000115071676141776	0.00118184166979301	0.000660356592559982
Visa_mconsumosdolares_rank_delta2	0.00010830120750751	0.000477018054300297	0.0011005943209333
vmr_mconsumospesos_tend6	0.00010749175692583	0.00144491779682092	0.000880475456746643
vm_msaldototal_rank_delta2	0.000107052149193086	0.000623556087325131	0.000880475456746643
vmr_msaldopesos_delta2	0.000106775618450393	0.000872082362826587	0.000880475456746643
rf_006_017	0.000105668156269004	0.000841824242923207	0.000440237728373322
ctarjeta_master_transacciones_delta2	0.000105634745063028	0.000467337969797695	0.000220118864186661
mextraccion_autoservicio_rank	0.000105078827768554	0.00040358427762	0.000440237728373322
rf_016_015	0.000101543864220554	0.000658850432978681	0.000440237728373322
vm_status03_lag1	0.000101182954407439	0.000428899592486957	0.000220118864186661
Master_cadelantosefectivo_tend6	0.000100249580127238	0.000372774126226298	0.000660356592559982
cmobile_app_trx_delta1	9.94837967486997e-05	0.00148550994622313	0.000880475456746643
Master_status_tend6	9.83799554461623e-05	0.000186394706626092	0.000220118864186661
vm_mlimitecompra_rank_lag2	9.75742367800077e-05	0.00102481164133519	0.000880475456746643
vmr_Master_mlimitecompra_lag1	9.72956200373626e-05	0.000522194612909829	0.000660356592559982
ccajas_transacciones	9.56085965205035e-05	0.000489760639655364	0.000440237728373322
Master_mconsumospesos_rank_lag2	9.54276026798459e-05	0.00112613574746499	0.000660356592559982
Master_mconsumototal_rank_lag2	9.37879417207977e-05	0.000440910099157935	0.000440237728373322
vmr_msaldopesos2_delta2	9.36236331715416e-05	0.000599110434375235	0.000660356592559982
mautoservicio_rank_lag2	9.35512061157726e-05	0.000686920809621953	0.000660356592559982
vm_mconsumosdolares_rank_lag2	9.34912733940208e-05	0.00111252689730973	0.000660356592559982
Visa_delinquency_delta2	9.22864984008676e-05	0.000530279751045008	0.000440237728373322
ctarjeta_debito	9.21116670956076e-05	0.000909632394077514	0.000440237728373322
vm_mconsumosdolares_rank_delta1	9.19524784202995e-05	0.00140201390939308	0.000660356592559982
vm_mconsumototal_rank_delta1	9.16206954224772e-05	0.000168237116990573	0.000440237728373322
mcuenta_corriente_rank_delta1	9.13539271053931e-05	0.00205235286607021	0.0011005943209333
vm_msaldototal_rank_lag1	9.1308869235617e-05	0.000690922613287181	0.000660356592559982
ccuenta_debitos_automaticos_tend6	9.04778396242527e-05	0.000934675939595389	0.000440237728373322
rf_003_028	8.82574839431978e-05	0.00030149242307904	0.000220118864186661
Visa_msaldodolares_rank_tend6	8.82116772529263e-05	0.000421847177878287	0.000220118864186661
vm_mconsumototal_rank_lag1	8.77379081396047e-05	0.000666388635298833	0.000440237728373322
Master_msaldopesos_rank_delta2	8.72676021518114e-05	0.000765039210457046	0.000660356592559982
vm_msaldototal_rank_lag2	8.68243796336917e-05	0.000387544790348886	0.000220118864186661
Visa_madelantopesos_rank	8.66302739867819e-05	0.000173178223468564	0.000440237728373322
Visa_mpagosdolares_rank_delta1	8.60123305230231e-05	0.000152547532756402	0.000440237728373322
Visa_mpagado_rank_delta2	8.56151191651476e-05	0.0010996739056566	0.000660356592559982
cextraccion_autoservicio_tend6	8.53835819722056e-05	0.00183827505412329	0.000880475456746643
Master_msaldototal_rank_lag2	8.32548538898045e-05	0.000182204362974939	0.000440237728373322
vm_mfinanciacion_limite_rank_tend6	8.25915803810081e-05	0.000706511982573878	0.000880475456746643
mcaja_ahorro_dolares_rank_delta1	8.13885535384148e-05	0.00124817037655325	0.000880475456746643
ctarjeta_visa_debitos_automaticos_tend6	7.94226262084856e-05	0.000426504625098175	0.000220118864186661
mttarjeta_visa_debitos_automaticos_rank_lag2	7.93140892139242e-05	0.00034669615862348	0.000660356592559982
ctarjeta_debito_transacciones_lag2	7.89088351447778e-05	0.00180535359459891	0.000880475456746643
Master_delinquency_tend6	7.83781448409556e-05	0.000715161042108402	0.000440237728373322
Master_cconsumos_lag1	7.64993582801834e-05	0.00027064490339984	0.000440237728373322
mtarjeta_master_consumo_rank_delta1	7.60135376254341e-05	0.00140201390939308	0.000660356592559982
Master_msaldopesos_rank_lag2	7.57195626150504e-05	0.000393783595468742	0.000660356592559982
Visa_mpagado_rank	7.48251798107382e-05	0.000544523862053751	0.000440237728373322
vm_mlimitecompra_rank	7.46083265408572e-05	0.000235241850006658	0.000440237728373322
mpagomiscuentas_rank_delta2	7.38992395712604e-05	0.000934675939595389	0.000440237728373322
rf_019_020	7.36862603980114e-05	0.000355961794868733	0.000220118864186661
Master_cconsumos	7.3673840539812e-05	0.000107114491823675	0.000220118864186661
vmr_msaldopesos2_lag1	7.36141126265592e-05	0.000799733964984184	0.000880475456746643
vmr_mconsumototal_tend6	7.3129626781581e-05	0.00110864399273472	0.000660356592559982
ccomisiones_otras	7.31292990879826e-05	0.00104296413529541	0.000660356592559982
vm_mpagominimo_rank_lag2	7.29794483261223e-05	0.000616301544263082	0.000660356592559982
matm_other_rank_tend6	7.29784354550001e-05	0.00066566165229004	0.000440237728373322
vmr_mconsumosdolares_delta2	7.27526890954195e-05	0.00166740007588819	0.000880475456746643
vm_mconsumototal_rank_tend6	7.20081035657892e-05	0.000611367232018818	0.000660356592559982
ccomisiones_otras_delta1	7.16320277679557e-05	0.000674040641033914	0.000440237728373322
vmr_msaldopesos_tend6	7.10042291223418e-05	0.000464819007643394	0.000440237728373322
rf_007_026	7.08872519864636e-05	0.000586209883086015	0.000880475456746643
Visa_mconsumospesos_rank_delta1	7.02199987607846e-05	0.000390155474658502	0.000660356592559982
tcallcenter_lag1	6.93374955264661e-05	0.00167711922723473	0.000880475456746643
rf_002_024	6.89549498112234e-05	0.000167798888915179	0.000220118864186661
vm_mfinanciacion_limite_rank_delta2	6.87169156187568e-05	0.00086701046734935	0.000880475456746643
Visa_mpagosdolares_rank_lag2	6.82948611592179e-05	0.000377066383383356	0.000660356592559982
rf_018_025	6.7864997571655e-05	0.00109883311923287	0.000660356592559982
mautoservicio_rank_lag1	6.75026077209237e-05	0.000533473040896718	0.000440237728373322
mpayroll_sobre_edad_rank_tend6	6.7380085521883e-05	0.00140201390939308	0.000660356592559982
mttarjeta_visa_debitos_automaticos_rank_delta1	6.66453274149394e-05	0.000531765989672799	0.000440237728373322
mcheques_emitidos_rank_lag2	6.52289158444165e-05	0.00233668984898847	0.0011005943209333
rf_019_016	6.49828362324675e-05	0.00113846388456271	0.000660356592559982
vmr_Visa_mlimitecompra	6.28041599272716e-05	0.00020121293038477	0.000440237728373322
Master_mconsumototal_rank	6.27441391886443e-05	0.00081218609684742	0.000440237728373322
vm_mpagospesos_rank	6.25419048447468e-05	0.000210504045006499	0.000220118864186661
Master_delinquency_delta2	6.23355391241195e-05	0.000552629382890112	0.000440237728373322
Visa_mpagado_rank_tend6	6.14896251820391e-05	0.00092267392571657	0.000660356592559982
mpagomiscuentas_rank_lag1	6.10965147335133e-05	0.000946385801423946	0.000660356592559982
mtarjeta_visa_consumo_rank_lag1	6.09371080471749e-05	0.00027092516554108	0.000440237728373322
Master_msaldopesos_rank_tend6	6.08497370800356e-05	0.000233463459328604	0.000440237728373322
ctarjeta_debito_transacciones_delta1	6.07917827068261e-05	0.00140201390939308	0.000660356592559982
rf_017_015	6.05238268389743e-05	0.000591548452237038	0.000440237728373322
Visa_fultimo_cierre_lag1	6.02117159513741e-05	0.000333279245571005	0.000660356592559982
matm_other_rank_lag2	5.99783063686671e-05	0.000409958967414396	0.000440237728373322
Visa_mpagosdolares_rank_delta2	5.88302887192153e-05	0.000530933696041236	0.0011005943209333
vmr_msaldototal_delta1	5.82365038566489e-05	0.000153079181545543	0.000220118864186661
cforex_sell_tend6	5.80175733885038e-05	0.000901768068538463	0.000440237728373322
vmr_msaldototal_lag2	5.78666393420208e-05	0.000632483710442464	0.000440237728373322
Master_fultimo_cierre_delta2	5.68072871848325e-05	0.000260479031185754	0.000660356592559982
vmr_msaldototal_lag1	5.66922843351793e-05	0.000188952735624323	0.000440237728373322
mpagomiscuentas_rank_delta1	5.65215722196971e-05	0.000434430098740769	0.000220118864186661
Visa_fultimo_cierre_delta1	5.63775143223568e-05	0.000573839282027504	0.000660356592559982
matm_rank_tend6	5.62486657411194e-05	0.000452438215234292	0.000440237728373322
mpayroll_rank_lag1	5.61932124012826e-05	0.000434430098740769	0.000220118864186661
ccomisiones_otras_lag1	5.51886243440899e-05	0.00135363047246439	0.000660356592559982
mtarjeta_master_consumo_rank_delta2	5.49323557632114e-05	0.000151508014996165	0.000220118864186661
rf_003_023	5.48395047299869e-05	0.00065083153862234	0.000440237728373322
mtransferencias_emitidas_rank_tend6	5.38682479865294e-05	0.000584385631330304	0.000440237728373322
ccallcenter_transacciones_delta2	5.34115852915063e-05	0.00102563374361616	0.000660356592559982
ccuenta_debitos_automaticos_delta2	5.30572821604835e-05	0.000467337969797695	0.000220118864186661
Visa_Fvencimiento_tend6	5.25497443572604e-05	0.000644803354748022	0.000440237728373322
vm_msaldototal_rank_tend6	5.24012341601207e-05	0.000202318691923846	0.000440237728373322
rf_013_019	5.20022374137763e-05	0.00140201390939308	0.000660356592559982
rf_012_023	5.15616289968618e-05	0.000163292613395718	0.000220118864186661
vm_msaldopesos_rank_delta1	5.15257885251193e-05	0.00055576322319671	0.000440237728373322
cextraccion_autoservicio_delta2	4.86937223292035e-05	0.000828220488443238	0.000440237728373322
Master_mconsumosdolares_rank_delta2	4.85968360607594e-05	0.000103572997493454	0.000220118864186661
Visa_cadelantosefectivo_delta1	4.82694186999667e-05	8.13609488813235e-05	0.000220118864186661
vm_mpagado_rank_delta2	4.80884207969918e-05	0.000934675939595389	0.000440237728373322
Master_madelantopesos_rank_lag2	4.78141141730393e-05	0.000124142540102073	0.000220118864186661
Master_msaldopesos_rank_delta1	4.77886948993673e-05	0.000446702183410238	0.000440237728373322
ctransferencias_recibidas_tend6	4.77262760394064e-05	0.000297833728217028	0.000440237728373322
mv_status07_rank_tend6	4.71901036383404e-05	0.00128848056525579	0.000660356592559982
vm_mpagado_rank_lag1	4.6586419585481e-05	0.000886516712379687	0.000440237728373322
catm_trx_tend6	4.64701222107036e-05	0.000764821794977781	0.000440237728373322
vmr_msaldopesos_lag1	4.63345992420845e-05	0.000443860495153902	0.000440237728373322
vmr_mpagospesos_lag2	4.4660416710322e-05	0.000364174324886295	0.000440237728373322
Master_mpagospesos_rank_lag1	4.45734248928006e-05	0.00124283180740223	0.000660356592559982
vm_Fvencimiento_delta2	4.45228571666122e-05	0.000107620662236339	0.000220118864186661
Master_mconsumospesos_rank	4.40134723631073e-05	0.000309349954384364	0.000220118864186661
ctarjeta_debito_lag1	4.27673091268374e-05	0.000934675939595389	0.000440237728373322
Master_status_delta1	4.1575532195051e-05	0.000107841474832468	0.000220118864186661
mcuenta_debitos_automaticos_rank_tend6	4.06627349062584e-05	0.000100865495353228	0.000220118864186661
Visa_madelantopesos_rank_tend6	4.05946640087785e-05	8.37491220363786e-05	0.000220118864186661
ctarjeta_debito_lag2	3.96492652692652e-05	0.000391458268975662	0.000220118864186661
vm_msaldopesos_rank_lag1	3.90101286959687e-05	0.00046217095504828	0.000440237728373322
Master_status_delta2	3.89132735719575e-05	0.000206128558486284	0.000220118864186661
rf_011_017	3.87490882463272e-05	0.000143130724810722	0.000220118864186661
vm_status01_tend6	3.84873477239982e-05	0.000209863688477725	0.000220118864186661
vm_mpagado_rank_lag2	3.83954770633572e-05	7.53276693317105e-05	0.000220118864186661
ctransferencias_recibidas_delta1	3.83028535199035e-05	0.000934675939595389	0.000440237728373322
rf_020_021	3.82715452402012e-05	0.000832057531940584	0.000440237728373322
mtransferencias_recibidas_rank_delta1	3.8242314158763e-05	0.000226709991003925	0.000220118864186661
tcallcenter_lag2	3.73625543427516e-05	0.000191605883894733	0.000220118864186661
tcallcenter_delta1	3.71847927525871e-05	0.000467337969797695	0.000220118864186661
vm_mpagado_rank_tend6	3.71438933416565e-05	0.000240470012859616	0.000220118864186661
Visa_madelantopesos_rank_delta1	3.67044914329905e-05	0.00019741155661449	0.000220118864186661
vm_cconsumos	3.65787302129279e-05	0.000846778937868652	0.000440237728373322
vmr_mpagospesos_delta2	3.58177904707591e-05	0.000868588428132456	0.000440237728373322
vm_mpagospesos_rank_lag1	3.56626749456325e-05	0.000261397951297336	0.000220118864186661
vmr_mconsumosdolares_lag1	3.5493761082624e-05	0.000109540033264229	0.000220118864186661
Master_madelantodolares_rank_lag1	3.53878943846575e-05	8.94562783670936e-05	0.000220118864186661
Visa_madelantopesos_rank_lag1	3.52547587045258e-05	0.000120638414057351	0.000220118864186661
Master_msaldototal_rank_tend6	3.50866667837248e-05	0.000509124205777432	0.000440237728373322
active_quarter_lag2	3.45474280101236e-05	0.000217751793834821	0.000220118864186661
ccajas_depositos_tend6	3.42734071024903e-05	0.000934675939595389	0.000440237728373322
mcheques_emitidos_rank_delta2	3.42460941118872e-05	0.000934675939595389	0.000440237728373322
Visa_mpagosdolares_rank_lag1	3.38401257519427e-05	0.000150624764611649	0.000440237728373322
ctarjeta_debito_transacciones_delta2	3.37395007974445e-05	0.000467337969797695	0.000220118864186661
cpayroll_trx_tend6	3.34065668097106e-05	0.000934675939595389	0.000440237728373322
vmr_mconsumototal_delta2	3.33280584648908e-05	0.000829604813565122	0.000440237728373322
mtarjeta_master_consumo_rank_tend6	3.32857859907009e-05	0.000467337969797695	0.000220118864186661
cpagomiscuentas_delta1	3.32837900387836e-05	0.000467337969797695	0.000220118864186661
Master_fechaalta_delta1	3.23917105684003e-05	0.000170429955925976	0.000440237728373322
Master_mconsumospesos_rank_delta1	3.19363897922036e-05	9.38402576794672e-05	0.000220118864186661
vm_mconsumospesos_rank_lag1	3.18517256825153e-05	0.000387446273959844	0.000440237728373322
ctarjeta_master_transacciones_tend6	3.11459210653253e-05	0.000934675939595389	0.000440237728373322
ccajas_transacciones_lag1	3.106198411044e-05	0.000330991287363423	0.000220118864186661
vmr_msaldototal_delta2	3.06200121090067e-05	9.21586848320244e-05	0.000220118864186661
mpayroll_sobre_edad_rank_lag1	3.06022029098092e-05	0.00045003305649492	0.000220118864186661
cpagomiscuentas_lag2	3.05789082281035e-05	0.000934675939595389	0.000440237728373322
vmr_mpagado	3.04776197617738e-05	0.000423389468934326	0.000220118864186661
Visa_fechaalta_delta1	2.98537182325901e-05	7.73183798137337e-05	0.000220118864186661
cseguro_accidentes_personales_lag2	2.97473775976012e-05	8.82231249456355e-05	0.000220118864186661
ctransferencias_recibidas_lag1	2.96959513683493e-05	0.000934675939595389	0.000440237728373322
vmr_mconsumototal_delta1	2.9360826437466e-05	0.000112149019015413	0.000220118864186661
vm_fultimo_cierre_delta2	2.83506093625525e-05	0.000117947897501443	0.000220118864186661
Master_madelantopesos_rank_tend6	2.82704300512023e-05	0.000176045390101376	0.000220118864186661
Master_msaldototal_rank_delta1	2.82005473601909e-05	0.000383204973555738	0.000220118864186661
vmr_msaldopesos2_delta1	2.78534853098181e-05	0.000871387652427997	0.000440237728373322
vm_mpagado_rank_delta1	2.77472496180271e-05	0.000934675939595389	0.000440237728373322
cseguro_vivienda_lag2	2.7735682846468e-05	0.000375753397715605	0.000220118864186661
thomebanking_delta2	2.76670405163496e-05	0.000301412590832748	0.000220118864186661
vm_mconsumototal_rank	2.72628182758064e-05	0.000113533344137297	0.000220118864186661
ctarjeta_visa_debitos_automaticos_lag2	2.72145836738742e-05	0.000934675939595389	0.000440237728373322
Master_mconsumospesos_rank_lag1	2.69386859756321e-05	0.00014581105001604	0.000220118864186661
matm_rank_delta2	2.65282835963163e-05	9.30877962941973e-05	0.000220118864186661
vm_mpagominimo_rank_tend6	2.58711171045805e-05	0.000197275671939949	0.000220118864186661
vm_mconsumototal_rank_lag2	2.58400918329859e-05	0.000185091912308932	0.000440237728373322
mautoservicio_rank_delta1	2.57215574754626e-05	0.000934675939595389	0.000440237728373322
rf_007_021	2.51771081028262e-05	0.000361380196266049	0.000220118864186661
Master_mpagado_rank_lag2	2.50741689815526e-05	0.000120971331509976	0.000220118864186661
rf_007_025	2.500887670913e-05	0.000354480651916238	0.000220118864186661
vmr_msaldodolares_tend6	2.47811540321658e-05	0.000467337969797695	0.000220118864186661
mtransferencias_emitidas_rank_delta2	2.47383020007027e-05	0.000934675939595389	0.000440237728373322
cmobile_app_trx_lag1	2.4697732991582e-05	0.000106455451152152	0.000220118864186661
vm_mpagospesos_rank_lag2	2.44643339031948e-05	0.000361706319484947	0.000220118864186661
Visa_msaldodolares_rank_lag1	2.41889683685236e-05	0.000209717612452594	0.000220118864186661
vmr_msaldodolares2_lag2	2.39471216912379e-05	0.000934675939595389	0.000440237728373322
vm_mconsumosdolares_rank_delta2	2.38313057010647e-05	0.000467337969797695	0.000220118864186661
vm_mconsumospesos_rank_tend6	2.31862828299496e-05	0.00019061902144588	0.000220118864186661
mextraccion_autoservicio_rank_tend6	2.31365708986132e-05	0.000284061816452315	0.000220118864186661
Master_madelantodolares_rank_delta1	2.27105610960956e-05	0.000273559629668741	0.000220118864186661
Master_msaldototal_rank_lag1	2.2592395055344e-05	7.6260177910747e-05	0.000220118864186661
mpagomiscuentas_rank_lag2	2.24700123291984e-05	0.000350424494381194	0.000220118864186661
matm_rank	2.19968417306309e-05	0.000434430098740769	0.000220118864186661
vm_mconsumototal_rank_delta2	2.1665374239455e-05	8.16700865159039e-05	0.000220118864186661
vmr_mpagospesos_delta1	2.1201250421593e-05	0.000354840746303771	0.000220118864186661
Visa_delinquency_lag2	2.09665067061678e-05	0.000150560219391242	0.000220118864186661
rf_006_018	2.08339207929821e-05	0.000324796644762793	0.000220118864186661
vm_status02_tend6	2.07921127770742e-05	0.00037130996885812	0.000220118864186661
vm_fultimo_cierre_lag1	2.07347338988205e-05	0.000127643269029931	0.000220118864186661
Master_mconsumosdolares_rank_lag1	2.04433316894157e-05	7.49251109833833e-05	0.000220118864186661
vmr_mpagado_tend6	2.03801816123345e-05	0.000423389468934326	0.000220118864186661
mv_status07_rank_delta2	1.98573559548733e-05	0.000467337969797695	0.000220118864186661
cextraccion_autoservicio_delta1	1.94198511484029e-05	0.000467337969797695	0.000220118864186661
vmr_mpagado_delta2	1.90847573619525e-05	0.000417867455472673	0.000220118864186661
vmr_msaldopesos_delta1	1.90058861167841e-05	0.000262812850470992	0.000220118864186661
rf_014_024	1.89701377242345e-05	0.000425903335413331	0.000220118864186661
Master_mconsumosdolares_rank_delta1	1.80779702369757e-05	0.000269362491783861	0.000220118864186661
mtransferencias_emitidas_rank_delta1	1.7803952037554e-05	0.000467337969797695	0.000220118864186661
rf_019_023	1.77815957511527e-05	0.000165147439203201	0.000220118864186661
cforex_lag2	1.77467627341093e-05	0.000467337969797695	0.000220118864186661
Visa_mpagosdolares_rank_tend6	1.72156282835918e-05	8.95344120549546e-05	0.000220118864186661
Master_mconsumosdolares_rank	1.68888216245051e-05	7.9655596215836e-05	0.000220118864186661
Visa_cadelantosefectivo_tend6	1.67299159573048e-05	9.56780979026319e-05	0.000220118864186661
Visa_Fvencimiento_delta2	1.65693880713819e-05	0.000402429257886403	0.000220118864186661
Visa_mpagosdolares_rank	1.63382452617479e-05	0.000228690510135358	0.000660356592559982
vm_msaldodolares_rank_tend6	1.55409366080565e-05	0.000467337969797695	0.000220118864186661
Visa_mpagado_rank_lag2	1.5461510179519e-05	7.63586942997891e-05	0.000220118864186661
ctransferencias_recibidas	1.47774321895434e-05	0.000467337969797695	0.000220118864186661
ctarjeta_debito_transacciones_lag1	1.4774635961111e-05	0.000467337969797695	0.000220118864186661
cpagomiscuentas_delta2	1.4369648650803e-05	0.000467337969797695	0.000220118864186661
Visa_delinquency_delta1	1.42936602968369e-05	0.000246087145593448	0.000220118864186661
rf_001_019	1.33037087690028e-05	0.000288391441894872	0.000220118864186661
vm_mpagado_rank	1.31672379263389e-05	0.000467337969797695	0.000220118864186661
Visa_msaldodolares_rank	1.31000336565572e-05	0.000442294424279819	0.000220118864186661
mtarjeta_master_consumo_rank_lag2	1.29667544412129e-05	0.000467337969797695	0.000220118864186661
rf_002_021	1.25626797981995e-05	0.000467337969797695	0.000220118864186661
Master_msaldopesos_rank_lag1	1.22305961888945e-05	7.62567807938835e-05	0.000220118864186661
cextraccion_autoservicio_lag2	1.18916052860138e-05	0.000467337969797695	0.000220118864186661
Visa_status	1.14018360588148e-05	7.46040834397806e-05	0.000220118864186661
rf_006_014	1.13612873612807e-05	0.000283153087691323	0.000220118864186661
cseguro_vida	1.13433962386837e-05	0.000467337969797695	0.000220118864186661
Visa_fultimo_cierre_delta2	1.09502187619219e-05	7.64538135719677e-05	0.000220118864186661
Master_Fvencimiento_delta1	9.77056310801084e-06	7.80861282248894e-05	0.000220118864186661
Master_mpagosdolares_rank_lag2	8.81896053287384e-06	7.52987938383706e-05	0.000220118864186661
ccheques_emitidos_delta2	8.60478703832829e-06	0.000467337969797695	0.000220118864186661
