Feature	Gain	Cover	Frequency
rf_004_022	0.110325887736499	0.00269345882420592	0.00271894676588437
mcaja_ahorro_rank	0.0784706513079815	0.00172465174774629	0.00150257584430452
rf_018_027	0.0477703916832695	0.00260538840487152	0.00300515168860904
rf_009_015	0.0355931176918151	0.002470192032929	0.00207498568975386
ctrx_quarter	0.0340504647742238	0.00241997629219704	0.00114481969089868
rf_006_019	0.029688070621404	0.00184583904325096	0.00279049799656554
mpayroll_rank	0.0233565236656833	0.00321362408196294	0.000787063537492845
rf_013_026	0.0202367823418838	0.00192648862411242	0.00150257584430452
Visa_mpagospesos_rank	0.0187459166934787	0.00108913503657757	0.00293360045792788
rf_017_021	0.0184423487745706	0.00368297779311986	0.00107326846021752
rf_014_025	0.0178764030326109	0.00264269692809484	0.00321980538065255
mcuentas_saldo_rank	0.0171751661897277	0.00542358453454639	0.00300515168860904
vm_status04_delta1	0.0130322632518194	0.000491677334869912	7.15512306811677e-05
mpayroll_sobre_edad_rank	0.0122763961508885	0.0020305541394451	0.000429307384087006
mtarjeta_visa_consumo_rank	0.0113504669154706	0.00147911480251379	0.00128792215226102
rf_009_026	0.0109217363725477	0.00207810403084401	0.00093016599885518
Visa_msaldopesos_rank	0.0095778405448228	0.00240277621702314	0.00264739553520321
mprestamos_personales_rank	0.00807630745776609	0.00806073970421394	0.00250429307384087
vm_status05	0.00758402911264005	0.000219197360812216	0.000214653692043503
cdescubierto_preacordado	0.00741684523386255	0.00375489652645217	0.0020034344590727
rf_001_022	0.00735648528039855	0.00136751959955918	0.00372066399542072
vm_status06_tend6	0.00631751103757422	6.0632795253288e-05	7.15512306811677e-05
cdescubierto_preacordado_delta2	0.00619657155915897	0.00507871605714498	0.000858614768174013
Visa_Finiciomora_tend6	0.00604093294331772	0.00210930554391899	0.000357756153405839
Visa_delinquency	0.00580125551286587	0.00202090093860086	0.00100171722953635
rf_016_022	0.00576245460687451	0.00264966327362991	0.000715512306811677
cdescubierto_preacordado_tend6	0.00569827366159676	0.002363953353885	0.000357756153405839
mprestamos_personales_rank_delta2	0.00540005119893282	0.00616307700824073	0.00171722953634803
rf_007_015	0.00512747500270039	0.000698137435616636	0.0022180881511162
vm_status04_delta2	0.00497617213767092	0.000644035589302475	0.000143102461362335
mcuenta_corriente_rank	0.0049733438264326	0.00357061873648817	0.00271894676588437
rf_007_020	0.00484675216385451	0.00257409904862368	0.00128792215226102
mpasivos_margen_rank_lag1	0.00475868629017433	0.00182894069027952	0.00279049799656554
mpasivos_margen_rank	0.00444514671694936	0.00229424024804529	0.0024327418431597
mprestamos_personales_rank_lag1	0.00434147595498773	0.00440735360254457	0.00207498568975386
rf_010_015	0.00427510099300694	0.00115753431409268	0.00157412707498569
mcuentas_saldo_rank_tend6	0.00423557205010185	0.00313270142341192	0.00279049799656554
rf_016_020	0.00398255047334175	0.0010093027791506	0.00214653692043503
rf_019_026	0.00374688165451266	0.001108034686183	0.000429307384087006
ctrx_quarter_normalizado	0.00348745495276903	0.00193129135410713	0.000715512306811677
mcuenta_debitos_automaticos_rank	0.003447880225897	0.00491535449049392	0.00121637092157985
ctrx_quarter_normalizado_delta2	0.00342406234582175	0.0023992682190111	0.00271894676588437
mrentabilidad_annual_rank_lag1	0.00336849549784344	0.00140898157715168	0.00321980538065255
mrentabilidad_rank_tend6	0.00315846970592645	0.00380807029054867	0.00293360045792788
rf_003_019	0.00307066693323045	0.00130512421194601	0.00064396107613051
vm_status01_delta2	0.0029763679501037	0.000931741076778787	0.000286204922724671
ccomisiones_mantenimiento_tend6	0.00292216559002801	0.00463358032682022	0.00093016599885518
mpayroll_rank_lag2	0.00280463883507852	0.00170330776637418	0.000715512306811677
ctarjeta_visa_transacciones_tend6	0.00273863654329037	0.00308692940144644	0.0020034344590727
mprestamos_personales_rank_delta1	0.00273696902920402	0.008224150921354	0.0020034344590727
tcallcenter	0.00269041438721793	0.00293074233045745	0.00193188322839153
rf_012_028	0.00267344373638671	0.00111424290694355	0.00064396107613051
Visa_status_delta1	0.00260158857946365	0.000796771951305199	0.000214653692043503
mrentabilidad_annual_rank_lag2	0.00254614865524744	0.00446003659065354	0.00701202060675444
Visa_fultimo_cierre_tend6	0.0025266850174675	0.00118705534907806	0.00186033199771036
mcomisiones_mantenimiento_rank_tend6	0.00248603803966319	0.00276372572396151	0.00186033199771036
mactivos_margen_rank	0.00247335634553859	0.00655377479663341	0.00364911276473955
mcomisiones_rank_lag2	0.00244960314797588	0.0025056405724486	0.00608185460789926
mprestamos_personales_rank_lag2	0.00244789512785564	0.00171090620082704	0.00135947338294219
internet	0.00243005394796406	0.00507208580722783	0.00100171722953635
mprestamos_personales_rank_tend6	0.00242459875737905	0.0055103926856794	0.00135947338294219
mcuentas_saldo_rank_delta2	0.00241237955493898	0.00241495013500178	0.00336290784201488
foto_mes	0.00241050749951719	0.00473016007611741	0.00379221522610189
rf_010_020	0.00233421363627855	0.000874982929302543	0.00093016599885518
ctrx_quarter_delta2	0.00232762349115297	0.00200570216006095	0.00307670291929021
vm_status01	0.00218973797267302	0.000568654689178754	0.000572409845449342
ccaja_seguridad_lag1	0.00205906628107484	0.00479232248835907	0.000787063537492845
rf_013_024	0.00202011318562098	0.000943420399501507	0.00143102461362335
rf_010_010	0.00201333300651922	0.000841934799963202	0.000500858614768174
rf_020_023	0.00199573303069452	0.000620088776525674	0.00114481969089868
ctrx_quarter_normalizado_delta1	0.00199464769191776	0.00344166877799006	0.00143102461362335
mcomisiones_otras_rank_lag2	0.00198826406070655	0.00284723784647787	0.00550944476244991
cliente_vip_delta1	0.00197028892635311	0.00284112128815856	0.00100171722953635
cdescubierto_preacordado_lag2	0.00194579313484979	0.000726881249485569	0.00107326846021752
rf_010_019	0.0018318597668836	0.0010561747504111	0.00186033199771036
thomebanking	0.00182043201824563	0.00371131676453994	0.00500858614768174
vm_Finiciomora_delta1	0.00180843729144367	0.00189063142287558	0.000429307384087006
ctarjeta_visa_delta1	0.00180449742308738	0.000132580173098486	7.15512306811677e-05
mcuenta_corriente_rank_delta2	0.0017625182923839	0.00129339523873427	0.00157412707498569
rf_003_021	0.00173099381964247	0.000497347038788119	0.000572409845449342
mcuentas_saldo_rank_delta1	0.0017059180365046	0.00362869453155739	0.00271894676588437
cliente_vip_lag1	0.00168944301246351	0.00554318301440272	0.00143102461362335
ctrx_quarter_tend6	0.00165025037927556	0.00287892822590618	0.00257584430452204
Visa_Finiciomora	0.00160156904045291	0.00261359219336348	0.000572409845449342
mtarjeta_visa_consumo_rank_delta2	0.00158238106273064	0.00135974929802897	0.00186033199771036
vmr_mpagominimo_delta2	0.00155921307081717	0.000777498013398001	0.00128792215226102
mcomisiones_otras_rank_delta2	0.00154802720166415	0.00235623461247799	0.0048654836863194
cprestamos_personales_tend6	0.00153039367358188	0.00250862914996022	0.000572409845449342
rf_017_022	0.0015192838399845	0.00215579176907255	0.00064396107613051
Visa_status	0.00145133794804551	0.000371866885618194	0.000214653692043503
mtransferencias_recibidas_rank	0.00144655663188089	0.00408837403589397	0.00150257584430452
vm_Finiciomora_tend6	0.00144272931005367	0.00141805233956713	0.000429307384087006
mcomisiones_otras_rank_tend6	0.00143755487393909	0.00248453911461896	0.00300515168860904
vm_mconsumototal_rank	0.0014374716372341	0.000309651003619135	0.00064396107613051
mrentabilidad_annual_rank_delta2	0.00140742609777235	0.00248575746123392	0.0064396107613051
vm_mpagospesos_rank_tend6	0.00139911169865335	0.000539362810296508	0.00100171722953635
vm_fultimo_cierre_tend6	0.00137535120386622	0.000991634843599489	0.00207498568975386
ccaja_ahorro	0.00133858426134613	0.00336725606240205	0.000500858614768174
Visa_msaldototal_rank	0.00133725059954856	0.00112652949333956	0.00171722953634803
Visa_cconsumos_tend6	0.0013153376224089	0.00219275464850698	0.00364911276473955
mactivos_margen_rank_delta2	0.00130638711017732	0.00263143390562613	0.00729822552947911
rf_014_030	0.00127597180989823	0.00181575848544712	0.00107326846021752
ccaja_ahorro_tend6	0.00127361496605729	0.00386468712509465	0.000572409845449342
mpayroll_rank_lag1	0.00126804653902687	0.000207966802124786	0.000214653692043503
mcomisiones_rank_delta2	0.00124783381279981	0.0020403753880983	0.00493703491700057
mrentabilidad_annual_rank_delta1	0.00124745792823782	0.00242443910730544	0.00543789353176875
vm_mpagominimo_rank	0.00124269107175496	0.00203171137776589	0.00157412707498569
rf_003_018	0.001203099493449	0.000758371117323643	0.0020034344590727
Master_delinquency	0.00120148099508602	0.00180223827536261	0.00064396107613051
internet_lag2	0.0011919076741137	0.000588705848202391	0.000500858614768174
mcomisiones_rank_tend6	0.00118968038708794	0.00106816916277562	0.00279049799656554
mactivos_margen_rank_lag2	0.00118782290131744	0.00205482368040047	0.00379221522610189
vm_Finiciomora	0.00115278984886671	0.0029355870724044	0.000572409845449342
Master_fultimo_cierre_tend6	0.00114765349957358	0.00154718944221613	0.00293360045792788
mcaja_ahorro_dolares_rank	0.0011446105463727	0.00319910322356144	0.00178878076702919
rf_014_015	0.00113763395027849	0.000405747615465564	0.000500858614768174
rf_013_016	0.00112124779807926	0.000275754996698223	0.000715512306811677
vm_status04	0.00111736083202991	0.000245250500103596	0.000429307384087006
cproductos_delta2	0.00111363685248687	0.00343784187106783	0.000715512306811677
mactivos_margen_rank_lag1	0.00111310437079519	0.00330683714617835	0.00300515168860904
vm_status06_delta2	0.00110220984026019	0.000608936512840145	0.000214653692043503
Visa_mpagominimo_rank	0.00108830524247178	0.00245376917887154	0.00336290784201488
Visa_mpagominimo_rank_lag1	0.001085248054536	0.00185598302008273	0.00336290784201488
mcomisiones_otras_rank_lag1	0.00108111025287238	0.00206698041167138	0.00493703491700057
mrentabilidad_rank_delta2	0.00107946530333476	0.00147670866343095	0.00536634230108758
thomebanking_lag2	0.00107119561955437	0.00189064479031493	0.00508013737836291
mactivos_margen_rank_delta1	0.00106165822247955	0.00263449504923707	0.00572409845449342
cproductos_tend6	0.00104873829308447	0.00326185189350027	0.00121637092157985
internet_lag1	0.00104326197450641	0.00355401064791402	0.00064396107613051
Visa_mpagospesos_rank_tend6	0.00103792406305979	0.00160588013949542	0.00357756153405839
Visa_delinquency_lag1	0.00103331851947505	0.00105205757909158	0.000500858614768174
vm_status02_tend6	0.00102179558411504	0.000773558438058405	0.000214653692043503
Visa_mconsumototal_rank_delta2	0.0010019847657709	0.001847038293524	0.00372066399542072
mttarjeta_visa_debitos_automaticos_rank_tend6	0.000966852503417432	0.00336420637659626	0.00143102461362335
Visa_mpagominimo_rank_lag2	0.00096376547022937	0.00214797181705333	0.00350601030337722
mttarjeta_visa_debitos_automaticos_rank_delta2	0.000963290524408739	0.00209645179616774	0.00150257584430452
rf_004_017	0.000952605601196071	0.000599315775777185	0.000357756153405839
mrentabilidad_annual_rank	0.00094636804557527	0.00127225940748917	0.0020034344590727
rf_018_025	0.000944530747644538	0.00174289448318942	0.00107326846021752
vm_fechaalta_lag1	0.000939606093968752	0.00130031002414614	0.0024327418431597
Master_Fvencimiento_tend6	0.000929864169834238	0.00128185913857601	0.00164567830566686
Visa_fechaalta_lag1	0.000915063859098752	0.00213703534203158	0.00393531768746422
rf_012_027	0.000910973226840066	0.000934594070262722	0.00214653692043503
Master_status_tend6	0.000899656589868072	8.22269387046495e-05	0.000286204922724671
vm_msaldototal_rank	0.000897627951637338	0.000827673651811914	0.00093016599885518
cproductos	0.000895240178487009	0.000998501888156537	0.000214653692043503
mactivos_margen_rank_tend6	0.000895173497214172	0.00283804677710827	0.00329135661133372
vm_Fvencimiento_tend6	0.000887052913493527	0.0011494699288968	0.00150257584430452
mpasivos_margen_rank_delta1	0.000886908561805807	0.00163912305152242	0.00386376645678306
rf_009_017	0.000883708501546489	8.26279618851223e-05	7.15512306811677e-05
mplazo_fijo_dolares_rank	0.000882310083556401	0.00552692438888584	0.00107326846021752
Master_fechaalta_lag1	0.00086862397663831	0.00205559135334595	0.0044361763022324
rf_004_026	0.000868334256735569	0.000122113468088147	0.000214653692043503
vm_fechaalta	0.000864833705282943	0.00256439428765624	0.00350601030337722
Master_fechaalta	0.000864726814691838	0.00205142071226903	0.00457927876359473
rf_002_026	0.000862399538728563	0.00298181931621033	0.00143102461362335
vm_cconsumos_delta2	0.000861894634289681	0.00136657433063378	0.000429307384087006
rf_011_021	0.000860096851150629	0.000728112963539878	0.00186033199771036
cliente_edad_lag2	0.000845329582665842	0.00420464020408398	0.0020034344590727
vm_status03_tend6	0.000836827915989358	0.000528348040272856	0.000286204922724671
Master_mpagominimo_rank	0.0008333901835261	0.00108316552009111	0.00135947338294219
mrentabilidad_rank_lag2	0.000833102877160508	0.00163114650949939	0.0042215226101889
rf_003_015	0.000829180039171396	0.000530966148751085	0.000429307384087006
ctrx_quarter_normalizado_tend6	0.000826272590084008	0.00209835761109208	0.00178878076702919
mrentabilidad_rank_delta1	0.000824697570075345	0.001591548334879	0.00372066399542072
mcuentas_saldo_rank_lag2	0.000818946764192017	0.00307213546535538	0.00393531768746422
Master_mfinanciacion_limite_rank	0.000816300125584392	0.00255826245226339	0.00436462507155123
chomebanking_transacciones	0.0008151109574378	0.00227400385450496	0.00286204922724671
thomebanking_lag1	0.000813666681551871	0.00108890969974283	0.00372066399542072
rf_015_029	0.000812492502074896	0.00149440524349495	0.00135947338294219
ctarjeta_visa_transacciones_delta2	0.000811740522679854	0.00444892251965186	0.00157412707498569
Visa_mconsumototal_rank	0.000811694264502926	0.0021881543397367	0.00414997137950773
Visa_msaldototal_rank_tend6	0.000806709569320342	0.00143863246726216	0.00250429307384087
chomebanking_transacciones_delta2	0.000805239050495659	0.00234167938066102	0.00264739553520321
vm_fechaalta_lag2	0.000804783165719183	0.00125327955324765	0.00314825414997138
Visa_mconsumospesos_rank_tend6	0.000797581183551406	0.00149022314461288	0.00321980538065255
Master_Fvencimiento	0.000796245921298427	0.00246520406841759	0.0048654836863194
Master_Fvencimiento_lag1	0.000787366044287436	0.00128785538994117	0.00386376645678306
mpayroll_rank_delta2	0.000786364793380515	0.00405918145798974	0.00143102461362335
cliente_edad	0.000771001993172509	0.00305322053867641	0.00171722953634803
mpayroll_sobre_edad_rank_delta2	0.000769786564057462	0.00156305468308931	0.000787063537492845
vm_Fvencimiento_lag1	0.000755837572215324	0.00153927591812147	0.00350601030337722
mpagomiscuentas_rank	0.000742634794679518	0.00371441228156635	0.00157412707498569
Master_fechaalta_lag2	0.000741997850404643	0.00258102147257232	0.00343445907269605
mrentabilidad_rank	0.000731794850462684	0.0013615271674624	0.00271894676588437
mcuenta_corriente_rank_lag2	0.000721881715226095	0.00159980368349416	0.00207498568975386
rf_004_021	0.00072084563024408	0.00185868133319706	0.00093016599885518
Master_mpagominimo_rank_lag1	0.000719850204204019	0.000931550113359514	0.00171722953634803
mcomisiones_otras_rank_delta1	0.000711073460045547	0.0013516562683202	0.00350601030337722
mpasivos_margen_rank_tend6	0.000710587237451469	0.000704557625772585	0.00157412707498569
rf_019_021	0.000702571088322545	0.000748061002317108	0.000715512306811677
Visa_mconsumospesos_rank	0.000697515869208439	0.00123322457495563	0.00429307384087006
vm_msaldopesos_rank	0.00069523744225858	0.00133575092512897	0.00114481969089868
cliente_edad_lag1	0.000680118527498708	0.00240887367900052	0.00214653692043503
ccomisiones_otras_tend6	0.000677672811535893	0.0007802555251723	0.00107326846021752
mcomisiones_otras_rank	0.000677638716299721	0.00131844009117189	0.00307670291929021
mtarjeta_visa_consumo_rank_tend6	0.000661891015654766	0.00037521829362643	0.00064396107613051
vmr_mpagominimo_lag2	0.000659818466790775	0.00159169537671184	0.0024327418431597
Master_mlimitecompra_rank_tend6	0.000649624142863378	0.00209840153267851	0.00393531768746422
cproductos_delta1	0.000633656782646533	0.00271873283274666	0.000429307384087006
mcaja_ahorro_rank_delta2	0.000625110568103221	0.00312445180369934	0.00286204922724671
mcuenta_corriente_rank_lag1	0.000624391000435662	0.00223959033671781	0.00150257584430452
rf_012_016	0.000621217327803346	0.000443711143216984	0.00121637092157985
rf_016_014	0.000620303649109819	9.02206674354065e-05	0.000143102461362335
vmr_mpagominimo_lag1	0.000617135346520402	0.000840384176998708	0.00114481969089868
Visa_msaldopesos_rank_delta1	0.000615030772929316	0.00107118447516593	0.00214653692043503
vmr_mpagominimo	0.000614526484602892	0.000779407647590729	0.00128792215226102
Master_mfinanciacion_limite_rank_tend6	0.000612786945149677	0.0023921013618858	0.00372066399542072
rf_010_013	0.000612650231199946	0.000404817623613705	0.000858614768174013
Visa_Finiciomora_lag1	0.000608410350558703	0.00283822819235658	0.000572409845449342
vm_mfinanciacion_limite_rank	0.000605770123628852	0.000565352931659528	0.00143102461362335
Visa_cconsumos_lag1	0.000602696814363781	0.00207763808010099	0.00228963938179737
Visa_fechaalta_lag2	0.000597870158328111	0.00131289069420783	0.00314825414997138
vmr_msaldopesos2_tend6	0.000593404422431082	0.00343643447066779	0.00171722953634803
cpagomiscuentas_tend6	0.000592399357323226	0.00424124598192437	0.00093016599885518
ccomisiones_mantenimiento_delta1	0.000591491335727721	0.00147532035937284	0.000214653692043503
chomebanking_transacciones_lag1	0.000578486405049689	0.00169725040671485	0.00264739553520321
Visa_mconsumospesos_rank_lag2	0.000574480961203816	0.000929428509771394	0.00314825414997138
mcuenta_corriente_rank_tend6	0.000570246151869735	0.00392470501813788	0.00193188322839153
tcallcenter_delta1	0.000568709204981803	0.000693298422572264	0.000357756153405839
Visa_mconsumototal_rank_lag2	0.000565399938046241	0.00109964184390596	0.00307670291929021
rf_013_017	0.000563044304949083	0.000268840211286357	0.000214653692043503
cdescubierto_preacordado_delta1	0.000561010299555602	0.00463877262219025	0.00064396107613051
ctarjeta_visa_debitos_automaticos_tend6	0.000560183590403719	0.00212124266725773	0.000715512306811677
Master_mlimitecompra_rank_lag1	0.000558950865242499	0.00119387847204867	0.00379221522610189
Visa_mfinanciacion_limite_rank_lag2	0.000558513802437583	0.00121592328916952	0.00279049799656554
vm_fultimo_cierre_delta2	0.000558358349928187	0.00029600857694629	0.000572409845449342
Master_mfinanciacion_limite_rank_delta1	0.000556746667078088	0.00142376787470597	0.00343445907269605
Visa_msaldopesos_rank_delta2	0.00055564283183192	0.000962828011802196	0.00193188322839153
ccaja_seguridad	0.000554262261502064	0.00262706466259317	0.000357756153405839
rf_007_026	0.000554117170298512	0.00131380540898615	0.00300515168860904
mcomisiones_mantenimiento_rank	0.000549097315287422	0.00214840339438089	0.00164567830566686
mpasivos_margen_rank_delta2	0.000544088494787642	0.00120506319951548	0.00364911276473955
ctrx_quarter_normalizado_lag2	0.000540384314557644	0.00176098826716551	0.00207498568975386
mcomisiones_rank_delta1	0.000537231736396607	0.00101946394269011	0.00300515168860904
chomebanking_transacciones_lag2	0.00053497682952581	0.00078281825425894	0.00279049799656554
Visa_mconsumototal_rank_tend6	0.000531442633580757	0.000923758805853186	0.00307670291929021
mtransferencias_emitidas_rank	0.000527437042862147	0.00258325383494362	0.00171722953634803
mcomisiones_rank_lag1	0.000527400093095596	0.00119664744162813	0.00228963938179737
Master_msaldopesos_rank	0.00052162696384125	0.00124763467457395	0.00164567830566686
ccajas_consultas_tend6	0.000520048369479286	0.00493322102800108	0.000858614768174013
Master_Fvencimiento_lag2	0.000518544503014065	0.00144029193937564	0.00314825414997138
vm_mpagominimo_rank_lag2	0.000517805645090275	0.00138982221729605	0.00143102461362335
Master_mfinanciacion_limite_rank_delta2	0.000516783108101982	0.00127845235117618	0.00364911276473955
mcaja_ahorro_dolares_rank_delta2	0.000515920781153717	0.00212563673553519	0.000787063537492845
ctrx_quarter_lag2	0.000515203362239356	0.000927849242294008	0.00171722953634803
Master_mlimitecompra_rank_delta2	0.000514659970352917	0.00116659743797137	0.00357756153405839
mcaja_ahorro_rank_delta1	0.000509637979929332	0.00211202295337524	0.00157412707498569
vmr_Visa_mlimitecompra_tend6	0.000508102856977487	0.00356727878628509	0.00100171722953635
Master_mlimitecompra_rank	0.000502340148602123	0.00108283706300996	0.00372066399542072
mrentabilidad_annual_rank_tend6	0.000500972572866837	0.00199023030383147	0.00257584430452204
mcomisiones_rank	0.000496594560388667	0.00117931178242655	0.0024327418431597
mtransferencias_recibidas_rank_delta2	0.000493820592693216	0.00116104040247053	0.0022180881511162
cprestamos_personales_delta2	0.000488713781781201	0.00164002630849558	0.000286204922724671
Master_mlimitecompra_rank_lag2	0.000487798442280181	0.00112795980934991	0.00329135661133372
mplazo_fijo_dolares_rank_tend6	0.000485911473832756	0.00382627674294213	0.000715512306811677
Visa_mpagominimo_rank_delta1	0.00048345907023763	0.00190456602357991	0.00186033199771036
rf_004_019	0.000479380839552272	0.000802752925596821	0.00093016599885518
Visa_mconsumospesos_rank_delta2	0.000478007930761034	0.000861525737146393	0.0024327418431597
Visa_msaldopesos_rank_tend6	0.000477205406548239	0.000946693512507842	0.00178878076702919
vm_Fvencimiento	0.000476207233348455	0.001220416658425	0.00250429307384087
Visa_mpagominimo_rank_tend6	0.000475406454177591	0.00119683076651063	0.00207498568975386
rf_011_016	0.000474441233408775	0.000212985320783273	0.000429307384087006
Visa_mpagospesos_rank_delta2	0.000474318425739141	0.00097864742145475	0.00300515168860904
cplazo_fijo	0.00047261666752878	0.000525412932518634	7.15512306811677e-05
mpasivos_margen_rank_lag2	0.000471499540197372	0.000918297252061986	0.00279049799656554
Visa_Finiciomora_delta1	0.0004714979500336	0.000287657746621493	7.15512306811677e-05
cliente_antiguedad	0.000467832264121522	0.00142707345149358	0.00207498568975386
ctrx_quarter_delta1	0.000466348707246231	0.000646533390826563	0.000572409845449342
vm_fechaalta_tend6	0.000462812339186749	0.000704116500274065	0.00064396107613051
Visa_mlimitecompra_rank_tend6	0.000461805666864223	0.00102625651151364	0.00279049799656554
Visa_fechaalta	0.000457669695827044	0.000996084291268544	0.00257584430452204
Visa_cconsumos_delta2	0.000457356789062796	0.00110295123996196	0.00114481969089868
mpagomiscuentas_rank_tend6	0.000456155921959891	0.0025955996199996	0.000787063537492845
Visa_mfinanciacion_limite_rank_delta1	0.000454607983292901	0.0011470523320088	0.00336290784201488
Visa_mlimitecompra_rank	0.000451383445500956	0.00110810534264813	0.00207498568975386
vm_mpagominimo_rank_lag1	0.000450283943498068	0.00082739102595139	0.00093016599885518
mcomisiones_mantenimiento_rank_lag2	0.000450160389469115	0.0011081912761868	0.00143102461362335
chomebanking_transacciones_delta1	0.000449591316049746	0.00288572652363229	0.00186033199771036
mcaja_ahorro_rank_lag2	0.00044642075118115	0.00110707604981825	0.00164567830566686
Visa_Fvencimiento_lag2	0.000444469164689581	0.000897102222156904	0.00207498568975386
Visa_msaldototal_rank_delta1	0.000441816856874546	0.000568307135755677	0.00143102461362335
cliente_antiguedad_lag2	0.00044087262848038	0.00173470979103939	0.0022180881511162
Visa_mlimitecompra_rank_delta2	0.0004395229283768	0.00123139705503319	0.00307670291929021
ccomisiones_otras_lag2	0.00043863468801339	0.00103931077085512	0.00135947338294219
Visa_cconsumos_lag2	0.000437720861502076	0.000670713178974877	0.0020034344590727
Visa_mpagominimo_rank_delta2	0.000436713272101237	0.000826883063256125	0.0020034344590727
Visa_mconsumototal_rank_delta1	0.000433913682623504	0.000668895207223401	0.00236119061247853
rf_012_025	0.000430444175118805	0.000731737449237674	0.000429307384087006
ccajas_transacciones	0.000429893988254399	0.00103440873988239	0.00093016599885518
Visa_mconsumosdolares_rank_lag1	0.000428469156592812	0.000686291974719147	0.00264739553520321
numero_de_cliente	0.000428426698916098	0.00165770188258346	0.00186033199771036
Master_mfinanciacion_limite_rank_lag1	0.0004267516384122	0.00142608235134755	0.00293360045792788
Visa_mconsumospesos_rank_lag1	0.00042585400150377	0.00123610430331826	0.0024327418431597
ccallcenter_transacciones_tend6	0.000425388655668877	0.0020024844264462	0.000787063537492845
mcaja_ahorro_rank_lag1	0.00042491389273788	0.00216068425187432	0.00121637092157985
vmr_msaldototal	0.000424076130843728	0.00066341264745608	0.00128792215226102
Master_mconsumototal_rank_tend6	0.000423445912283171	0.0012563120523457	0.0020034344590727
Visa_Fvencimiento	0.000412778085271147	0.00072658143691731	0.00214653692043503
Visa_madelantopesos_rank	0.000412109398664054	9.94823932701344e-05	0.000357756153405839
rf_013_022	0.000411606097269622	7.33051277562271e-05	0.000143102461362335
cprestamos_personales_delta1	0.000407938652864905	0.00234124398406508	0.000357756153405839
cmobile_app_trx_lag2	0.000407445367358121	0.00203157006483563	0.00186033199771036
mtransferencias_recibidas_rank_tend6	0.000407044989465805	0.0011761723438137	0.00135947338294219
Master_mlimitecompra_rank_delta1	0.000406907014687152	0.000952596191797563	0.00321980538065255
mcuentas_saldo_rank_lag1	0.000405208565121094	0.00102240859861529	0.00114481969089868
rf_020_016	0.000404248815920526	0.0015639770364044	0.00157412707498569
ccaja_ahorro_delta1	0.000403857746038565	0.00394189363550662	0.000572409845449342
rf_008_019	0.000403318493310181	0.000380160426917209	0.00093016599885518
rf_017_018	0.000400025683491596	0.00063506985676762	0.00121637092157985
mpayroll_sobre_edad_rank_delta1	0.000399213713866207	0.00298620956521941	0.00100171722953635
Visa_Fvencimiento_lag1	0.000396644134991917	0.000863651160002898	0.00207498568975386
ccaja_ahorro_lag1	0.000395552529631282	0.00184051307348745	0.000357756153405839
vmr_mpagominimo_delta1	0.000394444129319621	0.00151195669136031	0.00157412707498569
Visa_mconsumototal_rank_lag1	0.000393955032993527	0.0013641796493561	0.00257584430452204
Master_msaldototal_rank	0.000393001947103989	0.000795020816750468	0.000787063537492845
vmr_mconsumototal_lag2	0.000390189966165961	0.00111495711013163	0.0020034344590727
vm_mfinanciacion_limite_rank_lag1	0.000389857689541289	0.000713611201480306	0.00143102461362335
Visa_msaldopesos_rank_lag1	0.000388080486396412	0.00189430555906239	0.00164567830566686
Visa_cadelantosefectivo	0.000386766265161895	0.000188782617024646	0.000500858614768174
vmr_msaldopesos_delta2	0.000384723619633242	0.000709599060041385	0.000787063537492845
cmobile_app_trx_tend6	0.000383126758348959	0.00162300955820418	0.00186033199771036
ccomisiones_otras	0.000382410448173007	0.000364623643125179	0.000572409845449342
ccomisiones_otras_delta2	0.000381645913816556	0.00122589157965555	0.00164567830566686
vmr_Master_mlimitecompra_lag2	0.000379748576102868	0.000932951784856976	0.00171722953634803
Visa_mpagosdolares_rank	0.000377500041327759	0.000244761633750258	0.00064396107613051
mrentabilidad_rank_lag1	0.000375322583257044	0.000833186765726318	0.0020034344590727
vm_Fvencimiento_lag2	0.000372921717835751	0.000879726460637277	0.0020034344590727
Master_mfinanciacion_limite_rank_lag2	0.000371094730849461	0.000848037990843159	0.00228963938179737
mpayroll_sobre_edad_rank_tend6	0.000368767110468042	0.00210243277045936	0.000572409845449342
vmr_msaldototal_tend6	0.000368318153456528	0.000776736069355103	0.00171722953634803
vm_mlimitecompra_rank_tend6	0.000363017185446118	0.00292637499705869	0.00178878076702919
vm_msaldototal_rank_lag1	0.000359205794528152	0.000609933341888749	0.00121637092157985
ccaja_seguridad_lag2	0.000356955990086156	0.00113213426969522	0.000214653692043503
Visa_mlimitecompra_rank_lag2	0.00035616662146141	0.00122138293332652	0.00193188322839153
vm_mconsumototal_rank_tend6	0.000354100646223725	0.000248078668343025	0.000500858614768174
Visa_mpagospesos_rank_lag2	0.000354084331684258	0.000677950692565314	0.0024327418431597
ccajas_transacciones_tend6	0.000351926379041109	0.00132205884796711	0.000572409845449342
vm_mlimitecompra_rank_delta2	0.000350139811322897	0.000874799604420041	0.00178878076702919
rf_008_022	0.000348785950738263	0.0007405007605481	0.00193188322839153
Visa_mconsumosdolares_rank_tend6	0.000348371123426612	0.000462289974278029	0.00171722953634803
vmr_msaldopesos_tend6	0.000345718364459685	0.000751135513367399	0.00164567830566686
rf_011_022	0.000345513754017473	0.000253442830790396	7.15512306811677e-05
Visa_mfinanciacion_limite_rank_lag1	0.000345322405637044	0.00100025493234546	0.00228963938179737
ccomisiones_otras_lag1	0.00034420007937175	0.00098416435463754	0.00100171722953635
vm_msaldopesos_rank_lag2	0.000343989310828248	0.000583987142112162	0.000858614768174013
mcaja_ahorro_rank_tend6	0.000343252213597213	0.00353821606350597	0.00171722953634803
Visa_mconsumosdolares_rank_lag2	0.000342380216299505	0.000819584441371521	0.00207498568975386
rf_002_017	0.000342330662168943	0.000907609029485291	0.00157412707498569
mtransferencias_emitidas_rank_lag1	0.000341913700362969	0.00062775977707786	0.00107326846021752
cliente_antiguedad_lag1	0.000340710581301428	0.000877140815940325	0.00135947338294219
mcuenta_debitos_automaticos_rank_lag2	0.000340184938090007	0.00188415203405966	0.00128792215226102
Master_mconsumospesos_rank_tend6	0.000338204971838362	0.00187451411028896	0.00178878076702919
rf_007_016	0.000337748351648144	0.000831372613243227	0.000214653692043503
ctrx_quarter_lag1	0.00033387016462129	0.000560836646793727	0.000787063537492845
vmr_Master_mlimitecompra_lag1	0.000333500780841776	0.00150564344071916	0.00178878076702919
Visa_cconsumos	0.000332186960048354	0.000834911165402351	0.00164567830566686
mtarjeta_visa_consumo_rank_lag2	0.00033088883232166	0.000599413167121014	0.00207498568975386
vm_cconsumos_tend6	0.000330192053414635	0.00158777871698255	0.00107326846021752
rf_015_025	0.000329380698676639	0.000736599377892358	0.0022180881511162
mcaja_ahorro_dolares_rank_lag1	0.000328380125560425	0.00108665442176122	0.00135947338294219
vmr_msaldototal_delta2	0.000327790188001912	0.000805527624078854	0.000715512306811677
vm_msaldototal_rank_delta2	0.000326103980230764	0.000804017103432407	0.00121637092157985
Master_mconsumototal_rank_lag2	0.000325532942258838	0.00109972968707882	0.00157412707498569
vmr_Master_mlimitecompra	0.000322931069738599	0.000868243830236408	0.00171722953634803
rf_006_020	0.000321886187373128	0.000147091483329021	7.15512306811677e-05
Visa_mfinanciacion_limite_rank	0.000319856987532808	0.000713905285145986	0.00228963938179737
Master_fultimo_cierre	0.000319545277171588	0.000876411335678703	0.00135947338294219
rf_009_025	0.000318468659814286	0.000494585707745436	0.00128792215226102
Visa_msaldopesos_rank_lag2	0.000317785685954525	0.000712167518030604	0.00186033199771036
vmr_Visa_mlimitecompra_lag2	0.000317240990819429	0.000623165197210157	0.00150257584430452
mtransferencias_recibidas_rank_lag2	0.000317123271167838	0.000586011354356453	0.00207498568975386
tcallcenter_tend6	0.000317070572401613	0.00194194329363416	0.000787063537492845
Visa_mfinanciacion_limite_rank_delta2	0.000316057046725545	0.000569781373352463	0.00214653692043503
vm_mpagospesos_rank	0.000315660597962719	0.00021516039412879	0.000429307384087006
vm_mconsumototal_rank_lag1	0.000315364923506287	0.000600667796785636	0.00107326846021752
vm_status04_lag2	0.000314544639652896	4.98949221875818e-05	0.000214653692043503
rf_007_018	0.000314125589096884	0.00139984970644206	0.000787063537492845
mttarjeta_visa_debitos_automaticos_rank_lag2	0.00031400351240576	0.000361272235116942	0.00100171722953635
mcajeros_propios_descuentos_rank_delta1	0.000312609233853741	8.91073507010464e-05	0.000214653692043503
ccajas_transacciones_lag2	0.000312080309399461	0.00106067384856916	0.00171722953634803
chomebanking_transacciones_tend6	0.000311924749134387	0.0016958181810703	0.00128792215226102
Visa_mpagospesos_rank_lag1	0.000310709992387261	0.000738789728311417	0.00207498568975386
rf_020_025	0.000309399320112207	0.000599850473351148	0.00178878076702919
rf_017_016	0.000308057762397576	0.000496938377070876	0.00121637092157985
Master_status	0.000307545004344958	0.000704676023092534	0.000429307384087006
rf_019_024	0.000304022951679626	0.000504065131878134	0.000787063537492845
mcomisiones_mantenimiento_rank_lag1	0.000302256102360199	0.00129069501598576	0.00121637092157985
vmr_Visa_mlimitecompra_lag1	0.000301078880182933	0.000853749706713607	0.00178878076702919
vm_msaldopesos_rank_delta2	0.000300218820634117	0.00180931347004667	0.00135947338294219
rf_003_009	0.000299929313542588	0.000640735741417442	0.000286204922724671
rf_017_020	0.000299701596266209	0.000543680493206264	0.000715512306811677
mcaja_ahorro_dolares_rank_tend6	0.000299314762767425	0.00172262371623361	0.00093016599885518
Visa_mconsumospesos_rank_delta1	0.000297637690137526	0.000583546016613642	0.00207498568975386
mttarjeta_visa_debitos_automaticos_rank	0.000295489777903316	0.000775143434438368	0.00121637092157985
mautoservicio_rank_delta2	0.000291737006443482	0.00104050811149396	0.00107326846021752
mautoservicio_rank_lag1	0.000289338140268762	0.00199632776580885	0.00107326846021752
Master_cconsumos_tend6	0.000286911954087647	0.000642994838667439	0.00143102461362335
mcuenta_debitos_automaticos_rank_delta2	0.000284439179746518	0.00285037155618814	0.000787063537492845
vm_msaldototal_rank_delta1	0.000280452336115523	0.000382585662341973	0.000715512306811677
vm_msaldopesos_rank_tend6	0.000279906116620122	0.000358381048949153	0.000715512306811677
Visa_msaldototal_rank_lag1	0.000279446537529026	0.000477534584038572	0.00121637092157985
Visa_delinquency_lag2	0.000278089555641834	0.000693915234416515	0.000429307384087006
rf_014_023	0.000277792025727655	0.000630612770561794	0.00107326846021752
rf_007_025	0.000277186952571783	0.00032357414651831	0.000429307384087006
ctransferencias_recibidas_tend6	0.000276088890244738	0.00272873358701398	0.00114481969089868
Visa_mlimitecompra_rank_lag1	0.00027513325638097	0.000684149365154907	0.00164567830566686
Master_msaldopesos_rank_lag1	0.00027478220188706	0.00108390836779208	0.00164567830566686
Visa_mfinanciacion_limite_rank_tend6	0.000274207136632035	0.00115611545588749	0.00171722953634803
tcallcenter_delta2	0.000273946613547413	0.000827799687668634	0.000429307384087006
cplazo_fijo_tend6	0.000273424096420677	0.00207242477875484	0.000357756153405839
rf_005_019	0.000273415630854703	0.000537749169403653	0.00186033199771036
Master_mpagospesos_rank_tend6	0.000273038271455024	0.000630408439703172	0.00171722953634803
thomebanking_tend6	0.000271945544929075	0.00246346248203383	0.00064396107613051
ccajas_transacciones_delta1	0.000270965762753149	0.00240480233890163	0.000500858614768174
Visa_mconsumosdolares_rank	0.000267863693882992	0.000813200534265233	0.00228963938179737
vm_mfinanciacion_limite_rank_delta2	0.000266268838754395	0.0015567567095217	0.00164567830566686
rf_010_017	0.00026527973520741	0.000423003070031048	0.00107326846021752
mtransferencias_emitidas_rank_delta2	0.000264034289076036	0.00123298587068154	0.000787063537492845
mautoservicio_rank	0.000263124785842476	0.00123445437937574	0.000858614768174013
mcomisiones_mantenimiento_rank_delta1	0.000262382440814982	0.000883643120366562	0.000572409845449342
Visa_mpagado_rank_tend6	0.00026177699883968	0.00142256671479874	0.00100171722953635
cmobile_app_trx_delta2	0.000261570130501645	0.000970747264799437	0.00107326846021752
mplazo_fijo_dolares_rank_delta2	0.000260162756519746	0.00216212411605563	0.000357756153405839
vm_mfinanciacion_limite_rank_tend6	0.000259005058051008	0.00130032721085387	0.00135947338294219
Master_mpagospesos_rank	0.000258992614555472	0.000845801809203475	0.000858614768174013
Master_mpagospesos_rank_lag1	0.00025861671139251	0.00125858260740085	0.00135947338294219
mextraccion_autoservicio_rank_delta2	0.000255561321831467	0.00235756371787613	0.00171722953634803
rf_002_022	0.000255014585068816	0.00102637490883359	0.00064396107613051
vm_mlimitecompra_rank_lag1	0.000251453155549071	0.000389658947391835	0.00100171722953635
rf_008_013	0.000251119959815979	0.000290751354013712	0.000858614768174013
mtransferencias_emitidas_rank_delta1	0.000249079255829609	0.00170905003639171	0.000858614768174013
rf_004_023	0.000245283749318449	0.000806043225310891	0.000500858614768174
vm_mlimitecompra_rank	0.000245153389070938	0.000658984205763145	0.00150257584430452
cmobile_app_trx_lag1	0.000244762315298772	0.000694102378567402	0.00121637092157985
vm_mpagospesos_rank_delta2	0.000244486597883697	0.000813851719524953	0.00150257584430452
cpagomiscuentas_delta2	0.000244279951157337	0.00173349144442443	0.000357756153405839
mcuenta_debitos_automaticos_rank_tend6	0.000241957211193023	0.00105243186739335	0.000715512306811677
ctarjeta_visa_transacciones	0.000241903942466772	0.0011829477259295	0.000500858614768174
Visa_mpagospesos_rank_delta1	0.000240756281646828	0.000459064602126513	0.00157412707498569
rf_015_015	0.000238337857641781	0.000298170282852458	0.000787063537492845
Master_delinquency_tend6	0.000238112041905577	0.00025809469968388	0.000572409845449342
Visa_mconsumosdolares_rank_delta2	0.00023753802878598	0.000480679751553994	0.00107326846021752
Visa_msaldototal_rank_delta2	0.000236674593459325	0.000384061809572951	0.00135947338294219
vm_mfinanciacion_limite_rank_lag2	0.000235997853527974	0.00070430173479076	0.00135947338294219
rf_018_021	0.000235510362446446	0.0003760929060867	0.000787063537492845
rf_019_023	0.000231700278527334	0.000377061090622412	0.000500858614768174
vmr_Master_mlimitecompra_tend6	0.000230230358530447	0.000816022973602084	0.000787063537492845
Master_msaldopesos_rank_tend6	0.000229959196725366	0.000698183266837261	0.00121637092157985
ctarjeta_debito_tend6	0.000228575994256847	0.00306022316726114	0.000572409845449342
Visa_mlimitecompra_rank_delta1	0.00022822357764618	0.000639057172962035	0.00164567830566686
Visa_delinquency_delta2	0.000227752243020791	0.000275754996698223	0.000357756153405839
Master_fultimo_cierre_lag2	0.000226534183892192	0.000808369159757632	0.00121637092157985
vmr_msaldototal_lag1	0.000224821319656754	0.0003843902666541	0.000787063537492845
mextraccion_autoservicio_rank_lag1	0.000223626023327323	0.000749709016625432	0.000858614768174013
vmr_msaldopesos	0.000222765807210259	0.000532744018184514	0.000715512306811677
Master_mpagominimo_rank_lag2	0.000218858457687095	0.000733891516607071	0.00143102461362335
mcaja_ahorro_dolares_rank_delta1	0.000217766741774386	0.00107958113671136	0.000572409845449342
ccaja_ahorro_delta2	0.000217355865248991	0.00359628231040423	0.000572409845449342
ctarjeta_visa_transacciones_lag2	0.000216196221917795	0.000820159241263531	0.00121637092157985
Visa_mpagado_rank_delta2	0.000215764833591818	0.00120162776760276	0.000572409845449342
Visa_msaldototal_rank_lag2	0.000215466948338918	0.000426449959748921	0.00121637092157985
mtransferencias_recibidas_rank_lag1	0.000214614008790192	0.00163605235974051	0.00114481969089868
mpagomiscuentas_rank_delta2	0.000212783653100184	0.00191578703409638	0.000787063537492845
Master_mpagominimo_rank_tend6	0.000212738591286282	0.00170408498749062	0.000787063537492845
vmr_msaldopesos_lag2	0.000210583557756915	0.000763490846594346	0.00064396107613051
Master_madelantopesos_rank_tend6	0.00021027929192788	0.000312918387722891	0.00143102461362335
vm_msaldototal_rank_tend6	0.000209781335655035	0.000420157715083885	0.000787063537492845
ctarjeta_visa_transacciones_delta1	0.000208915776456492	0.0025879324387158	0.000500858614768174
rf_002_024	0.000207809370337388	0.000596894359620806	0.00150257584430452
mextraccion_autoservicio_rank_lag2	0.000207435620160347	0.000708611779163745	0.00128792215226102
mautoservicio_rank_lag2	0.000206924498433932	0.000436536647554908	0.00128792215226102
vmr_mconsumospesos	0.000206671535987612	0.00049737568330101	0.00100171722953635
rf_012_015	0.000204751664606827	0.000464258807130732	0.000357756153405839
Visa_cconsumos_delta1	0.000203508488875059	0.000683414155990707	0.00128792215226102
vm_fultimo_cierre_delta1	0.000203042585450791	0.000322963063576638	0.00093016599885518
vm_mconsumospesos_rank_delta1	0.000202528493127882	0.00040000343581384	0.00093016599885518
Master_msaldopesos_rank_lag2	0.000202400152246754	0.000322315697585303	0.000858614768174013
ccajas_otras_tend6	0.000197610318153401	0.00301862178637258	0.000572409845449342
rf_016_015	0.000197116673587701	0.000608705447102825	0.00064396107613051
mtransferencias_emitidas_rank_tend6	0.000196510004187738	0.00155619336743484	0.000858614768174013
cdescubierto_preacordado_lag1	0.000193838679659633	0.000897113679962061	0.000787063537492845
rf_018_019	0.000193529998557997	0.000724469381500154	0.000858614768174013
vm_msaldopesos_rank_lag1	0.000192524403902244	0.00084552491224553	0.00093016599885518
rf_015_028	0.000191983162189077	6.43069314400955e-05	7.15512306811677e-05
Master_madelantodolares_rank_tend6	0.000190706145394528	0.000348025102721992	0.00150257584430452
vmr_mpagominimo_tend6	0.00019041368886762	0.000922630212045284	0.00114481969089868
Master_delinquency_delta2	0.000190281248050502	0.00104907664011673	0.000286204922724671
mpagomiscuentas_rank_lag1	0.000189205913020755	0.00100843007632453	0.000858614768174013
mttarjeta_visa_debitos_automaticos_rank_lag1	0.000188732227886538	0.000692561303773872	0.00093016599885518
mtransferencias_emitidas_rank_lag2	0.000187865451423868	0.0010124288503241	0.00093016599885518
rf_016_017	0.000187608035062912	0.000205346784012364	0.000500858614768174
Master_msaldototal_rank_tend6	0.000187571252625175	0.000566449061686153	0.00093016599885518
vm_mconsumosdolares_rank_lag2	0.000187511448974658	0.000651679854975963	0.000858614768174013
rf_005_015	0.000187403682537412	0.000423188304547743	0.000429307384087006
Master_madelantopesos_rank_lag2	0.000187030491997353	0.000300232687780603	0.00114481969089868
vm_fultimo_cierre	0.000186919218775366	0.000734848243337627	0.00093016599885518
Visa_Fvencimiento_tend6	0.000186475828857132	0.000497041497317283	0.000572409845449342
rf_008_021	0.000186286021097866	0.00199482488369917	0.000286204922724671
Master_delinquency_lag1	0.000185502736313623	0.00071908230344247	0.000572409845449342
vm_fultimo_cierre_lag1	0.000184961573804629	0.000624120014306521	0.00093016599885518
mplazo_fijo_dolares_rank_delta1	0.000184606987364654	0.00304799386989092	0.000500858614768174
thomebanking_delta1	0.000184273911897898	0.000497814899165338	0.000429307384087006
rf_008_018	0.000183754275562925	0.000966402847010982	0.00064396107613051
Master_mpagosdolares_rank_tend6	0.000182564450321716	0.000496546902061367	0.00107326846021752
vm_fultimo_cierre_lag2	0.000182081021014166	0.000492893771850679	0.00100171722953635
ccajas_transacciones_delta2	0.000181707344688516	0.000707530926210662	0.000572409845449342
vmr_msaldopesos2_lag1	0.000179330864613118	0.000808649875983963	0.00093016599885518
ccajas_transacciones_lag1	0.000177061709231695	0.00133451539180627	0.00093016599885518
tcallcenter_lag1	0.000176812201687382	0.00138202136161875	0.00100171722953635
minversion1_pesos_rank	0.000176080487619938	0.00210165173007454	0.000286204922724671
mcomisiones_mantenimiento_rank_delta2	0.000175470209709874	0.000659507445531953	0.000715512306811677
mcaja_ahorro_dolares_rank_lag2	0.000175462086561939	0.000382041416597046	0.00093016599885518
vmr_msaldopesos_lag1	0.000175054914551701	0.000414484191897292	0.00064396107613051
vm_mconsumototal_rank_delta2	0.000173666042024478	0.000638659969049948	0.00100171722953635
vm_mlimitecompra_rank_delta1	0.000173223303660569	0.000417348643186383	0.00121637092157985
active_quarter_lag1	0.000172158357798133	0.00031872176603459	0.00064396107613051
vm_mpagominimo_rank_tend6	0.000171231841788323	0.000491610497673166	0.000787063537492845
Master_msaldototal_rank_lag1	0.000171008017197015	0.000990687665039897	0.000858614768174013
ctarjeta_debito_transacciones_delta1	0.00017074739002691	0.00391937522910598	0.00064396107613051
mtarjeta_visa_consumo_rank_delta1	0.000170686160321266	0.000357897911498393	0.000787063537492845
vm_status03_delta2	0.00017054406539556	0.000827715663764154	0.000214653692043503
rf_002_015	0.000170304057391694	0.000259366516056237	0.000787063537492845
vmr_Visa_mlimitecompra	0.000169989754728908	0.000508125014171873	0.00114481969089868
active_quarter_lag2	0.000169582027834439	0.000244236484347258	0.000500858614768174
vm_mfinanciacion_limite_rank_delta1	0.000168616298778846	0.00087369965512503	0.00164567830566686
rf_018_023	0.000167467299148372	0.00158824657735977	0.000500858614768174
mcuenta_corriente_rank_delta1	0.000167029740737348	0.000754070621121621	0.000787063537492845
vm_msaldopesos_rank_delta1	0.000166131469335493	0.000422359523308099	0.000715512306811677
vmr_mconsumospesos_lag1	0.000165940037250655	0.000449751316168581	0.00093016599885518
Master_mpagospesos_rank_delta2	0.000165687729718837	0.000362922159059459	0.000572409845449342
vmr_mconsumototal_delta2	0.000164279250975554	0.000839507654904246	0.00093016599885518
vm_mlimitecompra_rank_lag2	0.000163027368928313	0.000734836785532471	0.00100171722953635
vmr_mconsumospesos_lag2	0.000162551942982388	0.000425632636314434	0.00100171722953635
ctarjeta_master_transacciones_tend6	0.000162346964123893	0.00100099968968062	0.000214653692043503
Master_cconsumos_lag2	0.000161964910396912	0.000822217826923292	0.00100171722953635
rf_011_017	0.000161959659240276	0.000692177467301133	0.000787063537492845
vm_status06_delta1	0.000160946211930836	0.000599321504679763	0.000143102461362335
rf_011_026	0.000160020700773963	0.000765679287379211	0.00064396107613051
Master_mconsumosdolares_rank_tend6	0.000159700829882838	0.000374173723723009	0.00128792215226102
vmr_mconsumospesos_tend6	0.000159406979642507	0.000212935670294263	0.000787063537492845
rf_017_015	0.000158906303673886	0.000341515159758984	0.00100171722953635
ccajas_extracciones_tend6	0.000157521522714711	0.0022759096694293	0.000500858614768174
Visa_mconsumosdolares_rank_delta1	0.000157264577818591	0.000340292993875639	0.00100171722953635
Master_msaldototal_rank_delta2	0.000156980998239329	0.000548418295638421	0.000858614768174013
vmr_mconsumospesos_delta2	0.000156958553536919	0.000487451314401406	0.000858614768174013
vmr_msaldototal_lag2	0.00015676037573671	0.000361724818420619	0.00093016599885518
ccuenta_debitos_automaticos_tend6	0.000155453736981646	0.000491471094377097	0.000286204922724671
rf_003_025	0.000155340951519993	0.000525031005680089	0.000357756153405839
rf_003_028	0.000154981259611056	0.00068843649391758	0.000572409845449342
Master_cconsumos_delta2	0.000154606861387375	0.000681155058740711	0.000715512306811677
Master_mpagominimo_rank_delta2	0.000153845582502426	0.000663993176250669	0.000715512306811677
vm_mconsumospesos_rank_lag2	0.000153822540648557	0.000438455829918599	0.00114481969089868
Master_fultimo_cierre_lag1	0.000153502328499454	0.000391190474014403	0.00093016599885518
rf_019_020	0.00015347345217822	0.00047459947628435	0.00064396107613051
cextraccion_autoservicio_tend6	0.00015309467574389	0.00131217649101975	0.000572409845449342
Master_cconsumos	0.000152163970843406	0.000406729167440625	0.000858614768174013
rf_016_013	0.0001519267258951	0.00050345977783904	0.000500858614768174
vm_status03	0.000150562352258503	0.000141230815991541	0.000357756153405839
Master_mconsumototal_rank_lag1	0.000150341284292416	0.000305640771814407	0.000787063537492845
tcuentas_lag2	0.000150032758278951	0.0020906598756612	0.000500858614768174
rf_005_013	0.000149774578477775	0.000271876529652794	0.00064396107613051
rf_001_017	0.00014826306440967	0.00142231655271949	0.000572409845449342
mtarjeta_visa_consumo_rank_lag1	0.000147974780462578	0.000396533630485654	0.00064396107613051
internet_tend6	0.000147668595972466	0.00133225629455628	0.000357756153405839
rf_003_022	0.000147153244503224	0.00050371184955248	0.000715512306811677
ctarjeta_master_tend6	0.000147050552533306	0.000237755185897141	7.15512306811677e-05
rf_013_021	0.000146410804910748	0.000367770720274794	0.00064396107613051
vm_mpagominimo_rank_delta2	0.000146232922579725	0.000617764751713124	0.000429307384087006
rf_016_019	0.000145077129731377	0.000371062929623056	0.000858614768174013
vmr_msaldopesos2_lag2	0.000144803030371543	0.00163563033058392	0.000715512306811677
Visa_cadelantosefectivo_tend6	0.00014444621661423	0.000202016381980247	0.000715512306811677
Master_msaldototal_rank_lag2	0.000143810496723857	0.000371761855737594	0.00064396107613051
Master_mconsumototal_rank_delta2	0.000143464476775172	0.000438753732852664	0.000858614768174013
mautoservicio_rank_tend6	0.000143299848702397	0.00137741532394589	0.000572409845449342
mprestamos_prendarios_rank_lag1	0.00014256535880872	0.00183852323465863	0.000286204922724671
mpayroll_sobre_edad_rank_lag2	0.000142020028320152	0.000449132594690138	0.00064396107613051
vm_mconsumospesos_rank_lag1	0.00014136123467423	0.000300824674380349	0.000715512306811677
ctarjeta_debito_transacciones_tend6	0.00014058006626148	0.00126615048770663	0.00064396107613051
rf_005_022	0.000140551185780027	0.000560956953747869	0.00121637092157985
Master_mconsumospesos_rank_lag1	0.000139853348737259	0.000400209676306654	0.000858614768174013
Master_mconsumosdolares_rank_delta1	0.000139607891831338	0.000288234456147697	0.000858614768174013
Master_status_delta1	0.000139564429516699	0.000263571530548623	0.000357756153405839
Master_mconsumospesos_rank_delta2	0.000139322884951885	0.000387248989040613	0.000858614768174013
vm_mconsumospesos_rank_tend6	0.000138860219408011	0.000448578800774247	0.000787063537492845
Master_Finiciomora	0.000138205045902982	0.000906409779212258	0.000143102461362335
mpayroll_sobre_edad_rank_lag1	0.000137583723571087	0.000320856737062059	0.000572409845449342
ctarjeta_debito_delta2	0.000137438761694347	0.00155067834388625	0.000286204922724671
Master_mconsumospesos_rank_lag2	0.000137396671476992	0.000332421481733217	0.000715512306811677
Master_Fvencimiento_delta1	0.000136434982854253	0.000261768835870688	0.00064396107613051
Master_mconsumototal_rank_delta1	0.000136348908439765	0.000264354480567641	0.000572409845449342
rf_019_028	0.000135135591280977	0.000284014164581769	0.000214653692043503
vmr_msaldopesos2	0.000134631342596642	0.000745001768340359	0.00093016599885518
vmr_mconsumototal_lag1	0.000133133225514304	0.000330672256812678	0.000715512306811677
vmr_mpagosdolares_lag2	0.000132807315145012	0.000878301873529503	0.000357756153405839
rf_001_013	0.00013260387010732	0.000363021460037481	0.00107326846021752
rf_006_015	0.000132240200468832	0.00027763598637806	0.000286204922724671
vm_mpagado_rank_delta2	0.000131295847999379	0.00111003980208536	0.000500858614768174
vm_status05_tend6	0.000131276108719494	0.00121184812980224	0.000214653692043503
rf_020_019	0.000130842066013681	0.000294056930801323	0.000429307384087006
Visa_status_delta2	0.000130702988606941	0.00269948753935236	0.000572409845449342
tcallcenter_lag2	0.000130522353810915	0.000404347853602294	0.000429307384087006
rf_001_015	0.000128791638635072	0.000296224365610069	0.000357756153405839
Visa_mpagosdolares_rank_lag1	0.00012869615392484	0.000327553824175954	0.000715512306811677
vm_mpagominimo_rank_delta1	0.000127516888599938	0.00040262918282884	0.00064396107613051
Master_msaldopesos_rank_delta2	0.000127456675827868	0.000245324975837112	0.00064396107613051
vmr_mpagospesos_tend6	0.000127448248503908	0.00074209721473322	0.000787063537492845
vm_mconsumospesos_rank	0.000127212701535053	0.000260844572921408	0.00100171722953635
ccomisiones_otras_delta1	0.000127035389314064	0.000764846686871182	0.000715512306811677
matm_rank_lag2	0.000126282060187916	0.000366535186952099	0.000572409845449342
Master_madelantodolares_rank_lag2	0.000126012428783459	0.000176251597451969	0.00064396107613051
Master_mconsumosdolares_rank	0.000125098490531258	0.000279709849111362	0.00100171722953635
mprestamos_prendarios_rank_lag2	0.000124786237226435	0.000898274737551239	0.000143102461362335
rf_006_013	0.000123775846798035	0.000299117461412051	0.000572409845449342
ctarjeta_master_debitos_automaticos_tend6	0.000123428764753398	0.00266786399712079	0.000429307384087006
Master_mconsumosdolares_rank_delta2	0.000123361950993581	6.61229935573793e-05	0.000214653692043503
ccajas_consultas_delta1	0.000123093250758179	0.00101633023297984	0.000143102461362335
cplazo_fijo_delta1	0.000122745599803571	0.000986154193466362	0.000143102461362335
vmr_mconsumospesos_delta1	0.000122615023324669	0.000297322405270887	0.000715512306811677
Master_Fvencimiento_delta2	0.000120631578034745	0.000195659209752658	0.00064396107613051
vmr_Master_mlimitecompra_delta1	0.000119529560299325	0.00157571555778709	0.000429307384087006
ccaja_ahorro_lag2	0.000119010680484207	0.000201441582088236	0.000214653692043503
Visa_fultimo_cierre_lag2	0.000118663946057883	0.00129944114058845	0.00064396107613051
Master_fechaalta_delta2	0.000118474808093902	0.00046529382886319	0.000500858614768174
Master_cadelantosefectivo_tend6	0.000118263495061715	0.000167713622976285	0.000715512306811677
Master_mpagospesos_rank_lag2	0.000117608982001299	0.000186890169539653	0.000357756153405839
Visa_mpagosdolares_rank_lag2	0.000116928991938728	0.000216892432341594	0.00093016599885518
mpagomiscuentas_rank_lag2	0.00011581947572328	0.00054969202164497	0.00064396107613051
ctarjeta_master_transacciones_lag2	0.000115802526675387	0.000489830718605544	0.000500858614768174
Visa_fultimo_cierre	0.000115777372950263	0.000345403174975377	0.000715512306811677
rf_006_018	0.000115684773432026	0.000640689910196817	0.00064396107613051
mtarjeta_master_consumo_rank_lag2	0.000115485046430203	0.000295355482052378	0.000572409845449342
mcuenta_debitos_automaticos_rank_lag1	0.000115427451716055	0.000975341844667139	0.000429307384087006
Master_mpagosdolares_rank_lag1	0.000113365007864406	0.000663964531737778	0.000715512306811677
vm_status01_tend6	0.000112995162300564	0.000302661742473753	0.000357756153405839
vm_status05_delta2	0.000112495980803173	0.00163969594178023	0.000286204922724671
Master_madelantopesos_rank_delta2	0.000112272618076197	0.000120198104992841	0.000500858614768174
rf_015_023	0.000111689685526714	0.000424444843846558	0.000500858614768174
mpayroll_rank_delta1	0.00011164447618504	0.00133872995446962	0.000429307384087006
matm_other_rank_tend6	0.000111087499242926	0.000765778588357233	0.000357756153405839
Master_status_delta2	0.000110553226296881	5.42183339999166e-05	0.000214653692043503
mplazo_fijo_dolares_rank_lag2	0.000109955226153623	0.000788277898415947	0.000143102461362335
Visa_cadelantosefectivo_lag1	0.000109624522011791	0.000120186647187685	0.000500858614768174
ctrx_quarter_normalizado_lag1	0.000109501352003069	0.000485625704113158	0.000429307384087006
ctarjeta_debito_transacciones_lag2	0.000109369976202058	0.000763389635982131	0.000500858614768174
vm_msaldototal_rank_lag2	0.000108802426702971	0.000259072432390557	0.000715512306811677
rf_005_020	0.000107571410051756	0.000439784935316737	0.000715512306811677
vmr_msaldopesos2_delta1	0.000106952356359375	0.000217551256138085	0.000572409845449342
rf_001_020	0.000106477093482041	0.00180555340032119	0.000500858614768174
Visa_status_tend6	0.000105927309638867	0.000167524569191205	0.000214653692043503
vm_Finiciomora_lag1	0.000105697382646078	0.00120242026579274	0.000286204922724671
vm_mconsumospesos_rank_delta2	0.000105688243484618	0.000776466810933928	0.00064396107613051
Master_mpagospesos_rank_delta1	0.000105527145917833	0.000205808915487004	0.000787063537492845
minversion2_rank_lag2	0.000105096787166095	0.00168623181742281	0.000286204922724671
cinversion1	0.000104229055693114	0.00105082586503727	0.000143102461362335
vmr_msaldopesos2_delta2	0.000104203547209301	0.000363342278581859	0.000858614768174013
vm_fechaalta_delta2	0.000103610313977169	0.000103691227030906	0.000357756153405839
cforex_buy_tend6	0.000103571811468817	0.00204170067422805	0.000286204922724671
vm_mconsumototal_rank_lag2	0.00010356857201816	0.000233361117619675	0.00064396107613051
vmr_msaldototal_delta1	0.000103518279928721	0.000737283026933355	0.00064396107613051
vmr_mconsumototal	0.000103080940009207	0.000212234834545532	0.000500858614768174
vmr_mconsumototal_tend6	0.00010260103136713	0.00124285104092117	0.000429307384087006
rf_002_016	0.000102263323016309	0.000578307890022991	0.000572409845449342
Visa_fultimo_cierre_lag1	0.000101771887206969	0.000677480922553903	0.000500858614768174
Master_cadelantosefectivo	0.000101285398218232	0.000229711806677373	0.000858614768174013
vmr_mconsumototal_delta1	0.000101162981849213	3.29851114109805e-05	0.000143102461362335
ctarjeta_debito_transacciones_delta2	0.000100594071078412	0.000726730388384343	0.000500858614768174
ccallcenter_transacciones_delta2	0.000100336566472806	0.000501531047304385	0.000214653692043503
Master_mpagado_rank_lag2	9.90557642788387e-05	0.000132452227607573	0.000286204922724671
rf_014_024	9.87767972625713e-05	0.000290674968646003	0.000429307384087006
Master_msaldopesos_rank_delta1	9.83984413503954e-05	0.000337468644904595	0.000572409845449342
Master_mconsumosdolares_rank_lag1	9.83433854851134e-05	0.000208799402632815	0.000787063537492845
rf_009_019	9.75035148247519e-05	0.000760909021165778	0.000357756153405839
mv_status07_rank_lag1	9.73913892378615e-05	9.43703025362031e-05	0.000143102461362335
mcheques_emitidos_rank_lag2	9.67598206061809e-05	0.000803778399158316	0.000357756153405839
Master_cadelantosefectivo_lag2	9.62534627307308e-05	0.000234287290203148	0.000572409845449342
vm_status02_delta1	9.52096512616765e-05	0.000152982704813586	0.000429307384087006
rf_003_023	9.50383718385015e-05	0.000257531357597026	0.000429307384087006
Master_mpagominimo_rank_delta1	9.46786618486118e-05	0.000300078007410992	0.000572409845449342
cliente_vip_delta2	9.42747136882102e-05	0.000232114126491824	0.000143102461362335
cseguro_vida_lag2	9.41830314182945e-05	0.000292036537825417	0.000143102461362335
Visa_mpagosdolares_rank_tend6	9.37615578946388e-05	0.00015604575805872	0.000572409845449342
vm_status01_lag1	9.34662435771789e-05	3.61016344135117e-05	0.000143102461362335
Visa_madelantopesos_rank_lag2	9.32223302075735e-05	0.000164394678749325	0.00064396107613051
Master_fultimo_cierre_delta2	9.28477130723602e-05	0.000294564893496588	0.00064396107613051
Master_mconsumosdolares_rank_lag2	9.23668835417693e-05	0.000183945513614468	0.000787063537492845
rf_015_019	9.17699398141641e-05	0.000384976524351268	0.000572409845449342
thomebanking_delta2	9.16924571722993e-05	0.000214293420205292	0.000357756153405839
Master_msaldodolares_rank_lag2	9.14199143344643e-05	0.000110640385858241	0.000286204922724671
mpagomiscuentas_rank_delta1	9.01652056751305e-05	0.000782911826334383	0.000214653692043503
Visa_fultimo_cierre_delta1	8.93087163944004e-05	0.000100595710004494	0.000429307384087006
mttarjeta_visa_debitos_automaticos_rank_delta1	8.8115131595134e-05	0.00049460289445317	0.000286204922724671
vm_status04_lag1	8.76438344467189e-05	0.000268433459203307	0.000214653692043503
rf_014_028	8.72381957972605e-05	0.00106359749851823	0.000286204922724671
rf_018_024	8.54674887546049e-05	0.000416342265966815	0.000286204922724671
rf_007_021	8.53814695030228e-05	0.000176305067209365	0.000143102461362335
rf_008_010	8.52126042870308e-05	0.000290029512288861	7.15512306811677e-05
vm_mpagospesos_rank_lag2	8.49172564078028e-05	0.000391908496470868	0.000500858614768174
mforex_sell_rank_tend6	8.47026587025765e-05	0.00166786495575716	0.000286204922724671
ctransferencias_recibidas_delta2	8.46962366042538e-05	0.000807870745233331	0.000357756153405839
Master_madelantodolares_rank_delta1	8.43368374307383e-05	0.000314864304965281	0.00064396107613051
mpayroll_rank_tend6	8.26659595671858e-05	0.000225495334379831	0.000286204922724671
rf_012_023	8.26342268554741e-05	0.000335990588039424	0.000429307384087006
rf_001_019	8.25503590772339e-05	0.000212295942839699	0.000429307384087006
rf_013_019	8.22629653770402e-05	0.00104236618556349	0.000357756153405839
rf_014_017	8.19250723764918e-05	0.000338446377611272	0.000429307384087006
ctarjeta_debito_lag2	8.18579635611309e-05	0.00120754381433183	0.000286204922724671
Visa_mpagado_rank_lag1	8.15806279908098e-05	0.00019547206560177	0.000357756153405839
Master_msaldototal_rank_delta1	8.15450945988744e-05	0.000331923067208915	0.000500858614768174
ctarjeta_master_transacciones_delta1	8.14973103215498e-05	0.0020970915236223	0.000357756153405839
vmr_mpagospesos_lag2	8.1431152116268e-05	0.000298706890060614	0.000500858614768174
mtransferencias_recibidas_rank_delta1	8.10823955834176e-05	0.000232744305775424	0.000500858614768174
Visa_fechaalta_tend6	8.04982615306391e-05	0.000184165121546631	0.000286204922724671
vmr_mpagado_delta2	7.92556978311142e-05	0.000448464222722683	0.000357756153405839
Master_mpagado_rank_lag1	7.92202361229552e-05	0.000387283362456082	0.000286204922724671
ccajas_consultas_delta2	7.92173585313608e-05	0.000676839285465147	0.000143102461362335
Visa_Fvencimiento_delta2	7.86315126284002e-05	0.000157854181639233	0.000286204922724671
Visa_Finiciomora_lag2	7.80877131004856e-05	0.000666349664844495	0.000143102461362335
matm_rank_lag1	7.80736402592995e-05	0.000576545297663103	0.000715512306811677
ctarjeta_visa_transacciones_lag1	7.77853552519653e-05	0.000335327944974548	0.000429307384087006
vmr_mconsumosdolares_lag2	7.74900900220914e-05	0.000331489580247166	0.000357756153405839
vmr_mpagosdolares_delta2	7.70833414691622e-05	1.35030233767755e-05	7.15512306811677e-05
vmr_mpagospesos_lag1	7.60324457869043e-05	0.000325527702297471	0.000429307384087006
Master_cconsumos_delta1	7.60078906233132e-05	0.00018438091021041	0.00064396107613051
rf_020_015	7.59635594379011e-05	7.9098957896962e-05	0.000357756153405839
mprestamos_hipotecarios_rank_tend6	7.57813925611639e-05	0.00145873136714061	0.000214653692043503
ctransferencias_emitidas_tend6	7.5533228447625e-05	0.00014978597717496	0.000214653692043503
Master_mconsumospesos_rank	7.52882969843853e-05	0.000439137569325402	0.000500858614768174
vm_status01_delta1	7.49477172822987e-05	0.00016876774105067	0.000357756153405839
ctransferencias_recibidas_lag2	7.47312546788277e-05	0.000296440154273847	0.000214653692043503
rf_009_018	7.44047734794646e-05	0.000558115418069091	0.000214653692043503
vm_Fvencimiento_delta2	7.41337236802843e-05	9.54950770757196e-05	0.000143102461362335
Master_fultimo_cierre_delta1	7.36568339972487e-05	0.000179444505822209	0.00064396107613051
Visa_mpagado_rank	7.31726338490904e-05	0.000194987018516818	0.000429307384087006
active_quarter	7.19474510652099e-05	0.000355113664845396	0.000429307384087006
Visa_msaldodolares_rank	7.11126317260744e-05	0.000541765130110959	0.000429307384087006
vm_status04_tend6	7.09789610041643e-05	3.2225077002275e-05	7.15512306811677e-05
mcheques_depositados_rank_lag2	7.08205180972301e-05	0.000510855791067473	0.000286204922724671
Master_fechaalta_tend6	7.05859052575861e-05	0.000272008294412092	0.000572409845449342
vmr_Visa_mlimitecompra_delta1	6.9489607663509e-05	0.0001239639036209	7.15512306811677e-05
ctarjeta_debito_transacciones_lag1	6.94637503013168e-05	0.000165998771471216	0.000357756153405839
rf_009_023	6.82708196165098e-05	0.000446608058287352	0.000357756153405839
vmr_mconsumosdolares_tend6	6.75591507650678e-05	0.00049834195820253	0.000286204922724671
vmr_msaldodolares2_lag2	6.75110368703787e-05	0.000522775727698477	0.000214653692043503
vmr_msaldodolares2_delta1	6.74785013963767e-05	0.000961313671887363	0.000286204922724671
rf_011_024	6.67300450869339e-05	0.000349407677877527	0.000500858614768174
ccallcenter_transacciones_delta1	6.63194054540186e-05	0.0006299023866421	0.000143102461362335
mautoservicio_rank_delta1	6.6159294159192e-05	0.000224945359732325	0.000500858614768174
cmobile_app_trx_delta1	6.57574276884559e-05	5.04334390299309e-05	0.000143102461362335
Master_mpagosdolares_rank	6.52796504736642e-05	0.000115995000134648	0.000572409845449342
ctarjeta_master_transacciones_lag1	6.5120555737391e-05	0.000494748026651817	0.000143102461362335
ccajas_depositos_lag2	6.50996688770498e-05	0.000737888380972449	0.000143102461362335
vmr_mconsumosdolares_lag1	6.45502555333937e-05	0.000216248885618645	0.000429307384087006
vm_status03_lag2	6.44039240645025e-05	0.000174517649604973	0.000429307384087006
ccajeros_propios_descuentos_delta1	6.43862258521426e-05	0.000105039428770971	0.000143102461362335
vmr_mpagosdolares_lag1	6.39506166638056e-05	0.000536924207432395	0.000286204922724671
mtarjeta_visa_descuentos_rank_delta2	6.39359070888902e-05	0.000186601814776552	0.000286204922724671
vm_msaldodolares_rank_lag2	6.35945431854911e-05	0.000409106662010571	0.000286204922724671
mv_status07_rank_delta2	6.33329646052643e-05	0.00012656864465978	7.15512306811677e-05
vmr_mpagospesos_delta1	6.30309392542603e-05	0.000228098165784518	0.000357756153405839
Master_mconsumototal_rank	6.2919580587772e-05	0.000367329594776274	0.000429307384087006
minversion2_rank	6.24315679987704e-05	0.0015762387975559	0.000214653692043503
rf_002_018	6.21850398114136e-05	0.000542977747823341	0.000214653692043503
Master_delinquency_lag2	6.19743183103897e-05	0.000122648165662111	0.000214653692043503
Master_mconsumospesos_rank_delta1	6.1796467341019e-05	0.000316848414891525	0.000500858614768174
vmr_mpagospesos	6.17501919431838e-05	0.00018759482455677	0.000429307384087006
rf_010_018	6.10936312748972e-05	0.000188584015068603	0.000214653692043503
matm_rank_delta2	6.08158131191529e-05	0.000210636470726219	0.000286204922724671
rf_019_016	6.06720874675388e-05	0.000142678318709628	0.000429307384087006
ccheques_depositados_tend6	6.06018332064726e-05	0.00112018950781971	0.000214653692043503
rf_005_014	6.04084399783198e-05	0.00020852250567487	0.000286204922724671
vm_cconsumos_lag1	6.02912914068134e-05	0.000118630295320612	0.000286204922724671
cmobile_app_trx	5.93248686546757e-05	0.0010459601171142	0.000214653692043503
vmr_Visa_mlimitecompra_delta2	5.90420249541807e-05	0.000429058520056187	0.000214653692043503
Visa_madelantodolares_rank_delta2	5.87204004906754e-05	7.81804238502602e-05	0.000429307384087006
rf_010_016	5.87112836903931e-05	0.000250526819378102	0.000214653692043503
rf_009_012	5.80215999971516e-05	0.000946382242134428	0.000214653692043503
vm_msaldodolares_rank_tend6	5.76671006817656e-05	0.00054168874474325	0.000214653692043503
Visa_mpagado_rank_delta1	5.74704029595287e-05	0.000577532578540743	0.000286204922724671
vm_cconsumos_lag2	5.73984606095322e-05	0.000725219867737896	0.000286204922724671
mtarjeta_master_consumo_rank_delta2	5.69025354436879e-05	0.000214690624117379	0.000357756153405839
rf_017_013	5.63679896832713e-05	0.000164207534598437	0.000143102461362335
Master_mpagosdolares_rank_lag2	5.5878292205508e-05	9.88331176446071e-05	0.000500858614768174
Visa_delinquency_tend6	5.57381742639517e-05	0.000279287819954769	0.000286204922724671
Master_cconsumos_lag1	5.50494907834025e-05	0.000106431552097469	0.000357756153405839
mplazo_fijo_dolares_rank_lag1	5.4319948350362e-05	0.000396917466958392	0.000214653692043503
vm_status02	5.40644302494074e-05	0.000520333305565979	0.000143102461362335
Visa_madelantodolares_rank_lag2	5.35115768045233e-05	9.04135404888719e-05	0.000286204922724671
vm_msaldodolares_rank_delta2	5.3259988510595e-05	0.000150740794271324	0.000143102461362335
vm_mpagospesos_rank_delta1	5.31294614542963e-05	0.000113743541421423	0.000429307384087006
ctarjeta_master_descuentos_tend6	5.30026328728371e-05	0.00137996468559319	0.000214653692043503
rf_006_017	5.29209319287479e-05	0.00015440729192136	0.000143102461362335
vm_mpagosdolares_rank_delta2	5.22192322424917e-05	0.00104974310244999	0.000214653692043503
vmr_mpagado_lag1	5.1943747649682e-05	0.000227760160532405	0.000143102461362335
catm_trx_delta2	5.15510722431405e-05	0.0014493092320337	0.000286204922724671
mextraccion_autoservicio_rank_tend6	5.14080709496863e-05	0.000270967543777056	0.000429307384087006
Visa_msaldodolares_rank_lag1	5.10365480174788e-05	0.000536362774979733	0.000286204922724671
rf_007_027	5.06579237511657e-05	0.000529763079209667	0.000143102461362335
Master_madelantopesos_rank_lag1	5.04815602401558e-05	0.000125839164398158	0.000572409845449342
rf_003_017	5.00986162062729e-05	0.000260961060607164	0.000214653692043503
vmr_mpagado_lag2	4.98964871579082e-05	0.000296904195382679	0.000214653692043503
rf_010_007	4.94722920108746e-05	0.00146960864350239	0.000214653692043503
cextraccion_autoservicio_lag2	4.94130564102826e-05	0.000278537333717027	0.000286204922724671
Master_madelantodolares_rank_lag1	4.93683786166108e-05	0.000107991723232928	0.000572409845449342
rf_020_021	4.92030266256991e-05	0.000294809326673258	0.000357756153405839
ccajeros_propios_descuentos_tend6	4.89560420943017e-05	0.0010257409102816	0.000143102461362335
mcuenta_debitos_automaticos_rank_delta1	4.87168995760295e-05	0.000174542474849478	0.000286204922724671
Master_delinquency_delta1	4.81528689023176e-05	6.08562224538371e-05	0.000214653692043503
Master_cadelantosefectivo_lag1	4.72626200831005e-05	8.51715946298352e-05	0.000429307384087006
vmr_msaldodolares_tend6	4.72246779242688e-05	0.0011510186422271	0.000214653692043503
ctarjeta_debito_delta1	4.72191224315997e-05	0.000400354808505301	7.15512306811677e-05
ctarjeta_visa_descuentos_tend6	4.71700817680875e-05	0.00142570042450901	0.000214653692043503
internet_delta2	4.69118192025518e-05	6.13565466123317e-05	7.15512306811677e-05
vm_mpagado_rank	4.66837124656559e-05	0.000290480185958344	0.000143102461362335
mcheques_emitidos_rank_delta2	4.65302150992578e-05	0.000741241698614879	0.000214653692043503
ctransferencias_emitidas_delta2	4.64933165154027e-05	0.000938749434266096	0.000214653692043503
Master_cadelantosefectivo_delta2	4.62729100041626e-05	3.9244892294741e-05	0.000214653692043503
Visa_madelantodolares_rank_tend6	4.61057479378942e-05	8.25687632251477e-05	0.000286204922724671
Master_mpagosdolares_rank_delta2	4.58393203022142e-05	7.43153242441799e-05	0.000357756153405839
Master_msaldodolares_rank_lag1	4.58107794386524e-05	0.000108400384950171	0.000143102461362335
vmr_mpagospesos_delta2	4.56500148094075e-05	0.000251386154764829	0.000357756153405839
rf_002_020	4.48587542449928e-05	0.000273417604446325	0.000214653692043503
Master_mpagosdolares_rank_delta1	4.47314283373339e-05	6.40701368001973e-05	0.000286204922724671
vmr_mconsumosdolares_delta2	4.46642716794526e-05	0.000246377184277305	0.000214653692043503
Master_madelantopesos_rank	4.4525993674826e-05	3.10850253892168e-05	0.000143102461362335
mprestamos_prendarios_rank	4.43841058800321e-05	0.000525412932518634	7.15512306811677e-05
vm_mconsumosdolares_rank_tend6	4.42702061196764e-05	0.000131554699536991	0.000214653692043503
mextraccion_autoservicio_rank	4.40264377577101e-05	0.000281894470627842	0.000357756153405839
mtarjeta_master_descuentos_rank_delta2	4.33425918120072e-05	7.21860821192888e-05	0.000143102461362335
vm_mpagado_rank_tend6	4.31297178775909e-05	0.000282788179430038	0.000143102461362335
rf_012_022	4.30217557100336e-05	0.000269216409222325	0.000214653692043503
Visa_madelantodolares_rank_lag1	4.29977198037975e-05	0.000117467328097241	0.000286204922724671
Visa_fechaalta_delta1	4.28704094969605e-05	0.000173484537506707	0.000143102461362335
vm_mconsumototal_rank_delta1	4.27529284279378e-05	0.00028748015064157	0.000286204922724671
cseguro_vida_delta2	4.25155300015462e-05	0.00134297507128006	0.000214653692043503
ctarjeta_visa_debitos_automaticos_delta2	4.24580856953215e-05	0.000122621430783412	7.15512306811677e-05
Visa_madelantodolares_rank_delta1	4.24302634296161e-05	6.74158159058557e-05	0.000214653692043503
matm_rank_tend6	4.21694605702551e-05	9.64537134404687e-05	0.000214653692043503
cliente_vip	4.20957370064225e-05	0.000180259919622504	7.15512306811677e-05
Visa_madelantopesos_rank_delta1	4.17352482555069e-05	0.000100620535249	0.000286204922724671
rf_018_017	4.15015591445258e-05	0.000105062344381284	0.000143102461362335
mv_status07_rank_tend6	4.14572816119402e-05	0.000214830027413448	0.000143102461362335
ctarjeta_visa_descuentos_delta2	4.12490684030557e-05	0.000272481883691889	0.000214653692043503
Visa_madelantopesos_rank_lag1	4.08797279858252e-05	8.82098226304645e-05	0.000286204922724671
vmr_mpagado_tend6	4.06988326960766e-05	0.000287995751873606	0.000214653692043503
cpayroll_trx_tend6	4.04208378910263e-05	0.000440653818874428	0.000214653692043503
vm_fechaalta_delta1	4.04161208425274e-05	5.09356728226182e-05	0.000143102461362335
mtarjeta_master_descuentos_rank_lag2	4.03233293941791e-05	0.000102744048471313	0.000214653692043503
vm_mconsumosdolares_rank	3.98769717996051e-05	0.000111520727221088	0.000143102461362335
mttarjeta_master_debitos_automaticos_rank_delta1	3.95870301251815e-05	0.00122368786179715	0.000214653692043503
Master_mpagado_rank_delta1	3.82974714699144e-05	8.94167114402682e-05	0.000214653692043503
ccheques_depositados_lag1	3.81301418548194e-05	0.000498030687829116	7.15512306811677e-05
vmr_Master_mlimitecompra_delta2	3.78077927131374e-05	5.9532845958277e-05	0.000143102461362335
ctarjeta_visa_descuentos_lag1	3.73266358453021e-05	6.00809109715898e-05	7.15512306811677e-05
mttarjeta_master_debitos_automaticos_rank_tend6	3.71354168116881e-05	0.000187233903694344	7.15512306811677e-05
Master_fechaalta_delta1	3.70063428519401e-05	0.000111560829539135	0.000429307384087006
matm_other_rank_delta2	3.69818125596592e-05	0.000133676303125111	0.000214653692043503
matm_other_rank_lag2	3.68641270598669e-05	0.000287256723441021	0.000500858614768174
Visa_madelantopesos_rank_tend6	3.68446643145496e-05	7.8552802517842e-05	0.000429307384087006
rf_007_024	3.65863600468169e-05	0.000613913019546393	0.000214653692043503
vm_mconsumosdolares_rank_delta2	3.6119472650712e-05	0.000264873901068063	0.000357756153405839
Visa_delinquency_delta1	3.55878460040772e-05	3.72531438317263e-05	7.15512306811677e-05
rf_016_018	3.53633605779557e-05	0.000359034143843066	0.000143102461362335
mttarjeta_master_debitos_automaticos_rank_lag1	3.53228822855179e-05	0.000763183395489317	0.000214653692043503
Visa_madelantodolares_rank	3.51930204042614e-05	0.000178749398976056	0.000357756153405839
mtarjeta_master_consumo_rank	3.44614583448249e-05	0.000303320566270244	0.000143102461362335
mforex_sell_rank	3.44170899274513e-05	0.000928156693399037	0.000143102461362335
Visa_fultimo_cierre_delta2	3.42536054749234e-05	5.02634815867781e-05	0.000214653692043503
cforex_buy	3.41389504747808e-05	0.000525412932518634	7.15512306811677e-05
rf_006_014	3.41028727341686e-05	0.000170618176583423	0.000286204922724671
Master_madelantopesos_rank_delta1	3.40464865111848e-05	0.000115000080720237	0.000357756153405839
vmr_msaldopesos_delta1	3.4037784025229e-05	0.000103886009718564	0.000214653692043503
rf_014_016	3.38797560201522e-05	8.54446723193952e-05	0.000286204922724671
Visa_mpagado_rank_lag2	3.37608806376757e-05	9.78515656695452e-05	0.000286204922724671
vm_mpagado_rank_delta1	3.36355831568764e-05	0.0003793488323853	0.000143102461362335
rf_020_027	3.35830235879846e-05	8.833967775557e-05	0.000143102461362335
rf_004_020	3.28870394028269e-05	3.95771686442756e-05	7.15512306811677e-05
ccomisiones_mantenimiento	3.28033383533701e-05	0.000525412932518634	7.15512306811677e-05
vm_status01_lag2	3.28018854768311e-05	0.000105919770133818	0.000143102461362335
Master_msaldodolares_rank_tend6	3.27881145113625e-05	9.05968653713738e-05	0.000286204922724671
rf_012_020	3.2658644650758e-05	0.00012707278808666	0.000143102461362335
Visa_mpagosdolares_rank_delta2	3.24306880017689e-05	8.21944749233732e-05	0.000357756153405839
mtarjeta_visa_descuentos_rank_delta1	3.22338606727042e-05	9.55428179305378e-05	0.000143102461362335
Master_msaldodolares_rank	3.16156610653174e-05	6.272766396271e-05	0.000143102461362335
Visa_madelantopesos_rank_delta2	3.15456823387667e-05	4.89401050912181e-05	0.000286204922724671
vmr_mconsumosdolares	3.15059260043623e-05	0.000101191515872625	0.000143102461362335
cseguro_accidentes_personales	3.13605842676112e-05	0.000266649860867299	0.000214653692043503
mcheques_emitidos_rechazados_rank_lag1	3.11192534740585e-05	0.00104025222051214	0.000143102461362335
mtarjeta_visa_descuentos_rank_lag2	3.10669415982155e-05	0.000602006450354738	0.000214653692043503
matm_rank	3.09625109767036e-05	0.000176024350983034	0.000214653692043503
vm_status03_delta1	3.07686020413829e-05	0.000114992442183466	7.15512306811677e-05
Master_Finiciomora_tend6	3.05343829824836e-05	0.000380068764475958	7.15512306811677e-05
tcuentas_lag1	3.0396769332856e-05	0.00096128311774028	0.000143102461362335
mtarjeta_visa_descuentos_rank	2.99029385173442e-05	4.53862758585523e-05	7.15512306811677e-05
cseguro_vivienda_lag1	2.98290914270041e-05	7.55565864694527e-05	7.15512306811677e-05
cextraccion_autoservicio_delta1	2.98216107129124e-05	0.000129207759114129	7.15512306811677e-05
mcajeros_propios_descuentos_rank_delta2	2.96726582259433e-05	0.000121943510644994	0.000143102461362335
ccajas_depositos_tend6	2.93261407710498e-05	0.000886818842029067	0.000143102461362335
mtarjeta_master_consumo_rank_tend6	2.92280639242613e-05	0.000511888903165739	0.000143102461362335
minversion1_pesos_rank_lag2	2.91588506780368e-05	0.000115996909768841	7.15512306811677e-05
rf_010_014	2.90919620342748e-05	0.000106194757457571	7.15512306811677e-05
Master_madelantodolares_rank_delta2	2.90234366642883e-05	0.000116443764169939	0.000214653692043503
mcaja_ahorro_adicional_rank_tend6	2.88949596559883e-05	0.000912799415221124	0.000143102461362335
ccomisiones_mantenimiento_lag2	2.82602151770008e-05	1.48741407271538e-05	7.15512306811677e-05
Master_mpagado_rank	2.80110609313006e-05	7.31504473866162e-05	0.000143102461362335
mtarjeta_master_descuentos_rank_delta1	2.74527038364785e-05	8.59831891617443e-05	0.000143102461362335
rf_012_019	2.7313131683675e-05	9.98624104744871e-05	0.000143102461362335
rf_009_022	2.72111768725914e-05	0.000310556170226488	0.000143102461362335
vm_status06	2.69781309954966e-05	7.91600661911293e-05	0.000143102461362335
mtarjeta_master_consumo_rank_delta1	2.68723583832873e-05	0.00094455663184618	0.000143102461362335
rf_004_016	2.6679691593404e-05	8.00766906036385e-05	0.000143102461362335
minversion2_rank_lag1	2.62376651069972e-05	0.00102759707471693	0.000143102461362335
cprestamos_hipotecarios_lag1	2.57421138808525e-05	0.000895354906870559	0.000143102461362335
ctarjeta_master_transacciones_delta2	2.53883813258602e-05	7.03184598788014e-05	7.15512306811677e-05
ctarjeta_visa_debitos_automaticos_lag2	2.52376759465469e-05	0.000213327145303772	0.000214653692043503
Master_status_lag1	2.50947671379649e-05	6.8996993017434e-05	7.15512306811677e-05
vm_status05_delta1	2.48465441413238e-05	6.21471351681208e-05	7.15512306811677e-05
ctarjeta_debito_transacciones	2.46618376107952e-05	0.000544698328230988	0.000143102461362335
rf_015_017	2.44857366536169e-05	0.000563813766500189	0.000143102461362335
mcheques_emitidos_rank_tend6	2.43852225584317e-05	0.00103586961003983	0.000143102461362335
vm_Fvencimiento_delta1	2.38064432677475e-05	0.000165536639996575	7.15512306811677e-05
ctransferencias_recibidas_delta1	2.37246303177577e-05	0.000427265373549216	0.000143102461362335
catm_trx_tend6	2.35873085235053e-05	0.000265521267059397	7.15512306811677e-05
mv_status07_rank_delta1	2.34658762063268e-05	0.000456828420486829	0.000143102461362335
rf_011_025	2.33683717096903e-05	3.37585132590351e-05	0.000143102461362335
rf_001_006	2.33679894495525e-05	0.000430485016798155	7.15512306811677e-05
cproductos_lag2	2.33507238999857e-05	6.07301865971171e-05	7.15512306811677e-05
Visa_msaldodolares_rank_delta2	2.32202927087373e-05	3.69552408976608e-05	0.000143102461362335
matm_rank_delta1	2.31457236603637e-05	1.54031093985393e-05	7.15512306811677e-05
mtarjeta_master_consumo_rank_lag1	2.29209825404985e-05	2.39601802161508e-05	0.000143102461362335
rf_011_019	2.27919277420333e-05	8.75280832236608e-05	0.000143102461362335
rf_017_014	2.25222514552111e-05	0.000661520199971087	0.000143102461362335
mcheques_depositados_rank_lag1	2.18222081762161e-05	0.000373694405540634	7.15512306811677e-05
ccheques_depositados_delta2	2.17968935626164e-05	0.000436469810358162	7.15512306811677e-05
mttarjeta_master_debitos_automaticos_rank_delta2	2.14350479402194e-05	2.94351014467003e-05	7.15512306811677e-05
vm_mpagospesos_rank_lag1	2.12271752292727e-05	2.05018326931215e-05	7.15512306811677e-05
cseguro_vivienda_lag2	2.08882914565294e-05	0.000246361907203763	7.15512306811677e-05
rf_004_015	2.05318080366187e-05	0.000118863270692125	7.15512306811677e-05
cproductos_lag1	2.04212383716959e-05	0.000133531170926464	7.15512306811677e-05
rf_018_015	2.0413658452378e-05	0.000132776865420337	0.000143102461362335
ccallcenter_transacciones_lag2	2.03944491204107e-05	0.000163000645788634	7.15512306811677e-05
Visa_status_lag2	2.03919670696538e-05	1.19772256567863e-05	7.15512306811677e-05
rf_005_021	2.03762209601326e-05	1.50154536574156e-05	7.15512306811677e-05
Master_madelantodolares_rank	2.03416324179729e-05	0.000109563352173542	0.000286204922724671
cforex_sell_delta2	2.02066094648258e-05	0.000378187774796122	7.15512306811677e-05
rf_009_021	2.013457943021e-05	7.26692195700488e-05	0.000143102461362335
vmr_msaldodolares2_lag1	2.01311955719449e-05	0.000141565001975268	7.15512306811677e-05
Visa_msaldodolares_rank_tend6	1.95665960682664e-05	0.000280389678883973	0.000214653692043503
vm_status02_lag1	1.91960525476552e-05	5.72126404141132e-05	7.15512306811677e-05
vm_status02_lag2	1.91386914458138e-05	1.35125715477392e-05	7.15512306811677e-05
vm_mconsumosdolares_rank_delta1	1.9013626297254e-05	0.00018553623889701	7.15512306811677e-05
Visa_mpagosdolares_rank_delta1	1.86178376867058e-05	0.000266382512080317	0.000214653692043503
ccajas_depositos_lag1	1.81765172374937e-05	0.000200832408780756	7.15512306811677e-05
ctarjeta_visa_lag2	1.80788698533298e-05	0.00046242364867152	7.15512306811677e-05
Master_cadelantosefectivo_delta1	1.80285467222559e-05	7.35762958115944e-05	0.000286204922724671
Master_mpagado_rank_tend6	1.79169349224322e-05	6.79963447004449e-05	0.000143102461362335
ctarjeta_visa_descuentos_delta1	1.7916157921499e-05	5.78122655506296e-05	0.000143102461362335
ccajas_extracciones_delta2	1.76407744540167e-05	5.45047791288257e-05	7.15512306811677e-05
Visa_cadelantosefectivo_delta2	1.73823672408608e-05	5.6639750156295e-05	0.000143102461362335
vmr_msaldodolares_delta2	1.72117432122127e-05	0.000192324988452156	0.000143102461362335
ccheques_depositados_lag2	1.6977649599922e-05	0.000486309353154155	7.15512306811677e-05
ctransferencias_recibidas_lag1	1.67869963561144e-05	0.000337552668809075	7.15512306811677e-05
matm_other_rank_lag1	1.67091777665516e-05	5.063586025436e-05	0.000143102461362335
ctransferencias_emitidas_lag1	1.67061152952175e-05	3.5230841221628e-05	7.15512306811677e-05
ctarjeta_debito	1.66262378071899e-05	0.000525412932518634	7.15512306811677e-05
rf_012_026	1.6559690941433e-05	0.00026541814681299	7.15512306811677e-05
rf_019_018	1.6530031778958e-05	0.000283855664943773	7.15512306811677e-05
Master_mpagado_rank_delta2	1.62538687504076e-05	0.000321127905117427	7.15512306811677e-05
rf_015_027	1.61764886739462e-05	0.000103908925328877	7.15512306811677e-05
cseguro_accidentes_personales_lag2	1.60270087991937e-05	6.53553206119029e-05	7.15512306811677e-05
mcajeros_propios_descuentos_rank	1.59836938773193e-05	7.81288637270565e-05	7.15512306811677e-05
rf_008_015	1.5803287573331e-05	6.70720817511648e-05	7.15512306811677e-05
mcheques_depositados_rank_delta2	1.55368645778955e-05	2.00664360971796e-05	7.15512306811677e-05
ccajeros_propios_descuentos_lag1	1.54180896807126e-05	5.18255623564292e-05	7.15512306811677e-05
rf_019_017	1.53709652781509e-05	0.000142695505417363	7.15512306811677e-05
ctarjeta_master_lag2	1.53430034850951e-05	7.82300743392711e-05	7.15512306811677e-05
cforex_sell_tend6	1.53398157971644e-05	0.000537120899754246	0.000143102461362335
ccheques_emitidos_delta2	1.52518806046487e-05	0.000504112872732952	7.15512306811677e-05
vmr_msaldodolares2_tend6	1.51998305025961e-05	0.00026170008903975	7.15512306811677e-05
ccaja_seguridad_tend6	1.51537736762755e-05	0.000525412932518634	7.15512306811677e-05
vm_status03_lag1	1.49500698249485e-05	3.55000996428025e-05	0.000143102461362335
vm_cconsumos_delta1	1.48458534547237e-05	0.00015921002191607	7.15512306811677e-05
vm_status02_delta2	1.46507839782644e-05	5.41858702186402e-05	0.000214653692043503
mcheques_emitidos_rank_delta1	1.44796044003494e-05	0.000512452245252593	7.15512306811677e-05
rf_003_016	1.4084548708412e-05	0.000244022605317672	7.15512306811677e-05
rf_002_021	1.34501780091157e-05	0.000170093027180423	7.15512306811677e-05
vmr_mconsumosdolares_delta1	1.32821819589121e-05	0.000401544510607371	7.15512306811677e-05
catm_trx_lag2	1.32696180970351e-05	0.000155904445128458	7.15512306811677e-05
mforex_buy_rank_delta2	1.32199489204121e-05	0.000525412932518634	7.15512306811677e-05
Visa_cadelantosefectivo_lag2	1.29785306797526e-05	3.25840882305078e-05	0.000214653692043503
matm_other_rank	1.29031976336308e-05	0.000491167462540453	0.000143102461362335
Visa_msaldodolares_rank_lag2	1.2847497939314e-05	0.000479776494580834	7.15512306811677e-05
ctarjeta_master_delta2	1.28089551088383e-05	0.000266781625626597	7.15512306811677e-05
rf_018_026	1.27261667474629e-05	0.000210921006220935	7.15512306811677e-05
mforex_sell_rank_lag2	1.24608919725168e-05	3.53014976867589e-05	7.15512306811677e-05
rf_017_017	1.24474141424909e-05	0.000129129464112227	7.15512306811677e-05
rf_017_019	1.23170034323215e-05	5.03455958570654e-05	7.15512306811677e-05
vm_cconsumos	1.21879534338358e-05	0.00053707506853362	0.000143102461362335
vmr_mpagado_delta1	1.21155092974047e-05	0.000296478346957701	7.15512306811677e-05
mforex_sell_rank_lag1	1.21091588828584e-05	0.000256712124528346	7.15512306811677e-05
matm_other_rank_delta1	1.19944046774896e-05	0.000443298662231355	7.15512306811677e-05
cinversion1_lag1	1.19440967472165e-05	0.000525412932518634	7.15512306811677e-05
ctarjeta_debito_lag1	1.18814822486207e-05	0.000525412932518634	7.15512306811677e-05
mforex_buy_rank_tend6	1.18715361246487e-05	0.00051515246800111	7.15512306811677e-05
mcheques_emitidos_rechazados_rank_tend6	1.17323211106596e-05	0.000511142236196382	7.15512306811677e-05
mtarjeta_visa_descuentos_rank_lag1	1.17016545351131e-05	6.17021904012153e-05	7.15512306811677e-05
cforex_buy_delta2	1.14666610354155e-05	0.000525412932518634	7.15512306811677e-05
ctarjeta_master_descuentos_delta1	1.1460077648596e-05	6.29205370161754e-05	7.15512306811677e-05
rf_013_018	1.1277854928917e-05	2.59710250210928e-05	7.15512306811677e-05
rf_001_021	1.10189779510133e-05	6.70797202879357e-05	0.000214653692043503
mtarjeta_master_descuentos_rank_tend6	1.08360281330301e-05	0.000525412932518634	7.15512306811677e-05
mv_status07_rank_lag2	1.04209317053263e-05	1.05182651335426e-05	7.15512306811677e-05
vm_mpagado_rank_lag2	1.04137185253286e-05	1.1243926126779e-05	7.15512306811677e-05
vmr_mpagado	1.01957780840035e-05	0.000153996720569924	7.15512306811677e-05
active_quarter_delta1	1.00846624703195e-05	0.000421735072927078	7.15512306811677e-05
cplazo_fijo_lag2	9.98636097169615e-06	0.000395126230085614	7.15512306811677e-05
ccomisiones_mantenimiento_lag1	9.49991294511725e-06	1.32986925181537e-05	7.15512306811677e-05
mttarjeta_master_debitos_automaticos_rank	9.43669105452348e-06	2.68723723600601e-05	7.15512306811677e-05
ccajeros_propios_descuentos_delta2	9.31993946393043e-06	5.32004989751929e-05	0.000143102461362335
rf_009_008	8.76459996807856e-06	0.000146342906725472	7.15512306811677e-05
Visa_fechaalta_delta2	8.57635837131897e-06	0.000148170426647912	7.15512306811677e-05
rf_007_028	8.29634361985585e-06	0.000312332130025724	7.15512306811677e-05
mforex_buy_rank_lag2	8.29622777375296e-06	0.000452510737577072	7.15512306811677e-05
rf_015_022	8.2603609242507e-06	1.31936626375537e-05	7.15512306811677e-05
vm_mconsumosdolares_rank_lag1	7.98354150112074e-06	2.08856691658597e-05	0.000143102461362335
rf_019_015	7.92384335616149e-06	5.2772740916022e-05	7.15512306811677e-05
vmr_msaldodolares_lag2	7.91879605026426e-06	3.34892548378606e-05	7.15512306811677e-05
cseguro_accidentes_personales_lag1	7.3447523690568e-06	0.000491396618643581	7.15512306811677e-05
vm_mpagado_rank_lag1	6.05614432386878e-06	1.37092638695901e-05	7.15512306811677e-05
vm_msaldodolares_rank_lag1	5.81912255732002e-06	1.77576883581722e-05	7.15512306811677e-05
catm_trx_other_delta2	5.09679010410859e-06	1.05908312328662e-05	7.15512306811677e-05
vm_status05_lag1	4.57888826051048e-06	1.1643039673059e-05	7.15512306811677e-05
catm_trx_other_delta1	2.33947860612254e-06	1.1495997840219e-05	7.15512306811677e-05
Visa_status_lag1	1.91509752929394e-06	1.05602770857826e-05	7.15512306811677e-05
mextraccion_autoservicio_rank_delta1	7.56505213467347e-07	1.52675253708556e-05	7.15512306811677e-05
